E =  710.000 MeV, Wght = 1.00, Syst = 0.05
     5.0   -0.0920    0.2420
    15.0    0.0220    0.1280
    25.0    0.0070    0.1050
    35.0    0.0560    0.0820
    45.0   -0.0840    0.0740
    55.0    0.0020    0.0680
    65.0    0.0630    0.0620
    75.0    0.0190    0.0590
    85.0   -0.0260    0.0610
    95.0   -0.1060    0.0580
   105.0    0.0270    0.0610
   115.0    0.0930    0.0610
   125.0    0.0390    0.0630
   135.0   -0.0830    0.0760
   145.0   -0.0150    0.0790
   155.0   -0.1000    0.0940
   165.0   -0.0260    0.1160
   175.0   -0.2260    0.2480
------------------------------------------
E =  720.000 MeV, Wght = 1.00, Syst = 0.05
     5.0   -0.1260    0.2210
    15.0    0.0410    0.1080
    25.0   -0.0850    0.0910
    35.0    0.0350    0.0700
    45.0    0.0260    0.0630
    55.0   -0.0320    0.0600
    65.0    0.0540    0.0560
    75.0   -0.0060    0.0540
    85.0   -0.0040    0.0530
    95.0   -0.0420    0.0540
   105.0    0.0550    0.0530
   115.0   -0.0770    0.0550
   125.0   -0.0190    0.0570
   135.0    0.0150    0.0620
   145.0   -0.1010    0.0690
   155.0   -0.0720    0.0860
   165.0    0.0990    0.1170
   175.0    0.2450    0.1830
------------------------------------------
E =  730.000 MeV, Wght = 1.00, Syst = 0.05
     5.0   -0.1900    0.1820
    15.0    0.1020    0.0900
    25.0    0.0820    0.0740
    35.0   -0.0040    0.0650
    45.0   -0.0010    0.0570
    55.0    0.0580    0.0490
    65.0   -0.0230    0.0470
    75.0    0.0410    0.0470
    85.0   -0.0430    0.0460
    95.0   -0.0070    0.0460
   105.0    0.0940    0.0450
   115.0   -0.0540    0.0480
   125.0   -0.0160    0.0510
   135.0   -0.0040    0.0530
   145.0   -0.0010    0.0600
   155.0   -0.0500    0.0700
   165.0    0.0110    0.0920
   175.0   -0.0340    0.1650
------------------------------------------
E =  740.000 MeV, Wght = 1.00, Syst = 0.05
     5.0   -0.0720    0.1800
    15.0    0.0030    0.0880
    25.0    0.0290    0.0690
    35.0    0.0360    0.0610
    45.0   -0.0580    0.0520
    55.0    0.0530    0.0470
    65.0   -0.0030    0.0450
    75.0    0.0830    0.0420
    85.0   -0.0650    0.0420
    95.0    0.0430    0.0410
   105.0   -0.0570    0.0430
   115.0    0.0640    0.0430
   125.0    0.0810    0.0470
   135.0   -0.0040    0.0510
   145.0   -0.0040    0.0560
   155.0   -0.0940    0.0680
   165.0    0.1620    0.0860
   175.0   -0.1020    0.1420
------------------------------------------
E =  750.000 MeV, Wght = 1.00, Syst = 0.05
     5.0    0.0130    0.1420
    15.0   -0.1440    0.0820
    25.0   -0.1690    0.0660
    35.0   -0.0280    0.0560
    45.0    0.0530    0.0490
    55.0    0.0950    0.0450
    65.0    0.0200    0.0420
    75.0    0.0500    0.0410
    85.0    0.0550    0.0400
    95.0    0.0030    0.0400
   105.0   -0.0170    0.0400
   115.0    0.0340    0.0420
   125.0   -0.0810    0.0440
   135.0    0.0780    0.0490
   145.0    0.0700    0.0530
   155.0    0.0290    0.0610
   165.0    0.1140    0.0810
   175.0   -0.0650    0.1540
------------------------------------------
E =  760.000 MeV, Wght = 1.00, Syst = 0.05
     5.0   -0.2380    0.1530
    15.0    0.1210    0.0840
    25.0   -0.0980    0.0640
    35.0   -0.0170    0.0540
    45.0    0.0500    0.0490
    55.0    0.0170    0.0420
    65.0    0.0110    0.0400
    75.0    0.0060    0.0390
    85.0   -0.0630    0.0390
    95.0    0.0170    0.0400
   105.0    0.0100    0.0390
   115.0    0.0140    0.0410
   125.0   -0.0150    0.0430
   135.0   -0.0090    0.0460
   145.0   -0.0200    0.0530
   155.0   -0.0460    0.0630
   165.0   -0.0190    0.0790
   175.0    0.0030    0.1440
------------------------------------------
E =  770.000 MeV, Wght = 1.00, Syst = 0.05
     5.0    0.0770    0.1390
    15.0    0.0420    0.0840
    25.0    0.0530    0.0640
    35.0   -0.0690    0.0540
    45.0    0.0180    0.0480
    55.0    0.0120    0.0440
    65.0    0.0140    0.0410
    75.0    0.0190    0.0390
    85.0   -0.0010    0.0380
    95.0    0.0030    0.0380
   105.0    0.0450    0.0380
   115.0   -0.0060    0.0400
   125.0    0.0870    0.0430
   135.0   -0.0180    0.0460
   145.0   -0.1210    0.0520
   155.0    0.0970    0.0620
   165.0   -0.0220    0.0780
   175.0    0.0130    0.1500
------------------------------------------
E =  780.000 MeV, Wght = 1.00, Syst = 0.05
     5.0    0.1260    0.1500
    15.0   -0.0690    0.0880
    25.0   -0.0870    0.0660
    35.0   -0.1680    0.0560
    45.0   -0.0290    0.0490
    55.0   -0.0040    0.0450
    65.0   -0.0510    0.0430
    75.0   -0.0610    0.0410
    85.0   -0.0120    0.0400
    95.0   -0.0770    0.0410
   105.0   -0.0690    0.0410
   115.0   -0.0180    0.0420
   125.0   -0.0170    0.0450
   135.0    0.0080    0.0490
   145.0    0.0560    0.0540
   155.0    0.0710    0.0650
   165.0   -0.1270    0.0890
   175.0    0.0380    0.1550
------------------------------------------
E =  790.000 MeV, Wght = 1.00, Syst = 0.05
     5.0    0.1230    0.1710
    15.0    0.0200    0.0820
    25.0    0.0390    0.0650
    35.0    0.0140    0.0570
    45.0   -0.0220    0.0500
    55.0   -0.0520    0.0470
    65.0   -0.0110    0.0440
    75.0   -0.0090    0.0420
    85.0   -0.0480    0.0420
    95.0    0.0310    0.0400
   105.0   -0.1170    0.0410
   115.0    0.0380    0.0430
   125.0   -0.0250    0.0440
   135.0   -0.0080    0.0490
   145.0    0.0260    0.0550
   155.0   -0.0380    0.0660
   165.0   -0.1040    0.0820
   175.0   -0.0950    0.1570
------------------------------------------
E =  800.000 MeV, Wght = 1.00, Syst = 0.05
     5.0    0.1880    0.1620
    15.0   -0.0580    0.0870
    25.0    0.0650    0.0650
    35.0   -0.0400    0.0560
    45.0    0.0330    0.0520
    55.0   -0.0190    0.0470
    65.0    0.0390    0.0440
    75.0   -0.0070    0.0420
    85.0   -0.0050    0.0410
    95.0   -0.0530    0.0410
   105.0   -0.0550    0.0420
   115.0    0.0860    0.0440
   125.0    0.0420    0.0450
   135.0   -0.0240    0.0510
   145.0   -0.0500    0.0570
   155.0    0.1450    0.0700
   165.0   -0.2330    0.0940
   175.0   -0.2170    0.1640
------------------------------------------
E =  810.000 MeV, Wght = 1.00, Syst = 0.05
     5.0    0.1100    0.1690
    15.0   -0.0010    0.0830
    25.0   -0.0630    0.0680
    35.0   -0.0050    0.0570
    45.0   -0.0820    0.0530
    55.0   -0.0530    0.0490
    65.0   -0.0310    0.0460
    75.0    0.0100    0.0440
    85.0   -0.0490    0.0420
    95.0   -0.0000    0.0430
   105.0    0.0500    0.0440
   115.0   -0.0520    0.0450
   125.0   -0.0490    0.0470
   135.0    0.0620    0.0500
   145.0    0.0270    0.0570
   155.0   -0.0860    0.0660
   165.0   -0.1070    0.0910
   175.0    0.1730    0.1470
------------------------------------------
E =  820.000 MeV, Wght = 1.00, Syst = 0.05
     5.0   -0.1410    0.1730
    15.0    0.0770    0.0870
    25.0   -0.0210    0.0690
    35.0    0.0070    0.0600
    45.0   -0.0270    0.0540
    55.0    0.0940    0.0480
    65.0   -0.0320    0.0460
    75.0    0.0810    0.0450
    85.0   -0.0060    0.0430
    95.0   -0.0260    0.0440
   105.0   -0.0550    0.0440
   115.0    0.0330    0.0460
   125.0    0.0750    0.0500
   135.0    0.0190    0.0530
   145.0   -0.0020    0.0580
   155.0   -0.0540    0.0710
   165.0   -0.0250    0.0880
   175.0    0.0120    0.1660
------------------------------------------
E =  830.000 MeV, Wght = 1.00, Syst = 0.05
     5.0    0.2520    0.1570
    15.0   -0.0860    0.0870
    25.0    0.0720    0.0730
    35.0    0.0560    0.0610
    45.0    0.0250    0.0540
    55.0   -0.0140    0.0490
    65.0    0.0220    0.0470
    75.0   -0.0260    0.0470
    85.0   -0.1080    0.0460
    95.0    0.0090    0.0450
   105.0   -0.0120    0.0460
   115.0    0.0650    0.0460
   125.0   -0.0050    0.0490
   135.0    0.0640    0.0520
   145.0    0.0420    0.0600
   155.0   -0.0350    0.0710
   165.0    0.0860    0.0890
   175.0    0.0050    0.1770
------------------------------------------
E =  840.000 MeV, Wght = 1.00, Syst = 0.05
     5.0   -0.0460    0.1470
    15.0    0.0460    0.0770
    25.0    0.0150    0.0620
    35.0    0.0080    0.0540
    45.0   -0.0040    0.0470
    55.0   -0.0840    0.0440
    65.0   -0.0010    0.0420
    75.0    0.1040    0.0410
    85.0    0.0380    0.0400
    95.0    0.0150    0.0400
   105.0   -0.0300    0.0400
   115.0   -0.0320    0.0410
   125.0    0.0330    0.0430
   135.0   -0.0110    0.0480
   145.0    0.0250    0.0530
   155.0   -0.0020    0.0620
   165.0   -0.0590    0.0800
   175.0   -0.0080    0.1490
------------------------------------------
E =  850.000 MeV, Wght = 1.00, Syst = 0.05
     5.0   -0.0010    0.1510
    15.0   -0.0040    0.0780
    25.0   -0.0280    0.0620
    35.0    0.0100    0.0550
    45.0   -0.0590    0.0490
    55.0    0.0280    0.0450
    65.0    0.0320    0.0430
    75.0   -0.0120    0.0430
    85.0    0.1000    0.0410
    95.0    0.0300    0.0410
   105.0    0.0860    0.0420
   115.0    0.0880    0.0410
   125.0    0.0390    0.0460
   135.0    0.0310    0.0490
   145.0    0.0580    0.0530
   155.0    0.1740    0.0640
   165.0   -0.0250    0.0810
   175.0    0.0160    0.1490
------------------------------------------
E =  860.000 MeV, Wght = 1.00, Syst = 0.05
     5.0   -0.0130    0.1400
    15.0   -0.0340    0.0830
    25.0    0.0700    0.0660
    35.0    0.0420    0.0560
    45.0   -0.0430    0.0520
    55.0    0.0390    0.0480
    65.0    0.0700    0.0450
    75.0    0.0230    0.0440
    85.0    0.0790    0.0420
    95.0    0.0480    0.0430
   105.0    0.0520    0.0430
   115.0    0.1160    0.0450
   125.0    0.0140    0.0460
   135.0    0.0380    0.0490
   145.0    0.0490    0.0540
   155.0    0.0190    0.0630
   165.0    0.0290    0.0850
   175.0   -0.0550    0.1580
------------------------------------------
E =  870.000 MeV, Wght = 1.00, Syst = 0.05
     5.0    0.0500    0.1620
    15.0   -0.0510    0.0810
    25.0    0.0730    0.0660
    35.0    0.0860    0.0590
    45.0    0.0330    0.0540
    55.0    0.0390    0.0500
    65.0    0.1080    0.0480
    75.0    0.0810    0.0450
    85.0    0.0820    0.0450
    95.0    0.1180    0.0440
   105.0    0.1320    0.0430
   115.0    0.1930    0.0460
   125.0    0.1100    0.0470
   135.0    0.1980    0.0510
   145.0    0.0730    0.0570
   155.0    0.1280    0.0680
   165.0   -0.1100    0.0930
   175.0   -0.0630    0.1490
------------------------------------------
E =  880.000 MeV, Wght = 1.00, Syst = 0.05
     5.0    0.1850    0.1630
    15.0    0.0340    0.0970
    25.0    0.0360    0.0710
    35.0    0.0580    0.0580
    45.0    0.0020    0.0550
    55.0    0.1120    0.0510
    65.0    0.0530    0.0480
    75.0    0.0820    0.0450
    85.0    0.0630    0.0450
    95.0    0.1210    0.0460
   105.0    0.1400    0.0440
   115.0    0.1790    0.0470
   125.0    0.1100    0.0480
   135.0    0.2060    0.0510
   145.0    0.0930    0.0570
   155.0    0.0190    0.0660
   165.0   -0.0400    0.0880
   175.0    0.1380    0.1590
------------------------------------------
E =  890.000 MeV, Wght = 1.00, Syst = 0.05
     5.0    0.0860    0.1760
    15.0    0.0130    0.0910
    25.0   -0.0130    0.0740
    35.0    0.0800    0.0650
    45.0    0.0770    0.0560
    55.0    0.1340    0.0540
    65.0    0.0450    0.0520
    75.0    0.0800    0.0500
    85.0    0.1260    0.0480
    95.0    0.2070    0.0460
   105.0    0.1740    0.0470
   115.0    0.1780    0.0470
   125.0    0.1030    0.0500
   135.0    0.1400    0.0560
   145.0    0.0760    0.0560
   155.0    0.0440    0.0700
   165.0    0.0140    0.0920
   175.0    0.2090    0.1810
------------------------------------------
E =  900.000 MeV, Wght = 1.00, Syst = 0.05
     5.0   -0.0170    0.1350
    15.0    0.0330    0.0780
    25.0    0.1300    0.0600
    35.0    0.0600    0.0530
    45.0    0.1540    0.0500
    55.0    0.1220    0.0460
    65.0    0.1820    0.0430
    75.0    0.1210    0.0410
    85.0    0.2110    0.0400
    95.0    0.2540    0.0400
   105.0    0.2050    0.0410
   115.0    0.2180    0.0410
   125.0    0.0820    0.0410
   135.0    0.0960    0.0440
   145.0    0.0970    0.0490
   155.0    0.0100    0.0580
   165.0    0.0740    0.0760
   175.0   -0.0670    0.1330
------------------------------------------
E =  910.000 MeV, Wght = 1.00, Syst = 0.05
     5.0    0.0650    0.1400
    15.0   -0.1370    0.0820
    25.0    0.0280    0.0670
    35.0    0.0600    0.0580
    45.0    0.1390    0.0520
    55.0    0.1700    0.0460
    65.0    0.2740    0.0460
    75.0    0.1400    0.0430
    85.0    0.1820    0.0420
    95.0    0.1600    0.0410
   105.0    0.1570    0.0410
   115.0    0.1910    0.0420
   125.0    0.2080    0.0420
   135.0    0.1780    0.0470
   145.0    0.0930    0.0520
   155.0    0.0740    0.0590
   165.0   -0.0080    0.0830
   175.0    0.0450    0.1230
------------------------------------------
E =  920.000 MeV, Wght = 1.00, Syst = 0.05
     5.0   -0.1410    0.1450
    15.0    0.1250    0.0930
    25.0    0.1830    0.0710
    35.0    0.1610    0.0590
    45.0    0.1810    0.0530
    55.0    0.1660    0.0500
    65.0    0.1550    0.0470
    75.0    0.2560    0.0460
    85.0    0.1710    0.0430
    95.0    0.2500    0.0430
   105.0    0.1720    0.0420
   115.0    0.2150    0.0430
   125.0    0.1980    0.0450
   135.0    0.1950    0.0490
   145.0    0.1500    0.0530
   155.0    0.1020    0.0620
   165.0    0.0950    0.0810
   175.0    0.1320    0.1440
------------------------------------------
E =  930.000 MeV, Wght = 1.00, Syst = 0.05
     5.0    0.1580    0.1500
    15.0    0.0610    0.0930
    25.0   -0.0170    0.0740
    35.0    0.0840    0.0620
    45.0    0.1470    0.0560
    55.0    0.2280    0.0520
    65.0    0.2000    0.0470
    75.0    0.1980    0.0460
    85.0    0.2850    0.0460
    95.0    0.1750    0.0440
   105.0    0.3150    0.0450
   115.0    0.2840    0.0440
   125.0    0.3090    0.0470
   135.0    0.2640    0.0500
   145.0    0.2550    0.0570
   155.0    0.1860    0.0650
   165.0    0.0380    0.0820
   175.0    0.1250    0.1500
------------------------------------------
E =  940.000 MeV, Wght = 1.00, Syst = 0.05
     5.0    0.1080    0.1820
    15.0    0.1620    0.1010
    25.0    0.1270    0.0780
    35.0    0.0960    0.0650
    45.0    0.1850    0.0610
    55.0    0.2160    0.0530
    65.0    0.3000    0.0540
    75.0    0.2670    0.0480
    85.0    0.2330    0.0460
    95.0    0.2770    0.0450
   105.0    0.3670    0.0460
   115.0    0.3910    0.0460
   125.0    0.3150    0.0480
   135.0    0.3150    0.0520
   145.0    0.2260    0.0580
   155.0    0.2060    0.0690
   165.0    0.1130    0.0870
   175.0   -0.0080    0.1650
------------------------------------------
E =  950.000 MeV, Wght = 1.00, Syst = 0.05
     5.0    0.0670    0.1790
    15.0   -0.0370    0.1020
    25.0    0.1180    0.0790
    35.0    0.1680    0.0730
    45.0    0.2090    0.0630
    55.0    0.2700    0.0590
    65.0    0.2730    0.0540
    75.0    0.3030    0.0510
    85.0    0.2540    0.0480
    95.0    0.4070    0.0490
   105.0    0.3770    0.0480
   115.0    0.3540    0.0480
   125.0    0.2980    0.0510
   135.0    0.2970    0.0530
   145.0    0.2540    0.0570
   155.0    0.1300    0.0720
   165.0    0.0690    0.0930
   175.0   -0.3080    0.1670
------------------------------------------
E =  960.000 MeV, Wght = 1.00, Syst = 0.05
     5.0   -0.0100    0.1590
    15.0   -0.0090    0.0860
    25.0    0.1080    0.0690
    35.0    0.2700    0.0580
    45.0    0.2950    0.0530
    55.0    0.2830    0.0480
    65.0    0.2600    0.0450
    75.0    0.2870    0.0420
    85.0    0.3090    0.0410
    95.0    0.3200    0.0390
   105.0    0.3410    0.0390
   115.0    0.4030    0.0400
   125.0    0.4010    0.0410
   135.0    0.3150    0.0440
   145.0    0.2120    0.0500
   155.0    0.1020    0.0590
   165.0    0.0510    0.0720
   175.0    0.1450    0.1270
------------------------------------------
E =  970.000 MeV, Wght = 1.00, Syst = 0.05
     5.0   -0.0500    0.1600
    15.0    0.0790    0.0960
    25.0    0.1900    0.0750
    35.0    0.2650    0.0620
    45.0    0.3510    0.0570
    55.0    0.3770    0.0520
    65.0    0.3580    0.0460
    75.0    0.3150    0.0440
    85.0    0.3540    0.0420
    95.0    0.2970    0.0400
   105.0    0.3760    0.0400
   115.0    0.4200    0.0400
   125.0    0.4190    0.0430
   135.0    0.4280    0.0470
   145.0    0.2550    0.0520
   155.0    0.1050    0.0600
   165.0    0.0590    0.0820
   175.0    0.0100    0.1460
------------------------------------------
E =  980.000 MeV, Wght = 1.00, Syst = 0.05
     5.0    0.1560    0.1640
    15.0    0.0710    0.1070
    25.0    0.0970    0.0840
    35.0    0.2620    0.0710
    45.0    0.4650    0.0590
    55.0    0.4430    0.0530
    65.0    0.3900    0.0480
    75.0    0.3440    0.0450
    85.0    0.4160    0.0440
    95.0    0.4140    0.0420
   105.0    0.3980    0.0420
   115.0    0.4360    0.0420
   125.0    0.5830    0.0480
   135.0    0.3980    0.0480
   145.0    0.2580    0.0540
   155.0    0.1290    0.0630
   165.0    0.1600    0.0810
   175.0   -0.0040    0.1350
------------------------------------------
E =  990.000 MeV, Wght = 1.00, Syst = 0.05
     5.0    0.0110    0.2220
    15.0    0.0100    0.1130
    25.0    0.2440    0.0910
    35.0    0.3860    0.0710
    45.0    0.4350    0.0640
    55.0    0.4180    0.0580
    65.0    0.5080    0.0500
    75.0    0.4000    0.0460
    85.0    0.4260    0.0440
    95.0    0.4460    0.0430
   105.0    0.4110    0.0430
   115.0    0.5240    0.0450
   125.0    0.4790    0.0470
   135.0    0.3890    0.0510
   145.0    0.3500    0.0580
   155.0   -0.0230    0.0690
   165.0    0.1710    0.0890
   175.0   -0.0510    0.1640
------------------------------------------
E = 1000.000 MeV, Wght = 1.00, Syst = 0.05
     5.0   -0.1440    0.2460
    15.0   -0.0500    0.1260
    25.0    0.3440    0.0970
    35.0    0.3640    0.0810
    45.0    0.3670    0.0640
    55.0    0.4880    0.0600
    65.0    0.4370    0.0500
    75.0    0.4510    0.0490
    85.0    0.4420    0.0450
    95.0    0.4990    0.0450
   105.0    0.4730    0.0460
   115.0    0.4570    0.0470
   125.0    0.4790    0.0510
   135.0    0.4100    0.0540
   145.0    0.4710    0.0640
   155.0    0.2530    0.0700
   165.0    0.0230    0.0960
   175.0    0.1130    0.1730
------------------------------------------
E = 1010.000 MeV, Wght = 1.00, Syst = 0.05
     5.0    0.1840    0.2740
    15.0    0.3190    0.1430
    25.0    0.5020    0.0980
    35.0    0.5060    0.0870
    45.0    0.5060    0.0680
    55.0    0.5630    0.0610
    65.0    0.5200    0.0540
    75.0    0.4310    0.0480
    85.0    0.4490    0.0470
    95.0    0.4820    0.0470
   105.0    0.5200    0.0480
   115.0    0.5080    0.0480
   125.0    0.4760    0.0510
   135.0    0.5420    0.0570
   145.0    0.4270    0.0660
   155.0    0.1670    0.0770
   165.0    0.1190    0.0940
   175.0   -0.2290    0.1650
------------------------------------------
E = 1020.000 MeV, Wght = 1.00, Syst = 0.05
     5.0   -0.1830    0.2550
    15.0    0.5040    0.1290
    25.0    0.3070    0.0910
    35.0    0.4510    0.0740
    45.0    0.6230    0.0590
    55.0    0.5670    0.0530
    65.0    0.4920    0.0450
    75.0    0.4380    0.0420
    85.0    0.4230    0.0400
    95.0    0.4550    0.0390
   105.0    0.5080    0.0410
   115.0    0.5800    0.0430
   125.0    0.5740    0.0460
   135.0    0.5770    0.0510
   145.0    0.4450    0.0570
   155.0    0.2750    0.0660
   165.0    0.0360    0.0900
   175.0    0.2510    0.1570
------------------------------------------
E = 1030.000 MeV, Wght = 1.00, Syst = 0.05
     5.0    0.0720    0.2630
    15.0    0.2690    0.1270
    25.0    0.3520    0.0920
    35.0    0.5200    0.0720
    45.0    0.6920    0.0640
    55.0    0.5720    0.0530
    65.0    0.5860    0.0470
    75.0    0.4830    0.0420
    85.0    0.4140    0.0410
    95.0    0.4460    0.0410
   105.0    0.5040    0.0420
   115.0    0.4920    0.0430
   125.0    0.5960    0.0480
   135.0    0.4810    0.0520
   145.0    0.4600    0.0600
   155.0    0.2210    0.0720
   165.0    0.2250    0.0910
   175.0    0.0710    0.1550
------------------------------------------
E = 1040.000 MeV, Wght = 1.00, Syst = 0.05
     5.0    0.0550    0.2070
    15.0    0.5370    0.1310
    25.0    0.4840    0.0930
    35.0    0.6840    0.0740
    45.0    0.5960    0.0630
    55.0    0.5350    0.0520
    65.0    0.5380    0.0470
    75.0    0.4620    0.0430
    85.0    0.4820    0.0410
    95.0    0.4810    0.0430
   105.0    0.5030    0.0420
   115.0    0.5940    0.0450
   125.0    0.5820    0.0490
   135.0    0.5450    0.0540
   145.0    0.5020    0.0650
   155.0    0.2890    0.0730
   165.0    0.1990    0.1040
   175.0   -0.1280    0.2010
------------------------------------------
E = 1050.000 MeV, Wght = 1.00, Syst = 0.05
     5.0    0.0100    0.2660
    15.0    0.3180    0.1390
    25.0    0.4230    0.0960
    35.0    0.5090    0.0740
    45.0    0.6260    0.0660
    55.0    0.6220    0.0530
    65.0    0.5150    0.0460
    75.0    0.5540    0.0430
    85.0    0.5250    0.0430
    95.0    0.4950    0.0420
   105.0    0.5990    0.0440
   115.0    0.4890    0.0470
   125.0    0.4650    0.0490
   135.0    0.6460    0.0580
   145.0    0.5030    0.0680
   155.0    0.3560    0.0830
   165.0    0.1940    0.0940
   175.0   -0.0900    0.1910
------------------------------------------
E = 1060.000 MeV, Wght = 1.00, Syst = 0.05
     5.0   -0.1580    0.2490
    15.0    0.0220    0.1290
    25.0    0.4870    0.0960
    35.0    0.5300    0.0760
    45.0    0.6170    0.0640
    55.0    0.6160    0.0540
    65.0    0.5370    0.0470
    75.0    0.5000    0.0430
    85.0    0.5090    0.0430
    95.0    0.4630    0.0430
   105.0    0.6470    0.0460
   115.0    0.5430    0.0480
   125.0    0.5780    0.0510
   135.0    0.5790    0.0600
   145.0    0.4980    0.0690
   155.0    0.3720    0.0840
   165.0    0.1100    0.1180
   175.0    0.1320    0.2200
------------------------------------------
E = 1070.000 MeV, Wght = 1.00, Syst = 0.05
     5.0    0.0350    0.2410
    15.0    0.3420    0.1280
    25.0    0.5470    0.1000
    35.0    0.5350    0.0740
    45.0    0.6670    0.0640
    55.0    0.5710    0.0550
    65.0    0.4710    0.0470
    75.0    0.4890    0.0440
    85.0    0.4980    0.0430
    95.0    0.4920    0.0430
   105.0    0.4710    0.0450
   115.0    0.6390    0.0500
   125.0    0.6800    0.0570
   135.0    0.5600    0.0620
   145.0    0.5870    0.0710
   155.0    0.3540    0.0890
   165.0    0.1060    0.1270
   175.0    0.1040    0.2010
------------------------------------------
E = 1080.000 MeV, Wght = 1.00, Syst = 0.05
     5.0   -0.1310    0.2110
    15.0    0.2040    0.1120
    25.0    0.3170    0.0880
    35.0    0.5200    0.0690
    45.0    0.6510    0.0580
    55.0    0.6080    0.0500
    65.0    0.5470    0.0440
    75.0    0.5340    0.0420
    85.0    0.5230    0.0430
    95.0    0.4880    0.0410
   105.0    0.5460    0.0430
   115.0    0.5300    0.0470
   125.0    0.5740    0.0530
   135.0    0.4930    0.0560
   145.0    0.5500    0.0730
   155.0    0.3760    0.0920
   165.0    0.0970    0.1180
   175.0    0.2050    0.2020
------------------------------------------
E = 1090.000 MeV, Wght = 1.00, Syst = 0.05
     5.0    0.0860    0.2130
    15.0    0.2230    0.1180
    25.0    0.5650    0.0860
    35.0    0.5520    0.0680
    45.0    0.6110    0.0590
    55.0    0.5360    0.0490
    65.0    0.6100    0.0440
    75.0    0.5000    0.0430
    85.0    0.4590    0.0400
    95.0    0.4810    0.0420
   105.0    0.5040    0.0430
   115.0    0.6000    0.0470
   125.0    0.6080    0.0530
   135.0    0.6430    0.0640
   145.0    0.4950    0.0730
   155.0    0.3620    0.0900
   165.0    0.4430    0.1430
   175.0    0.0830    0.2180
------------------------------------------
E = 1100.000 MeV, Wght = 1.00, Syst = 0.05
     5.0   -0.0490    0.2420
    15.0    0.1790    0.1150
    25.0    0.2870    0.0810
    35.0    0.4610    0.0640
    45.0    0.6080    0.0560
    55.0    0.6600    0.0500
    65.0    0.5660    0.0440
    75.0    0.5330    0.0420
    85.0    0.4870    0.0410
    95.0    0.5270    0.0430
   105.0    0.4740    0.0430
   115.0    0.5700    0.0470
   125.0    0.5600    0.0540
   135.0    0.6420    0.0640
   145.0    0.5390    0.0750
   155.0    0.2530    0.1010
   165.0    0.0810    0.1220
   175.0    0.0110    0.3010
------------------------------------------
E = 1110.000 MeV, Wght = 1.00, Syst = 0.05
     5.0   -0.0270    0.2110
    15.0    0.1220    0.1010
    25.0    0.2500    0.0800
    35.0    0.5360    0.0650
    45.0    0.5800    0.0550
    55.0    0.5030    0.0500
    65.0    0.5780    0.0440
    75.0    0.4920    0.0400
    85.0    0.4460    0.0410
    95.0    0.5110    0.0420
   105.0    0.5200    0.0450
   115.0    0.4940    0.0500
   125.0    0.6420    0.0560
   135.0    0.5170    0.0650
   145.0    0.5510    0.0800
   155.0    0.4250    0.0960
   165.0    0.2080    0.1340
   175.0    0.0430    0.2460
------------------------------------------
E = 1120.000 MeV, Wght = 1.00, Syst = 0.05
     5.0   -0.1500    0.1790
    15.0    0.2000    0.1030
    25.0    0.4470    0.0770
    35.0    0.5320    0.0630
    45.0    0.5500    0.0540
    55.0    0.6130    0.0500
    65.0    0.4890    0.0440
    75.0    0.4940    0.0420
    85.0    0.4970    0.0400
    95.0    0.5750    0.0440
   105.0    0.4820    0.0450
   115.0    0.5730    0.0490
   125.0    0.4920    0.0540
   135.0    0.5530    0.0660
   145.0    0.5970    0.0820
   155.0    0.2170    0.1030
   165.0    0.1870    0.1530
   175.0   -0.1070    0.2620
------------------------------------------
E = 1130.000 MeV, Wght = 1.00, Syst = 0.05
     5.0    0.1070    0.1700
    15.0    0.0590    0.0980
    25.0    0.3190    0.0740
    35.0    0.5760    0.0650
    45.0    0.6250    0.0530
    55.0    0.5810    0.0470
    65.0    0.4340    0.0430
    75.0    0.4990    0.0410
    85.0    0.4340    0.0420
    95.0    0.4500    0.0420
   105.0    0.5530    0.0460
   115.0    0.5640    0.0500
   125.0    0.5470    0.0560
   135.0    0.5430    0.0660
   145.0    0.4640    0.0810
   155.0    0.3130    0.1020
   165.0    0.0780    0.1380
   175.0   -0.0360    0.3080
------------------------------------------
E = 1140.000 MeV, Wght = 1.00, Syst = 0.05
     5.0    0.0530    0.1680
    15.0    0.2090    0.0990
    25.0    0.3980    0.0720
    35.0    0.4870    0.0630
    45.0    0.5250    0.0520
    55.0    0.5230    0.0460
    65.0    0.5650    0.0430
    75.0    0.5610    0.0430
    85.0    0.4810    0.0410
    95.0    0.4300    0.0420
   105.0    0.5150    0.0450
   115.0    0.5570    0.0510
   125.0    0.5510    0.0550
   135.0    0.4940    0.0650
   145.0    0.5810    0.0820
   155.0    0.5800    0.1140
   165.0    0.3950    0.1650
   175.0    0.3270    0.3300
------------------------------------------
E = 1150.000 MeV, Wght = 1.00, Syst = 0.05
     5.0   -0.1900    0.1700
    15.0    0.1050    0.0900
    25.0    0.2430    0.0700
    35.0    0.3960    0.0620
    45.0    0.5120    0.0520
    55.0    0.5550    0.0470
    65.0    0.5170    0.0430
    75.0    0.4940    0.0420
    85.0    0.4470    0.0410
    95.0    0.4600    0.0420
   105.0    0.5420    0.0460
   115.0    0.5860    0.0510
   125.0    0.6480    0.0580
   135.0    0.5750    0.0690
   145.0    0.4570    0.0830
   155.0    0.4800    0.1120
   165.0   -0.0290    0.1590
   175.0    0.6630    0.4380
------------------------------------------
E = 1160.000 MeV, Wght = 1.00, Syst = 0.05
     5.0    0.1460    0.1580
    15.0    0.1770    0.0930
    25.0    0.3730    0.0700
    35.0    0.4080    0.0570
    45.0    0.5070    0.0530
    55.0    0.5370    0.0480
    65.0    0.5940    0.0430
    75.0    0.5060    0.0410
    85.0    0.4470    0.0400
    95.0    0.4550    0.0430
   105.0    0.4180    0.0450
   115.0    0.5760    0.0500
   125.0    0.5810    0.0570
   135.0    0.4410    0.0680
   145.0    0.5530    0.0850
   155.0    0.5060    0.1140
   165.0    0.0630    0.1790
   175.0   -0.0890    0.3100
------------------------------------------
E = 1170.000 MeV, Wght = 1.00, Syst = 0.05
     5.0    0.0040    0.1720
    15.0    0.1710    0.0870
    25.0    0.3890    0.0710
    35.0    0.3520    0.0570
    45.0    0.5100    0.0490
    55.0    0.6180    0.0460
    65.0    0.4840    0.0440
    75.0    0.4930    0.0420
    85.0    0.5050    0.0420
    95.0    0.4610    0.0440
   105.0    0.4820    0.0470
   115.0    0.5970    0.0500
   125.0    0.5600    0.0590
   135.0    0.6300    0.0690
   145.0    0.6460    0.0880
   155.0    0.4030    0.1170
   165.0    0.2830    0.1720
   175.0   -0.3550    0.3390
------------------------------------------
E = 1180.000 MeV, Wght = 1.00, Syst = 0.05
     5.0    0.0210    0.1490
    15.0    0.0890    0.0890
    25.0    0.3470    0.0690
    35.0    0.4220    0.0570
    45.0    0.5620    0.0510
    55.0    0.5760    0.0460
    65.0    0.6030    0.0440
    75.0    0.5300    0.0420
    85.0    0.4500    0.0420
    95.0    0.5070    0.0430
   105.0    0.5030    0.0460
   115.0    0.4710    0.0500
   125.0    0.6330    0.0610
   135.0    0.5400    0.0690
   145.0    0.5510    0.0870
   155.0    0.4140    0.1160
   165.0    0.4000    0.1960
   175.0   -0.2120    0.3950
------------------------------------------
E = 1190.000 MeV, Wght = 1.00, Syst = 0.05
     5.0   -0.0450    0.1480
    15.0   -0.0100    0.0910
    25.0    0.3180    0.0680
    35.0    0.4640    0.0580
    45.0    0.5260    0.0500
    55.0    0.5560    0.0460
    65.0    0.5550    0.0430
    75.0    0.5220    0.0420
    85.0    0.5390    0.0420
    95.0    0.4960    0.0440
   105.0    0.4850    0.0470
   115.0    0.4320    0.0510
   125.0    0.6450    0.0620
   135.0    0.4840    0.0710
   145.0    0.5990    0.0880
   155.0    0.3640    0.1210
   165.0    0.1230    0.1600
   175.0    0.2920    0.3650
------------------------------------------
E = 1200.000 MeV, Wght = 1.00, Syst = 0.05
     5.0   -0.0920    0.1530
    15.0    0.1570    0.0800
    25.0    0.3030    0.0650
    35.0    0.4310    0.0570
    45.0    0.5200    0.0510
    55.0    0.5550    0.0450
    65.0    0.5030    0.0430
    75.0    0.4970    0.0410
    85.0    0.5040    0.0420
    95.0    0.4780    0.0430
   105.0    0.4890    0.0460
   115.0    0.5270    0.0520
   125.0    0.5480    0.0580
   135.0    0.6080    0.0730
   145.0    0.5800    0.0900
   155.0    0.5730    0.1270
   165.0    0.1430    0.1770
   175.0    0.4170    0.3500
------------------------------------------
E = 1210.000 MeV, Wght = 1.00, Syst = 0.05
     5.0    0.0000    0.1640
    15.0    0.0960    0.0830
    25.0    0.3290    0.0640
    35.0    0.5050    0.0580
    45.0    0.5400    0.0500
    55.0    0.5770    0.0460
    65.0    0.5410    0.0420
    75.0    0.4980    0.0420
    85.0    0.4690    0.0420
    95.0    0.4950    0.0440
   105.0    0.4950    0.0470
   115.0    0.5670    0.0510
   125.0    0.5540    0.0590
   135.0    0.4790    0.0700
   145.0    0.5580    0.0940
   155.0    0.2750    0.1230
   165.0    0.2890    0.1750
   175.0   -0.2310    0.4230
------------------------------------------
E = 1220.000 MeV, Wght = 1.00, Syst = 0.05
     5.0    0.0290    0.1480
    15.0   -0.0180    0.0860
    25.0    0.3020    0.0650
    35.0    0.5230    0.0550
    45.0    0.5470    0.0500
    55.0    0.5330    0.0450
    65.0    0.5380    0.0420
    75.0    0.5280    0.0420
    85.0    0.4540    0.0420
    95.0    0.5130    0.0440
   105.0    0.4120    0.0450
   115.0    0.5450    0.0510
   125.0    0.5390    0.0580
   135.0    0.6040    0.0710
   145.0    0.4260    0.0920
   155.0    0.1880    0.1180
   165.0    0.3020    0.1940
   175.0    0.0650    0.3750
------------------------------------------
E = 1230.000 MeV, Wght = 1.00, Syst = 0.05
     5.0    0.1520    0.1690
    15.0    0.1760    0.0840
    25.0    0.3910    0.0660
    35.0    0.3850    0.0560
    45.0    0.4860    0.0500
    55.0    0.5060    0.0440
    65.0    0.5170    0.0430
    75.0    0.4700    0.0420
    85.0    0.5130    0.0420
    95.0    0.5230    0.0440
   105.0    0.4800    0.0470
   115.0    0.4950    0.0510
   125.0    0.6060    0.0590
   135.0    0.6620    0.0710
   145.0    0.5200    0.0900
   155.0    0.3580    0.1220
   165.0    0.5290    0.1960
   175.0    0.0460    0.3930
------------------------------------------
E = 1240.000 MeV, Wght = 1.00, Syst = 0.05
     5.0    0.2720    0.1500
    15.0    0.1480    0.0820
    25.0    0.1840    0.0610
    35.0    0.3720    0.0540
    45.0    0.5110    0.0490
    55.0    0.5520    0.0450
    65.0    0.5170    0.0440
    75.0    0.5760    0.0420
    85.0    0.5520    0.0440
    95.0    0.5130    0.0440
   105.0    0.4290    0.0460
   115.0    0.4910    0.0510
   125.0    0.5950    0.0580
   135.0    0.5350    0.0730
   145.0    0.5490    0.0880
   155.0    0.4150    0.1220
   165.0    0.4850    0.1920
   175.0    0.5870    0.4000
------------------------------------------
E = 1250.000 MeV, Wght = 1.00, Syst = 0.05
     5.0    0.0550    0.1540
    15.0   -0.0390    0.0790
    25.0    0.2270    0.0620
    35.0    0.3940    0.0540
    45.0    0.4730    0.0480
    55.0    0.4520    0.0450
    65.0    0.5940    0.0440
    75.0    0.4970    0.0420
    85.0    0.4620    0.0440
    95.0    0.4900    0.0460
   105.0    0.4570    0.0470
   115.0    0.5370    0.0530
   125.0    0.5160    0.0590
   135.0    0.5240    0.0720
   145.0    0.6600    0.0910
   155.0    0.2800    0.1310
   165.0    0.2760    0.2020
   175.0    0.7990    0.4550
------------------------------------------
E = 1260.000 MeV, Wght = 1.00, Syst = 0.05
     5.0    0.0140    0.1500
    15.0    0.2040    0.0800
    25.0    0.2380    0.0610
    35.0    0.3640    0.0530
    45.0    0.4660    0.0480
    55.0    0.5600    0.0450
    65.0    0.5040    0.0440
    75.0    0.5490    0.0420
    85.0    0.4660    0.0420
    95.0    0.4740    0.0440
   105.0    0.4540    0.0460
   115.0    0.5090    0.0510
   125.0    0.5400    0.0600
   135.0    0.5910    0.0690
   145.0    0.6350    0.0900
   155.0    0.3340    0.1230
   165.0    0.3460    0.1920
   175.0    0.3320    0.3560
------------------------------------------
E = 1270.000 MeV, Wght = 1.00, Syst = 0.05
     5.0   -0.1430    0.1360
    15.0    0.1250    0.0770
    25.0    0.2830    0.0620
    35.0    0.4900    0.0520
    45.0    0.4720    0.0480
    55.0    0.5250    0.0440
    65.0    0.5250    0.0430
    75.0    0.4680    0.0420
    85.0    0.4630    0.0420
    95.0    0.4690    0.0460
   105.0    0.4930    0.0480
   115.0    0.5920    0.0520
   125.0    0.6150    0.0590
   135.0    0.5210    0.0710
   145.0    0.5200    0.0940
   155.0    0.5130    0.1170
   165.0    0.5090    0.1920
   175.0    0.6000    0.5090
------------------------------------------
E = 1280.000 MeV, Wght = 1.00, Syst = 0.05
     5.0   -0.0850    0.1590
    15.0    0.2040    0.0790
    25.0    0.2320    0.0600
    35.0    0.3410    0.0520
    45.0    0.4260    0.0470
    55.0    0.5220    0.0450
    65.0    0.5110    0.0430
    75.0    0.4460    0.0420
    85.0    0.4480    0.0430
    95.0    0.4160    0.0450
   105.0    0.4540    0.0480
   115.0    0.5530    0.0530
   125.0    0.4980    0.0600
   135.0    0.5510    0.0730
   145.0    0.4340    0.0930
   155.0    0.5910    0.1340
   165.0    0.1600    0.1900
   175.0    0.5720    0.4750
------------------------------------------
E = 1290.000 MeV, Wght = 1.00, Syst = 0.05
     5.0    0.0980    0.1340
    15.0    0.0920    0.0780
    25.0    0.3640    0.0600
    35.0    0.3280    0.0530
    45.0    0.5420    0.0490
    55.0    0.4920    0.0450
    65.0    0.5120    0.0440
    75.0    0.5280    0.0430
    85.0    0.4580    0.0430
    95.0    0.5110    0.0440
   105.0    0.5170    0.0490
   115.0    0.4670    0.0530
   125.0    0.4410    0.0610
   135.0    0.6130    0.0730
   145.0    0.6630    0.0950
   155.0    0.3460    0.1300
   165.0    0.3720    0.2200
   175.0    0.6940    0.4360
------------------------------------------
E = 1300.000 MeV, Wght = 1.00, Syst = 0.05
     5.0    0.0390    0.1370
    15.0    0.1880    0.0760
    25.0    0.2870    0.0580
    35.0    0.4220    0.0540
    45.0    0.4210    0.0490
    55.0    0.5550    0.0450
    65.0    0.5410    0.0440
    75.0    0.5350    0.0440
    85.0    0.5260    0.0420
    95.0    0.4220    0.0450
   105.0    0.4090    0.0480
   115.0    0.5070    0.0530
   125.0    0.5370    0.0610
   135.0    0.4580    0.0710
   145.0    0.5720    0.0970
   155.0    0.4040    0.1240
   165.0    0.2610    0.2250
   175.0    0.1940    0.4820
------------------------------------------
E = 1310.000 MeV, Wght = 1.00, Syst = 0.05
     5.0   -0.0430    0.1400
    15.0    0.1640    0.0770
    25.0    0.1400    0.0570
    35.0    0.4020    0.0500
    45.0    0.4350    0.0470
    55.0    0.4920    0.0460
    65.0    0.5460    0.0430
    75.0    0.5400    0.0420
    85.0    0.4730    0.0430
    95.0    0.4430    0.0440
   105.0    0.4400    0.0500
   115.0    0.5540    0.0540
   125.0    0.5610    0.0610
   135.0    0.4840    0.0730
   145.0    0.6520    0.0940
   155.0    0.7140    0.1410
   165.0    0.0530    0.2110
   175.0   -0.0820    0.4180
------------------------------------------
E = 1320.000 MeV, Wght = 1.00, Syst = 0.05
     5.0   -0.0180    0.1410
    15.0   -0.0220    0.0710
    25.0    0.1930    0.0570
    35.0    0.3330    0.0500
    45.0    0.5210    0.0460
    55.0    0.4870    0.0440
    65.0    0.5060    0.0430
    75.0    0.4770    0.0410
    85.0    0.4800    0.0420
    95.0    0.4700    0.0450
   105.0    0.5160    0.0490
   115.0    0.5210    0.0520
   125.0    0.4120    0.0590
   135.0    0.5270    0.0720
   145.0    0.5950    0.0910
   155.0    0.5820    0.1230
   165.0    0.0900    0.1950
   175.0    0.6230    0.5140
------------------------------------------
E = 1330.000 MeV, Wght = 1.00, Syst = 0.05
     5.0    0.1590    0.1330
    15.0    0.0430    0.0750
    25.0    0.2070    0.0560
    35.0    0.3000    0.0500
    45.0    0.4480    0.0450
    55.0    0.5140    0.0460
    65.0    0.5240    0.0440
    75.0    0.5010    0.0420
    85.0    0.4950    0.0430
    95.0    0.5160    0.0440
   105.0    0.5290    0.0480
   115.0    0.5050    0.0530
   125.0    0.5730    0.0590
   135.0    0.5310    0.0730
   145.0    0.6420    0.0900
   155.0    0.5050    0.1300
   165.0    0.3560    0.1920
   175.0    0.2490    0.4630
------------------------------------------
E = 1340.000 MeV, Wght = 1.00, Syst = 0.05
     5.0   -0.0220    0.1280
    15.0   -0.0550    0.0740
    25.0    0.1820    0.0560
    35.0    0.3530    0.0510
    45.0    0.4570    0.0470
    55.0    0.5680    0.0460
    65.0    0.5000    0.0420
    75.0    0.5060    0.0410
    85.0    0.4730    0.0440
    95.0    0.5460    0.0450
   105.0    0.4620    0.0490
   115.0    0.4890    0.0520
   125.0    0.4700    0.0590
   135.0    0.6200    0.0690
   145.0    0.6310    0.0960
   155.0    0.7230    0.1320
   165.0    0.0450    0.1760
   175.0   -0.0360    0.4490
------------------------------------------
E = 1350.000 MeV, Wght = 1.00, Syst = 0.05
     5.0    0.0110    0.1280
    15.0    0.0770    0.0730
    25.0    0.2430    0.0560
    35.0    0.3400    0.0510
    45.0    0.4020    0.0470
    55.0    0.5080    0.0440
    65.0    0.4890    0.0440
    75.0    0.4770    0.0420
    85.0    0.5280    0.0440
    95.0    0.5440    0.0470
   105.0    0.5780    0.0510
   115.0    0.5380    0.0530
   125.0    0.4470    0.0590
   135.0    0.6090    0.0710
   145.0    0.3680    0.0870
   155.0    0.4940    0.1250
   165.0    0.1190    0.2040
   175.0    1.0040    0.4900
------------------------------------------
E = 1360.000 MeV, Wght = 1.00, Syst = 0.05
     5.0    0.0820    0.1350
    15.0    0.0330    0.0720
    25.0    0.1360    0.0570
    35.0    0.3780    0.0510
    45.0    0.4520    0.0480
    55.0    0.5100    0.0450
    65.0    0.4910    0.0440
    75.0    0.5180    0.0440
    85.0    0.3800    0.0430
    95.0    0.5570    0.0470
   105.0    0.3890    0.0500
   115.0    0.5830    0.0540
   125.0    0.5720    0.0610
   135.0    0.5920    0.0730
   145.0    0.5760    0.0950
   155.0    0.5180    0.1340
   165.0    0.2390    0.1990
   175.0   -0.0570    0.4010
------------------------------------------
E = 1370.000 MeV, Wght = 1.00, Syst = 0.05
     5.0   -0.0630    0.1270
    15.0    0.0640    0.0710
    25.0    0.1960    0.0560
    35.0    0.3710    0.0490
    45.0    0.4360    0.0470
    55.0    0.5540    0.0460
    65.0    0.5740    0.0450
    75.0    0.5030    0.0420
    85.0    0.5050    0.0430
    95.0    0.4150    0.0460
   105.0    0.5600    0.0510
   115.0    0.5040    0.0560
   125.0    0.5990    0.0610
   135.0    0.6230    0.0780
   145.0    0.4710    0.0900
   155.0    0.5720    0.1390
   165.0    0.2890    0.2140
   175.0   -0.2090    0.4000
------------------------------------------
E = 1380.000 MeV, Wght = 1.00, Syst = 0.05
     5.0   -0.1290    0.1290
    15.0    0.1560    0.0710
    25.0    0.1970    0.0530
    35.0    0.3220    0.0470
    45.0    0.4520    0.0460
    55.0    0.4580    0.0460
    65.0    0.4870    0.0430
    75.0    0.5100    0.0420
    85.0    0.5100    0.0440
    95.0    0.4540    0.0460
   105.0    0.5640    0.0500
   115.0    0.5400    0.0520
   125.0    0.5610    0.0620
   135.0    0.6160    0.0680
   145.0    0.5790    0.0920
   155.0    0.3060    0.1220
   165.0    0.4650    0.1840
   175.0    0.2850    0.3630
------------------------------------------
E = 1390.000 MeV, Wght = 1.00, Syst = 0.05
     5.0    0.0840    0.1340
    15.0    0.0030    0.0700
    25.0    0.1700    0.0530
    35.0    0.3440    0.0490
    45.0    0.3920    0.0460
    55.0    0.4520    0.0450
    65.0    0.4990    0.0430
    75.0    0.4470    0.0440
    85.0    0.5050    0.0440
    95.0    0.5030    0.0460
   105.0    0.4560    0.0480
   115.0    0.6060    0.0540
   125.0    0.6360    0.0600
   135.0    0.6560    0.0710
   145.0    0.4310    0.0890
   155.0    0.3880    0.1210
   165.0    0.2120    0.1950
   175.0   -0.6500    0.4230
------------------------------------------
E = 1400.000 MeV, Wght = 1.00, Syst = 0.05
     5.0    0.0430    0.1250
    15.0    0.1330    0.0710
    25.0    0.1980    0.0550
    35.0    0.2840    0.0500
    45.0    0.4160    0.0460
    55.0    0.4650    0.0460
    65.0    0.5360    0.0440
    75.0    0.5240    0.0440
    85.0    0.5100    0.0450
    95.0    0.4740    0.0460
   105.0    0.5860    0.0510
   115.0    0.5960    0.0550
   125.0    0.4750    0.0620
   135.0    0.5240    0.0710
   145.0    0.6540    0.0980
   155.0    0.4450    0.1280
   165.0    0.4750    0.2050
   175.0    0.1160    0.3500
------------------------------------------
E = 1410.000 MeV, Wght = 1.00, Syst = 0.05
     5.0   -0.0490    0.1260
    15.0    0.1510    0.0710
    25.0    0.2330    0.0550
    35.0    0.2430    0.0480
    45.0    0.3940    0.0450
    55.0    0.4990    0.0450
    65.0    0.5130    0.0430
    75.0    0.4530    0.0440
    85.0    0.4300    0.0440
    95.0    0.4270    0.0450
   105.0    0.4880    0.0490
   115.0    0.4550    0.0520
   125.0    0.5830    0.0620
   135.0    0.5770    0.0730
   145.0    0.4790    0.0910
   155.0    0.4640    0.1230
   165.0    0.3030    0.1960
   175.0    0.5870    0.4610
------------------------------------------
E = 1420.000 MeV, Wght = 1.00, Syst = 0.05
     5.0    0.0960    0.1230
    15.0    0.0890    0.0700
    25.0    0.2040    0.0540
    35.0    0.3000    0.0480
    45.0    0.4350    0.0450
    55.0    0.4550    0.0450
    65.0    0.4950    0.0430
    75.0    0.4770    0.0440
    85.0    0.4500    0.0440
    95.0    0.5300    0.0480
   105.0    0.4740    0.0510
   115.0    0.6100    0.0540
   125.0    0.5470    0.0610
   135.0    0.4800    0.0740
   145.0    0.6340    0.0940
   155.0    0.5170    0.1290
   165.0    0.3630    0.2000
   175.0    0.0420    0.4250
------------------------------------------
E = 1430.000 MeV, Wght = 1.00, Syst = 0.05
     5.0    0.0760    0.1280
    15.0    0.0810    0.0730
    25.0    0.1560    0.0550
    35.0    0.3200    0.0470
    45.0    0.4280    0.0460
    55.0    0.4970    0.0440
    65.0    0.5260    0.0450
    75.0    0.4660    0.0440
    85.0    0.4890    0.0460
    95.0    0.4800    0.0460
   105.0    0.5370    0.0510
   115.0    0.5700    0.0580
   125.0    0.5380    0.0650
   135.0    0.5180    0.0690
   145.0    0.5900    0.0940
   155.0    0.4630    0.1240
   165.0    0.2930    0.1830
   175.0   -0.0400    0.3780
------------------------------------------
E = 1440.000 MeV, Wght = 1.00, Syst = 0.05
     5.0    0.0220    0.1180
    15.0    0.1220    0.0680
    25.0    0.1870    0.0530
    35.0    0.2560    0.0470
    45.0    0.3590    0.0440
    55.0    0.4280    0.0420
    65.0    0.4190    0.0430
    75.0    0.4580    0.0440
    85.0    0.4840    0.0450
    95.0    0.5610    0.0470
   105.0    0.5420    0.0510
   115.0    0.5220    0.0530
   125.0    0.5880    0.0590
   135.0    0.5630    0.0710
   145.0    0.6720    0.0910
   155.0    0.5290    0.1310
   165.0    0.4990    0.1940
   175.0    0.1690    0.3150
------------------------------------------
E = 1450.000 MeV, Wght = 1.00, Syst = 0.05
     5.0   -0.1560    0.1180
    15.0    0.0830    0.0680
    25.0    0.1550    0.0530
    35.0    0.2320    0.0470
    45.0    0.3460    0.0450
    55.0    0.4390    0.0450
    65.0    0.4550    0.0440
    75.0    0.5110    0.0430
    85.0    0.5040    0.0450
    95.0    0.5370    0.0480
   105.0    0.5480    0.0510
   115.0    0.5430    0.0550
   125.0    0.6230    0.0590
   135.0    0.6990    0.0750
   145.0    0.6160    0.0900
   155.0    0.5140    0.1300
   165.0    0.3940    0.1870
   175.0    0.1430    0.5250
------------------------------------------
E = 1460.000 MeV, Wght = 1.00, Syst = 0.05
     5.0   -0.0910    0.1070
    15.0    0.0820    0.0670
    25.0    0.0640    0.0520
    35.0    0.2940    0.0470
    45.0    0.3420    0.0440
    55.0    0.5300    0.0450
    65.0    0.5510    0.0450
    75.0    0.4210    0.0440
    85.0    0.4100    0.0440
    95.0    0.5450    0.0480
   105.0    0.5140    0.0510
   115.0    0.5760    0.0570
   125.0    0.6340    0.0630
   135.0    0.6650    0.0700
   145.0    0.6500    0.0920
   155.0    0.5610    0.1260
   165.0    0.5320    0.2030
   175.0    0.2820    0.4640
------------------------------------------
E = 1470.000 MeV, Wght = 1.00, Syst = 0.05
     5.0   -0.1240    0.1220
    15.0    0.2160    0.0700
    25.0    0.1380    0.0540
    35.0    0.3040    0.0460
    45.0    0.3940    0.0430
    55.0    0.5030    0.0440
    65.0    0.4610    0.0430
    75.0    0.5000    0.0450
    85.0    0.5290    0.0460
    95.0    0.4460    0.0460
   105.0    0.4820    0.0510
   115.0    0.5520    0.0530
   125.0    0.6420    0.0620
   135.0    0.5840    0.0710
   145.0    0.5500    0.0920
   155.0    0.5530    0.1340
   165.0    0.1160    0.2010
   175.0    0.1900    0.4490
------------------------------------------
E = 1480.000 MeV, Wght = 1.00, Syst = 0.05
     5.0   -0.0260    0.1150
    15.0    0.1740    0.0680
    25.0    0.1640    0.0510
    35.0    0.2660    0.0470
    45.0    0.3040    0.0450
    55.0    0.5130    0.0450
    65.0    0.4670    0.0460
    75.0    0.5050    0.0450
    85.0    0.4470    0.0460
    95.0    0.4380    0.0480
   105.0    0.5230    0.0520
   115.0    0.6110    0.0570
   125.0    0.5890    0.0610
   135.0    0.5630    0.0710
   145.0    0.6140    0.0920
   155.0    0.4840    0.1270
   165.0    0.3310    0.1710
   175.0    0.2190    0.3740
------------------------------------------
E = 1490.000 MeV, Wght = 1.00, Syst = 0.05
     5.0    0.0180    0.1210
    15.0    0.0620    0.0660
    25.0    0.1470    0.0540
    35.0    0.2580    0.0460
    45.0    0.3360    0.0450
    55.0    0.5170    0.0450
    65.0    0.4600    0.0460
    75.0    0.5070    0.0450
    85.0    0.5170    0.0480
    95.0    0.5440    0.0510
   105.0    0.4680    0.0540
   115.0    0.6150    0.0600
   125.0    0.6090    0.0640
   135.0    0.4860    0.0700
   145.0    0.4660    0.0940
   155.0    0.6850    0.1240
   165.0    0.5840    0.2050
   175.0    0.2900    0.4330
------------------------------------------
E = 1500.000 MeV, Wght = 1.00, Syst = 0.05
     5.0    0.1680    0.1690
    15.0    0.0640    0.0890
    25.0    0.0740    0.0730
    35.0    0.1410    0.0650
    45.0    0.3870    0.0610
    55.0    0.5200    0.0650
    65.0    0.3660    0.0630
    75.0    0.4620    0.0630
    85.0    0.4690    0.0660
    95.0    0.5380    0.0690
   105.0    0.5030    0.0740
   115.0    0.5610    0.0780
   125.0    0.6800    0.0910
   135.0    0.5890    0.1030
   145.0    0.5560    0.1270
   155.0    0.2960    0.1940
   165.0    0.4440    0.2880
   175.0   -0.3490    0.4640
