E =  710.000 MeV, Wght = 1.00, Syst = 0.05
  5.000    0.042000    0.055000
 15.000    0.010000    0.032000
 25.000   -0.033000    0.024000
 35.000   -0.022000    0.021000
 45.000    0.028000    0.019000
 55.000    0.040000    0.018000
 65.000    0.017000    0.017000
 75.000    0.010000    0.016000
 85.000    0.026000    0.016000
 95.000    0.036000    0.016000
105.000    0.021000    0.016000
115.000    0.006000    0.017000
125.000    0.012000    0.018000
135.000    0.022000    0.019000
145.000   -0.001000    0.021000
155.000    0.042000    0.025000
165.000   -0.027000    0.032000
175.000   -0.036000    0.055000
------------------------------------------
E =  720.000 MeV, Wght = 1.00, Syst = 0.05
  5.000   -0.013000    0.037000
 15.000   -0.014000    0.022000
 25.000    0.008000    0.017000
 35.000   -0.025000    0.014000
 45.000    0.005000    0.013000
 55.000    0.022000    0.012000
 65.000    0.042000    0.011000
 75.000    0.009000    0.011000
 85.000    0.031000    0.011000
 95.000    0.035000    0.011000
105.000    0.024000    0.011000
115.000    0.039000    0.011000
125.000    0.012000    0.012000
135.000    0.026000    0.013000
145.000    0.035000    0.014000
155.000   -0.008000    0.017000
165.000    0.004000    0.022000
175.000   -0.008000    0.037000
------------------------------------------
E =  730.000 MeV, Wght = 1.00, Syst = 0.05
  5.000    0.018000    0.033000
 15.000   -0.051000    0.019000
 25.000    0.020000    0.015000
 35.000    0.003000    0.013000
 45.000    0.017000    0.012000
 55.000    0.033000    0.011000
 65.000    0.026000    0.010000
 75.000    0.022000    0.010000
 85.000    0.048000    0.010000
 95.000    0.038000    0.010000
105.000    0.025000    0.010000
115.000    0.018000    0.010000
125.000    0.032000    0.011000
135.000    0.021000    0.012000
145.000    0.022000    0.013000
155.000    0.033000    0.015000
165.000    0.018000    0.019000
175.000    0.023000    0.033000
------------------------------------------
E =  740.000 MeV, Wght = 1.00, Syst = 0.05
  5.000    0.039000    0.032000
 15.000    0.018000    0.018000
 25.000    0.038000    0.014000
 35.000    0.036000    0.012000
 45.000    0.028000    0.011000
 55.000    0.032000    0.010000
 65.000    0.046000    0.010000
 75.000    0.054000    0.009000
 85.000    0.044000    0.009000
 95.000    0.038000    0.009000
105.000    0.044000    0.009000
115.000    0.037000    0.010000
125.000    0.037000    0.010000
135.000    0.029000    0.011000
145.000    0.035000    0.012000
155.000    0.017000    0.014000
165.000    0.021000    0.018000
175.000   -0.006000    0.031000
------------------------------------------
E =  750.000 MeV, Wght = 1.00, Syst = 0.05
  5.000    0.014000    0.031000
 15.000    0.022000    0.018000
 25.000    0.010000    0.014000
 35.000    0.048000    0.012000
 45.000    0.025000    0.010000
 55.000    0.039000    0.010000
 65.000    0.054000    0.009000
 75.000    0.051000    0.009000
 85.000    0.045000    0.009000
 95.000    0.046000    0.009000
105.000    0.067000    0.009000
115.000    0.044000    0.009000
125.000    0.069000    0.010000
135.000    0.047000    0.011000
145.000    0.031000    0.012000
155.000    0.046000    0.014000
165.000    0.026000    0.018000
175.000    0.004000    0.030000
------------------------------------------
E =  760.000 MeV, Wght = 1.00, Syst = 0.05
  5.000    0.060000    0.030000
 15.000    0.018000    0.017000
 25.000    0.005000    0.014000
 35.000    0.045000    0.012000
 45.000    0.036000    0.010000
 55.000    0.037000    0.010000
 65.000    0.046000    0.009000
 75.000    0.064000    0.009000
 85.000    0.075000    0.009000
 95.000    0.071000    0.009000
105.000    0.060000    0.009000
115.000    0.056000    0.009000
125.000    0.058000    0.010000
135.000    0.049000    0.010000
145.000    0.045000    0.012000
155.000    0.027000    0.014000
165.000   -0.006000    0.017000
175.000    0.023000    0.030000
------------------------------------------
E =  770.000 MeV, Wght = 1.00, Syst = 0.05
  5.000    0.002000    0.029000
 15.000    0.004000    0.017000
 25.000    0.030000    0.013000
 35.000    0.016000    0.011000
 45.000    0.059000    0.010000
 55.000    0.059000    0.009000
 65.000    0.065000    0.009000
 75.000    0.071000    0.009000
 85.000    0.079000    0.008000
 95.000    0.063000    0.008000
105.000    0.072000    0.009000
115.000    0.063000    0.009000
125.000    0.061000    0.009000
135.000    0.052000    0.010000
145.000    0.053000    0.011000
155.000    0.035000    0.013000
165.000    0.033000    0.017000
175.000   -0.014000    0.030000
------------------------------------------
E =  780.000 MeV, Wght = 1.00, Syst = 0.05
  5.000    0.039000    0.030000
 15.000    0.071000    0.017000
 25.000    0.028000    0.013000
 35.000    0.038000    0.011000
 45.000    0.020000    0.010000
 55.000    0.066000    0.009000
 65.000    0.061000    0.009000
 75.000    0.081000    0.009000
 85.000    0.088000    0.008000
 95.000    0.065000    0.008000
105.000    0.085000    0.009000
115.000    0.099000    0.009000
125.000    0.085000    0.009000
135.000    0.072000    0.010000
145.000    0.046000    0.011000
155.000    0.073000    0.013000
165.000    0.032000    0.017000
175.000    0.025000    0.030000
------------------------------------------
E =  790.000 MeV, Wght = 1.00, Syst = 0.05
  5.000    0.003000    0.030000
 15.000    0.018000    0.017000
 25.000    0.030000    0.013000
 35.000    0.028000    0.011000
 45.000    0.061000    0.010000
 55.000    0.055000    0.009000
 65.000    0.055000    0.009000
 75.000    0.048000    0.009000
 85.000    0.071000    0.008000
 95.000    0.083000    0.008000
105.000    0.064000    0.009000
115.000    0.096000    0.009000
125.000    0.092000    0.009000
135.000    0.060000    0.010000
145.000    0.053000    0.012000
155.000    0.016000    0.013000
165.000    0.048000    0.017000
175.000   -0.004000    0.030000
------------------------------------------
E =  800.000 MeV, Wght = 1.00, Syst = 0.05
  5.000   -0.015000    0.031000
 15.000    0.025000    0.018000
 25.000    0.017000    0.014000
 35.000    0.034000    0.012000
 45.000    0.068000    0.010000
 55.000    0.055000    0.010000
 65.000    0.065000    0.009000
 75.000    0.081000    0.009000
 85.000    0.083000    0.008000
 95.000    0.084000    0.009000
105.000    0.077000    0.009000
115.000    0.082000    0.009000
125.000    0.082000    0.010000
135.000    0.061000    0.010000
145.000    0.065000    0.012000
155.000    0.050000    0.014000
165.000    0.005000    0.018000
175.000   -0.055000    0.030000
------------------------------------------
E =  810.000 MeV, Wght = 1.00, Syst = 0.05
  5.000    0.053000    0.031000
 15.000    0.024000    0.018000
 25.000    0.019000    0.014000
 35.000    0.044000    0.012000
 45.000    0.056000    0.011000
 55.000    0.059000    0.010000
 65.000    0.065000    0.009000
 75.000    0.063000    0.009000
 85.000    0.080000    0.009000
 95.000    0.082000    0.009000
105.000    0.086000    0.009000
115.000    0.087000    0.009000
125.000    0.083000    0.010000
135.000    0.071000    0.010000
145.000    0.085000    0.012000
155.000    0.049000    0.014000
165.000    0.037000    0.018000
175.000    0.012000    0.030000
------------------------------------------
E =  820.000 MeV, Wght = 1.00, Syst = 0.05
  5.000   -0.020000    0.032000
 15.000    0.036000    0.018000
 25.000    0.046000    0.014000
 35.000    0.043000    0.012000
 45.000    0.059000    0.011000
 55.000    0.049000    0.010000
 65.000    0.074000    0.009000
 75.000    0.073000    0.009000
 85.000    0.080000    0.009000
 95.000    0.078000    0.009000
105.000    0.080000    0.009000
115.000    0.088000    0.009000
125.000    0.092000    0.010000
135.000    0.055000    0.011000
145.000    0.071000    0.012000
155.000    0.038000    0.014000
165.000    0.018000    0.018000
175.000    0.053000    0.031000
------------------------------------------
E =  830.000 MeV, Wght = 1.00, Syst = 0.05
  5.000    0.047000    0.032000
 15.000   -0.008000    0.019000
 25.000    0.018000    0.015000
 35.000    0.064000    0.012000
 45.000    0.040000    0.011000
 55.000    0.043000    0.010000
 65.000    0.053000    0.010000
 75.000    0.062000    0.009000
 85.000    0.077000    0.009000
 95.000    0.088000    0.009000
105.000    0.108000    0.009000
115.000    0.123000    0.009000
125.000    0.082000    0.010000
135.000    0.088000    0.011000
145.000    0.069000    0.012000
155.000    0.059000    0.014000
165.000    0.017000    0.018000
175.000   -0.025000    0.032000
------------------------------------------
E =  840.000 MeV, Wght = 1.00, Syst = 0.05
  5.000   -0.010000    0.033000
 15.000    0.015000    0.019000
 25.000    0.002000    0.015000
 35.000    0.052000    0.013000
 45.000    0.030000    0.011000
 55.000    0.059000    0.010000
 65.000    0.060000    0.010000
 75.000    0.085000    0.009000
 85.000    0.076000    0.009000
 95.000    0.095000    0.009000
105.000    0.092000    0.009000
115.000    0.094000    0.010000
125.000    0.088000    0.010000
135.000    0.087000    0.011000
145.000    0.062000    0.012000
155.000    0.039000    0.015000
165.000    0.009000    0.019000
175.000   -0.023000    0.033000
------------------------------------------
E =  850.000 MeV, Wght = 1.00, Syst = 0.05
  5.000   -0.019000    0.034000
 15.000    0.061000    0.020000
 35.000    0.042000    0.013000
 45.000    0.054000    0.012000
 55.000    0.046000    0.011000
 65.000    0.070000    0.010000
 75.000    0.074000    0.010000
 85.000    0.085000    0.010000
 95.000    0.097000    0.009000
105.000    0.109000    0.010000
115.000    0.118000    0.010000
125.000    0.106000    0.011000
135.000    0.088000    0.011000
145.000    0.077000    0.013000
155.000    0.049000    0.015000
165.000    0.073000    0.019000
175.000    0.063000    0.033000
------------------------------------------
E =  860.000 MeV, Wght = 1.00, Syst = 0.05
  5.000    0.080000    0.035000
 15.000    0.043000    0.020000
 25.000    0.002000    0.016000
 35.000    0.036000    0.014000
 45.000    0.028000    0.012000
 55.000    0.056000    0.011000
 65.000    0.051000    0.010000
 75.000    0.072000    0.010000
 85.000    0.092000    0.010000
 95.000    0.087000    0.010000
105.000    0.096000    0.010000
115.000    0.103000    0.010000
125.000    0.106000    0.011000
135.000    0.088000    0.012000
145.000    0.092000    0.013000
155.000    0.052000    0.015000
165.000    0.016000    0.020000
175.000    0.065000    0.034000
------------------------------------------
E =  870.000 MeV, Wght = 1.00, Syst = 0.05
  5.000    0.061000    0.036000
 15.000    0.038000    0.021000
 25.000    0.035000    0.016000
 35.000    0.027000    0.014000
 45.000    0.012000    0.013000
 55.000    0.049000    0.012000
 65.000    0.049000    0.011000
 75.000    0.047000    0.010000
 85.000    0.085000    0.010000
 95.000    0.094000    0.010000
105.000    0.111000    0.010000
115.000    0.108000    0.011000
125.000    0.130000    0.011000
135.000    0.094000    0.012000
145.000    0.084000    0.014000
155.000    0.065000    0.016000
165.000    0.017000    0.021000
175.000    0.030000    0.035000
------------------------------------------
E =  880.000 MeV, Wght = 1.00, Syst = 0.05
  5.000    0.027000    0.037000
 15.000    0.011000    0.022000
 25.000    0.020000    0.017000
 35.000    0.023000    0.015000
 45.000   -0.005000    0.013000
 55.000    0.012000    0.012000
 65.000    0.015000    0.011000
 75.000    0.057000    0.011000
 85.000    0.070000    0.011000
 95.000    0.097000    0.011000
105.000    0.117000    0.011000
115.000    0.108000    0.011000
125.000    0.119000    0.012000
135.000    0.109000    0.012000
145.000    0.088000    0.014000
155.000    0.072000    0.016000
165.000    0.051000    0.021000
175.000    0.031000    0.036000
------------------------------------------
E =  890.000 MeV, Wght = 1.00, Syst = 0.05
  5.000    0.029000    0.040000
 15.000   -0.010000    0.023000
 25.000    0.001000    0.018000
 35.000    0.011000    0.015000
 45.000    0.013000    0.014000
 55.000    0.022000    0.013000
 65.000    0.028000    0.012000
 75.000    0.036000    0.011000
 85.000    0.036000    0.011000
 95.000    0.072000    0.011000
105.000    0.126000    0.011000
115.000    0.111000    0.011000
125.000    0.110000    0.012000
135.000    0.131000    0.013000
145.000    0.103000    0.014000
155.000    0.075000    0.017000
165.000    0.025000    0.022000
175.000   -0.001000    0.038000
------------------------------------------
E =  900.000 MeV, Wght = 1.00, Syst = 0.05
  5.000   -0.039000    0.041000
 15.000    0.011000    0.024000
 25.000    0.017000    0.019000
 35.000    0.003000    0.016000
 45.000    0.006000    0.015000
 55.000   -0.007000    0.013000
 65.000   -0.002000    0.013000
 75.000    0.038000    0.012000
 85.000    0.053000    0.012000
 95.000    0.080000    0.012000
105.000    0.127000    0.012000
115.000    0.131000    0.012000
125.000    0.129000    0.012000
135.000    0.131000    0.013000
145.000    0.052000    0.015000
155.000    0.051000    0.018000
165.000    0.027000    0.023000
175.000    0.092000    0.039000
------------------------------------------
E =  910.000 MeV, Wght = 1.00, Syst = 0.05
  5.000    0.001000    0.043000
 15.000    0.013000    0.026000
 25.000   -0.055000    0.020000
 35.000   -0.024000    0.017000
 45.000   -0.031000    0.015000
 55.000   -0.006000    0.014000
 65.000   -0.009000    0.013000
 75.000   -0.001000    0.013000
 85.000    0.039000    0.012000
 95.000    0.091000    0.012000
105.000    0.104000    0.012000
115.000    0.123000    0.012000
125.000    0.110000    0.013000
135.000    0.110000    0.014000
145.000    0.108000    0.016000
155.000    0.079000    0.018000
165.000    0.056000    0.024000
175.000   -0.013000    0.040000
------------------------------------------
E =  920.000 MeV, Wght = 1.00, Syst = 0.05
  5.000    0.035000    0.046000
 15.000   -0.015000    0.027000
 25.000   -0.033000    0.021000
 35.000   -0.066000    0.018000
 45.000   -0.070000    0.016000
 55.000   -0.044000    0.015000
 65.000   -0.034000    0.014000
 85.000    0.036000    0.013000
 95.000    0.061000    0.013000
105.000    0.117000    0.013000
115.000    0.146000    0.013000
125.000    0.128000    0.014000
135.000    0.122000    0.015000
145.000    0.139000    0.016000
155.000    0.101000    0.019000
165.000    0.072000    0.025000
175.000    0.014000    0.043000
------------------------------------------
E =  930.000 MeV, Wght = 1.00, Syst = 0.05
  5.000    0.012000    0.050000
 15.000   -0.029000    0.029000
 25.000   -0.056000    0.022000
 35.000   -0.072000    0.019000
 45.000   -0.039000    0.017000
 55.000   -0.073000    0.016000
 65.000   -0.046000    0.015000
 75.000   -0.032000    0.014000
 85.000    0.005000    0.014000
 95.000    0.078000    0.014000
105.000    0.131000    0.014000
115.000    0.148000    0.014000
125.000    0.122000    0.014000
135.000    0.120000    0.016000
145.000    0.118000    0.017000
155.000    0.076000    0.020000
165.000    0.032000    0.026000
175.000    0.024000    0.046000
------------------------------------------
E =  940.000 MeV, Wght = 1.00, Syst = 0.05
  5.000   -0.062000    0.055000
 15.000   -0.053000    0.031000
 25.000   -0.084000    0.024000
 35.000   -0.103000    0.021000
 45.000   -0.115000    0.018000
 55.000   -0.116000    0.017000
 65.000   -0.107000    0.016000
 75.000   -0.026000    0.015000
 85.000    0.023000    0.015000
 95.000    0.073000    0.014000
105.000    0.096000    0.014000
115.000    0.142000    0.015000
125.000    0.156000    0.015000
135.000    0.141000    0.016000
145.000    0.111000    0.018000
155.000    0.105000    0.022000
165.000    0.042000    0.028000
175.000    0.050000    0.048000
------------------------------------------
E =  950.000 MeV, Wght = 1.00, Syst = 0.05
  5.000   -0.011000    0.056000
 15.000   -0.071000    0.033000
 25.000   -0.072000    0.026000
 35.000   -0.135000    0.022000
 45.000   -0.166000    0.020000
 55.000   -0.107000    0.018000
 65.000   -0.105000    0.017000
 75.000   -0.072000    0.016000
 85.000    0.010000    0.016000
 95.000    0.049000    0.015000
105.000    0.114000    0.015000
115.000    0.151000    0.015000
125.000    0.171000    0.016000
135.000    0.169000    0.017000
145.000    0.149000    0.019000
155.000    0.152000    0.023000
165.000    0.024000    0.029000
175.000    0.049000    0.050000
------------------------------------------
E =  960.000 MeV, Wght = 1.00, Syst = 0.05
  5.000   -0.047000    0.063000
 15.000   -0.113000    0.037000
 25.000   -0.140000    0.028000
 35.000   -0.191000    0.025000
 45.000   -0.181000    0.022000
 55.000   -0.190000    0.019000
 65.000   -0.149000    0.018000
 75.000   -0.020000    0.017000
 85.000   -0.018000    0.016000
 95.000    0.053000    0.016000
105.000    0.098000    0.016000
115.000    0.160000    0.016000
125.000    0.159000    0.017000
135.000    0.150000    0.018000
145.000    0.118000    0.020000
155.000    0.085000    0.024000
165.000    0.096000    0.031000
175.000    0.045000    0.054000
------------------------------------------
E =  970.000 MeV, Wght = 1.00, Syst = 0.05
  5.000   -0.105000    0.067000
 15.000   -0.192000    0.040000
 25.000   -0.186000    0.031000
 35.000   -0.166000    0.026000
 45.000   -0.199000    0.023000
 55.000   -0.161000    0.021000
 65.000   -0.138000    0.019000
 75.000   -0.112000    0.018000
 85.000   -0.031000    0.017000
 95.000    0.042000    0.017000
105.000    0.142000    0.017000
115.000    0.145000    0.017000
125.000    0.184000    0.018000
135.000    0.173000    0.019000
145.000    0.158000    0.021000
155.000    0.096000    0.025000
165.000    0.073000    0.033000
175.000   -0.002000    0.058000
------------------------------------------
E =  980.000 MeV, Wght = 1.00, Syst = 0.05
  5.000   -0.178000    0.075000
 15.000   -0.130000    0.045000
 25.000   -0.293000    0.035000
 35.000   -0.219000    0.029000
 45.000   -0.224000    0.025000
 55.000   -0.225000    0.022000
 65.000   -0.165000    0.020000
 75.000   -0.112000    0.019000
 85.000   -0.056000    0.018000
 95.000    0.057000    0.018000
105.000    0.138000    0.018000
115.000    0.188000    0.018000
125.000    0.155000    0.019000
135.000    0.207000    0.020000
145.000    0.092000    0.022000
155.000    0.072000    0.027000
165.000    0.110000    0.036000
175.000    0.063000    0.063000
------------------------------------------
E =  990.000 MeV, Wght = 1.00, Syst = 0.05
  5.000   -0.043000    0.085000
 15.000   -0.252000    0.049000
 25.000   -0.293000    0.037000
 35.000   -0.319000    0.031000
 45.000   -0.269000    0.026000
 55.000   -0.260000    0.023000
 65.000   -0.202000    0.021000
 75.000   -0.153000    0.019000
 85.000   -0.065000    0.018000
 95.000    0.073000    0.018000
105.000    0.122000    0.018000
115.000    0.189000    0.019000
125.000    0.164000    0.020000
135.000    0.215000    0.021000
145.000    0.173000    0.024000
155.000    0.159000    0.028000
165.000    0.129000    0.038000
175.000   -0.075000    0.066000
------------------------------------------
E = 1000.000 MeV, Wght = 1.00, Syst = 0.05
  5.000   -0.225000    0.096000
 15.000   -0.189000    0.054000
 25.000   -0.206000    0.040000
 35.000   -0.348000    0.033000
 45.000   -0.314000    0.027000
 55.000   -0.222000    0.024000
 65.000   -0.220000    0.021000
 75.000   -0.103000    0.020000
 85.000   -0.039000    0.019000
 95.000    0.049000    0.019000
105.000    0.067000    0.019000
115.000    0.148000    0.019000
125.000    0.178000    0.020000
135.000    0.196000    0.022000
145.000    0.173000    0.025000
155.000    0.102000    0.030000
165.000    0.034000    0.039000
175.000    0.116000    0.072000
------------------------------------------
E = 1010.000 MeV, Wght = 1.00, Syst = 0.05
  5.000   -0.157000    0.101000
 15.000   -0.260000    0.059000
 25.000   -0.345000    0.044000
 35.000   -0.342000    0.035000
 45.000   -0.253000    0.028000
 55.000   -0.214000    0.024000
 65.000   -0.169000    0.022000
 75.000   -0.130000    0.020000
 85.000   -0.078000    0.019000
 95.000    0.003000    0.019000
105.000    0.053000    0.019000
115.000    0.122000    0.020000
125.000    0.155000    0.021000
135.000    0.154000    0.023000
145.000    0.175000    0.026000
155.000    0.107000    0.031000
165.000    0.156000    0.043000
175.000    0.022000    0.074000
------------------------------------------
E = 1020.000 MeV, Wght = 1.00, Syst = 0.05
  5.000   -0.061000    0.117000
 15.000   -0.348000    0.063000
 25.000   -0.345000    0.046000
 35.000   -0.233000    0.035000
 45.000   -0.171000    0.029000
 55.000   -0.213000    0.024000
 65.000   -0.130000    0.021000
 75.000   -0.156000    0.020000
 85.000   -0.084000    0.019000
 95.000   -0.028000    0.019000
105.000    0.049000    0.020000
115.000    0.110000    0.021000
125.000    0.143000    0.022000
135.000    0.134000    0.024000
145.000    0.176000    0.027000
155.000    0.143000    0.033000
165.000    0.057000    0.044000
175.000    0.018000    0.078000
------------------------------------------
E = 1030.000 MeV, Wght = 1.00, Syst = 0.05
  5.000   -0.128000    0.123000
 15.000   -0.240000    0.066000
 25.000   -0.311000    0.048000
 35.000   -0.248000    0.036000
 45.000   -0.154000    0.029000
 55.000   -0.160000    0.024000
 65.000   -0.142000    0.022000
 75.000   -0.122000    0.020000
 85.000   -0.113000    0.019000
 95.000   -0.079000    0.019000
105.000   -0.026000    0.020000
115.000    0.103000    0.021000
125.000    0.083000    0.022000
135.000    0.090000    0.024000
145.000    0.189000    0.028000
155.000    0.038000    0.034000
165.000    0.112000    0.047000
175.000    0.091000    0.084000
------------------------------------------
E = 1040.000 MeV, Wght = 1.00, Syst = 0.05
  5.000    0.009000    0.133000
 15.000   -0.251000    0.071000
 25.000   -0.223000    0.049000
 35.000   -0.165000    0.036000
 45.000   -0.217000    0.028000
 55.000   -0.100000    0.024000
 65.000   -0.097000    0.021000
 75.000   -0.098000    0.020000
 85.000   -0.092000    0.020000
 95.000   -0.071000    0.019000
105.000   -0.053000    0.020000
115.000    0.049000    0.021000
125.000    0.057000    0.023000
135.000    0.089000    0.025000
145.000    0.074000    0.030000
155.000    0.159000    0.036000
165.000    0.003000    0.048000
175.000   -0.025000    0.084000
------------------------------------------
E = 1050.000 MeV, Wght = 1.00, Syst = 0.05
  5.000   -0.349000    0.138000
 15.000   -0.138000    0.070000
 25.000   -0.109000    0.048000
 35.000   -0.053000    0.036000
 45.000   -0.067000    0.028000
 55.000   -0.101000    0.024000
 65.000   -0.123000    0.021000
 75.000   -0.065000    0.020000
 85.000   -0.098000    0.020000
 95.000   -0.115000    0.020000
105.000   -0.056000    0.020000
115.000   -0.066000    0.022000
125.000   -0.030000    0.024000
135.000    0.040000    0.026000
145.000    0.002000    0.030000
155.000    0.082000    0.037000
165.000    0.115000    0.049000
175.000    0.138000    0.089000
------------------------------------------
E = 1060.000 MeV, Wght = 1.00, Syst = 0.05
  5.000   -0.094000    0.131000
 15.000   -0.038000    0.071000
 25.000   -0.113000    0.047000
 35.000   -0.059000    0.034000
 45.000    0.012000    0.028000
 55.000   -0.033000    0.023000
 65.000   -0.069000    0.021000
 75.000   -0.064000    0.020000
 85.000   -0.087000    0.020000
 95.000   -0.113000    0.020000
105.000   -0.129000    0.021000
115.000   -0.089000    0.022000
125.000   -0.077000    0.024000
135.000   -0.031000    0.027000
145.000    0.027000    0.031000
155.000   -0.018000    0.038000
165.000    0.090000    0.053000
175.000    0.114000    0.094000
------------------------------------------
E = 1070.000 MeV, Wght = 1.00, Syst = 0.05
  5.000    0.268000    0.133000
 15.000   -0.234000    0.069000
 25.000    0.031000    0.046000
 35.000    0.056000    0.033000
 45.000    0.023000    0.027000
 55.000    0.046000    0.023000
 65.000    0.007000    0.020000
 75.000   -0.045000    0.020000
 85.000   -0.126000    0.019000
 95.000   -0.107000    0.020000
105.000   -0.121000    0.021000
115.000   -0.129000    0.022000
125.000   -0.085000    0.025000
135.000   -0.084000    0.028000
145.000   -0.018000    0.032000
155.000   -0.028000    0.040000
165.000   -0.061000    0.054000
175.000    0.032000    0.096000
------------------------------------------
E = 1080.000 MeV, Wght = 1.00, Syst = 0.05
  5.000    0.055000    0.117000
 15.000    0.075000    0.065000
 25.000   -0.056000    0.043000
 35.000    0.054000    0.032000
 45.000    0.156000    0.026000
 55.000    0.065000    0.023000
 75.000   -0.040000    0.019000
 85.000   -0.097000    0.019000
 95.000   -0.109000    0.020000
105.000   -0.149000    0.021000
115.000   -0.173000    0.023000
125.000   -0.132000    0.025000
135.000   -0.149000    0.028000
145.000   -0.104000    0.033000
155.000   -0.072000    0.041000
165.000   -0.035000    0.056000
175.000   -0.051000    0.101000
------------------------------------------
E = 1090.000 MeV, Wght = 1.00, Syst = 0.05
  5.000    0.164000    0.120000
 15.000   -0.022000    0.063000
 25.000    0.111000    0.042000
 35.000    0.110000    0.031000
 45.000    0.182000    0.026000
 55.000    0.117000    0.022000
 65.000    0.060000    0.020000
 75.000   -0.001000    0.019000
 85.000   -0.083000    0.019000
 95.000   -0.114000    0.020000
105.000   -0.143000    0.022000
115.000   -0.174000    0.023000
125.000   -0.187000    0.026000
135.000   -0.087000    0.029000
145.000   -0.099000    0.035000
155.000   -0.091000    0.044000
165.000   -0.022000    0.058000
175.000    0.012000    0.108000
------------------------------------------
E = 1100.000 MeV, Wght = 1.00, Syst = 0.05
  5.000    0.052000    0.114000
 15.000    0.085000    0.060000
 25.000    0.198000    0.040000
 35.000    0.208000    0.030000
 45.000    0.149000    0.025000
 55.000    0.145000    0.022000
 65.000    0.099000    0.020000
 75.000    0.085000    0.019000
 85.000    0.010000    0.019000
 95.000   -0.115000    0.020000
105.000   -0.143000    0.021000
115.000   -0.165000    0.024000
125.000   -0.224000    0.027000
135.000   -0.168000    0.030000
145.000   -0.115000    0.036000
155.000   -0.053000    0.045000
165.000   -0.118000    0.062000
175.000    0.019000    0.112000
------------------------------------------
E = 1110.000 MeV, Wght = 1.00, Syst = 0.05
  5.000    0.079000    0.115000
 15.000    0.208000    0.059000
 25.000    0.099000    0.040000
 35.000    0.245000    0.030000
 45.000    0.295000    0.025000
 55.000    0.198000    0.021000
 65.000    0.102000    0.020000
 75.000    0.070000    0.019000
 85.000   -0.002000    0.019000
 95.000   -0.082000    0.020000
105.000   -0.095000    0.022000
115.000   -0.141000    0.024000
125.000   -0.214000    0.028000
135.000   -0.171000    0.031000
145.000   -0.100000    0.037000
155.000   -0.186000    0.047000
165.000   -0.185000    0.063000
175.000    0.074000    0.116000
------------------------------------------
E = 1120.000 MeV, Wght = 1.00, Syst = 0.05
  5.000    0.152000    0.113000
 15.000    0.180000    0.056000
 25.000    0.157000    0.039000
 35.000    0.228000    0.030000
 45.000    0.276000    0.024000
 55.000    0.219000    0.021000
 65.000    0.221000    0.020000
 75.000    0.106000    0.019000
 85.000    0.094000    0.019000
 95.000   -0.014000    0.020000
105.000   -0.098000    0.022000
115.000   -0.103000    0.024000
125.000   -0.148000    0.028000
135.000   -0.184000    0.032000
145.000   -0.177000    0.039000
155.000   -0.211000    0.051000
165.000   -0.188000    0.068000
175.000   -0.077000    0.119000
------------------------------------------
E = 1130.000 MeV, Wght = 1.00, Syst = 0.05
  5.000   -0.024000    0.110000
 15.000    0.155000    0.057000
 25.000    0.261000    0.038000
 35.000    0.315000    0.030000
 45.000    0.322000    0.024000
 55.000    0.262000    0.021000
 65.000    0.192000    0.020000
 75.000    0.135000    0.019000
 85.000    0.140000    0.019000
 95.000    0.029000    0.021000
105.000   -0.089000    0.022000
115.000   -0.093000    0.025000
125.000   -0.134000    0.028000
135.000   -0.201000    0.033000
145.000   -0.203000    0.040000
155.000   -0.126000    0.051000
165.000   -0.074000    0.072000
175.000   -0.196000    0.134000
------------------------------------------
E = 1140.000 MeV, Wght = 1.00, Syst = 0.05
  5.000    0.350000    0.109000
 15.000    0.217000    0.057000
 25.000    0.282000    0.038000
 35.000    0.315000    0.029000
 45.000    0.321000    0.024000
 55.000    0.272000    0.021000
 65.000    0.278000    0.020000
 75.000    0.199000    0.019000
 85.000    0.148000    0.019000
 95.000    0.046000    0.020000
105.000    0.019000    0.023000
115.000   -0.048000    0.025000
125.000   -0.115000    0.029000
135.000   -0.174000    0.034000
145.000   -0.242000    0.042000
155.000   -0.196000    0.054000
165.000   -0.087000    0.074000
175.000   -0.226000    0.128000
------------------------------------------
E = 1150.000 MeV, Wght = 1.00, Syst = 0.05
  5.000   -0.068000    0.111000
 15.000    0.271000    0.056000
 25.000    0.272000    0.038000
 35.000    0.343000    0.029000
 45.000    0.347000    0.024000
 55.000    0.355000    0.021000
 65.000    0.294000    0.020000
 75.000    0.235000    0.019000
 85.000    0.151000    0.020000
 95.000    0.087000    0.021000
105.000    0.043000    0.023000
115.000    0.005000    0.026000
125.000   -0.077000    0.030000
135.000   -0.065000    0.035000
145.000   -0.106000    0.043000
155.000   -0.126000    0.055000
165.000   -0.180000    0.075000
175.000   -0.090000    0.142000
------------------------------------------
E = 1160.000 MeV, Wght = 1.00, Syst = 0.05
  5.000    0.150000    0.108000
 15.000    0.182000    0.056000
 25.000    0.333000    0.039000
 35.000    0.396000    0.030000
 45.000    0.391000    0.024000
 55.000    0.344000    0.022000
 65.000    0.315000    0.020000
 75.000    0.255000    0.020000
 85.000    0.219000    0.020000
 95.000    0.186000    0.021000
105.000    0.101000    0.023000
115.000    0.069000    0.026000
125.000    0.023000    0.030000
135.000   -0.051000    0.036000
145.000   -0.117000    0.044000
155.000   -0.142000    0.055000
165.000   -0.042000    0.080000
175.000   -0.102000    0.151000
------------------------------------------
E = 1170.000 MeV, Wght = 1.00, Syst = 0.05
  5.000    0.093000    0.112000
 15.000    0.271000    0.059000
 25.000    0.325000    0.038000
 35.000    0.359000    0.029000
 45.000    0.435000    0.025000
 55.000    0.373000    0.022000
 65.000    0.362000    0.020000
 75.000    0.280000    0.020000
 85.000    0.259000    0.020000
 95.000    0.204000    0.022000
105.000    0.107000    0.023000
115.000    0.105000    0.026000
125.000    0.025000    0.030000
135.000   -0.023000    0.037000
145.000   -0.133000    0.044000
155.000   -0.073000    0.056000
165.000   -0.042000    0.081000
175.000   -0.010000    0.139000
------------------------------------------
E = 1180.000 MeV, Wght = 1.00, Syst = 0.05
  5.000    0.027000    0.116000
 15.000    0.150000    0.057000
 25.000    0.310000    0.039000
 35.000    0.429000    0.030000
 45.000    0.463000    0.025000
 55.000    0.480000    0.022000
 65.000    0.370000    0.021000
 75.000    0.338000    0.021000
 85.000    0.282000    0.021000
 95.000    0.253000    0.022000
105.000    0.205000    0.024000
115.000    0.086000    0.027000
125.000    0.098000    0.031000
135.000    0.036000    0.037000
145.000   -0.074000    0.045000
155.000   -0.208000    0.056000
165.000   -0.013000    0.081000
175.000   -0.082000    0.144000
------------------------------------------
E = 1190.000 MeV, Wght = 1.00, Syst = 0.05
  5.000    0.600000    0.121000
 15.000    0.300000    0.059000
 25.000    0.373000    0.039000
 35.000    0.476000    0.031000
 45.000    0.437000    0.025000
 55.000    0.480000    0.023000
 65.000    0.380000    0.021000
 75.000    0.416000    0.021000
 85.000    0.341000    0.021000
 95.000    0.279000    0.022000
105.000    0.193000    0.024000
115.000    0.181000    0.027000
125.000    0.095000    0.032000
135.000   -0.003000    0.037000
145.000    0.049000    0.045000
155.000   -0.096000    0.057000
165.000   -0.069000    0.079000
175.000   -0.010000    0.142000
------------------------------------------
E = 1200.000 MeV, Wght = 1.00, Syst = 0.05
  5.000    0.090000    0.118000
 15.000    0.220000    0.060000
 25.000    0.354000    0.040000
 35.000    0.447000    0.031000
 45.000    0.433000    0.026000
 55.000    0.411000    0.023000
 65.000    0.455000    0.022000
 75.000    0.392000    0.021000
 85.000    0.332000    0.022000
 95.000    0.309000    0.023000
105.000    0.267000    0.025000
115.000    0.123000    0.028000
125.000   -0.006000    0.032000
135.000    0.043000    0.038000
145.000   -0.002000    0.046000
155.000   -0.062000    0.057000
165.000    0.045000    0.080000
175.000   -0.035000    0.152000
------------------------------------------
E = 1210.000 MeV, Wght = 1.00, Syst = 0.05
  5.000   -0.074000    0.116000
 15.000    0.314000    0.062000
 25.000    0.392000    0.040000
 35.000    0.399000    0.031000
 45.000    0.505000    0.026000
 55.000    0.439000    0.023000
 65.000    0.450000    0.022000
 75.000    0.456000    0.022000
 85.000    0.389000    0.022000
 95.000    0.311000    0.023000
105.000    0.277000    0.025000
115.000    0.226000    0.028000
125.000    0.147000    0.033000
135.000    0.085000    0.038000
145.000    0.063000    0.047000
155.000   -0.101000    0.059000
165.000    0.044000    0.082000
175.000   -0.038000    0.139000
------------------------------------------
E = 1220.000 MeV, Wght = 1.00, Syst = 0.05
  5.000    0.227000    0.122000
 15.000    0.332000    0.061000
 25.000    0.357000    0.041000
 35.000    0.401000    0.032000
 45.000    0.524000    0.027000
 55.000    0.480000    0.024000
 65.000    0.468000    0.023000
 75.000    0.449000    0.022000
 85.000    0.426000    0.022000
 95.000    0.372000    0.024000
105.000    0.270000    0.026000
115.000    0.246000    0.029000
125.000    0.214000    0.032000
135.000    0.066000    0.039000
145.000    0.121000    0.047000
155.000    0.059000    0.059000
165.000   -0.044000    0.080000
175.000    0.019000    0.139000
------------------------------------------
E = 1230.000 MeV, Wght = 1.00, Syst = 0.05
  5.000    0.115000    0.117000
 15.000    0.260000    0.062000
 25.000    0.417000    0.042000
 35.000    0.441000    0.032000
 45.000    0.520000    0.027000
 55.000    0.483000    0.024000
 65.000    0.483000    0.023000
 75.000    0.491000    0.023000
 85.000    0.402000    0.023000
 95.000    0.349000    0.024000
105.000    0.303000    0.026000
115.000    0.221000    0.029000
125.000    0.143000    0.033000
135.000    0.113000    0.039000
145.000    0.107000    0.046000
155.000    0.054000    0.058000
165.000    0.042000    0.078000
175.000   -0.020000    0.142000
------------------------------------------
E = 1240.000 MeV, Wght = 1.00, Syst = 0.05
  5.000    0.420000    0.131000
 15.000    0.360000    0.064000
 25.000    0.440000    0.042000
 35.000    0.405000    0.032000
 45.000    0.449000    0.027000
 55.000    0.524000    0.025000
 65.000    0.504000    0.023000
 75.000    0.485000    0.023000
 85.000    0.426000    0.023000
 95.000    0.392000    0.025000
105.000    0.331000    0.026000
115.000    0.254000    0.029000
125.000    0.194000    0.034000
135.000    0.130000    0.039000
145.000    0.017000    0.046000
155.000    0.035000    0.061000
165.000   -0.016000    0.080000
------------------------------------------
E = 1250.000 MeV, Wght = 1.00, Syst = 0.05
  5.000    0.124000    0.129000
 15.000    0.390000    0.063000
 25.000    0.414000    0.042000
 35.000    0.498000    0.033000
 45.000    0.481000    0.027000
 55.000    0.541000    0.025000
 65.000    0.524000    0.024000
 75.000    0.495000    0.024000
 85.000    0.430000    0.024000
 95.000    0.378000    0.025000
105.000    0.355000    0.027000
115.000    0.282000    0.030000
125.000    0.190000    0.034000
135.000    0.185000    0.040000
145.000    0.107000    0.047000
155.000    0.077000    0.060000
165.000    0.092000    0.081000
175.000    0.062000    0.144000
------------------------------------------
E = 1260.000 MeV, Wght = 1.00, Syst = 0.05
  5.000    0.231000    0.143000
 15.000    0.335000    0.065000
 25.000    0.374000    0.043000
 35.000    0.475000    0.033000
 45.000    0.505000    0.028000
 55.000    0.574000    0.026000
 65.000    0.516000    0.024000
 75.000    0.508000    0.024000
 85.000    0.418000    0.024000
 95.000    0.390000    0.025000
105.000    0.310000    0.027000
115.000    0.332000    0.031000
125.000    0.205000    0.035000
135.000    0.149000    0.040000
145.000    0.105000    0.048000
155.000    0.038000    0.060000
165.000    0.033000    0.077000
175.000   -0.055000    0.135000
------------------------------------------
E = 1270.000 MeV, Wght = 1.00, Syst = 0.05
  5.000    0.242000    0.135000
 15.000    0.333000    0.064000
 25.000    0.391000    0.043000
 35.000    0.462000    0.034000
 45.000    0.518000    0.029000
 55.000    0.554000    0.026000
 65.000    0.514000    0.025000
 75.000    0.541000    0.025000
 85.000    0.448000    0.025000
 95.000    0.422000    0.026000
105.000    0.327000    0.028000
115.000    0.271000    0.031000
125.000    0.216000    0.035000
135.000    0.207000    0.040000
145.000    0.083000    0.048000
155.000    0.082000    0.059000
165.000    0.225000    0.081000
175.000    0.058000    0.152000
------------------------------------------
E = 1280.000 MeV, Wght = 1.00, Syst = 0.05
  5.000    0.188000    0.131000
 15.000    0.336000    0.065000
 25.000    0.388000    0.044000
 35.000    0.465000    0.033000
 45.000    0.540000    0.029000
 55.000    0.573000    0.026000
 65.000    0.574000    0.025000
 75.000    0.487000    0.025000
 85.000    0.463000    0.025000
 95.000    0.427000    0.026000
105.000    0.336000    0.028000
115.000    0.301000    0.031000
125.000    0.217000    0.034000
135.000    0.136000    0.040000
145.000    0.105000    0.048000
155.000    0.134000    0.058000
165.000   -0.021000    0.078000
175.000   -0.341000    0.142000
------------------------------------------
E = 1290.000 MeV, Wght = 1.00, Syst = 0.05
  5.000    0.347000    0.145000
 15.000    0.310000    0.066000
 25.000    0.465000    0.044000
 35.000    0.477000    0.034000
 45.000    0.557000    0.029000
 55.000    0.551000    0.027000
 65.000    0.572000    0.026000
 75.000    0.561000    0.025000
 85.000    0.473000    0.026000
 95.000    0.404000    0.027000
105.000    0.401000    0.029000
115.000    0.261000    0.032000
125.000    0.238000    0.036000
135.000    0.162000    0.042000
145.000    0.193000    0.047000
155.000    0.173000    0.059000
165.000   -0.076000    0.078000
175.000   -0.185000    0.140000
------------------------------------------
E = 1300.000 MeV, Wght = 1.00, Syst = 0.05
  5.000    0.079000    0.141000
 15.000    0.332000    0.066000
 25.000    0.386000    0.045000
 35.000    0.481000    0.034000
 45.000    0.506000    0.030000
 55.000    0.549000    0.027000
 65.000    0.588000    0.026000
 75.000    0.515000    0.026000
 85.000    0.491000    0.026000
 95.000    0.453000    0.027000
105.000    0.353000    0.029000
115.000    0.294000    0.032000
125.000    0.219000    0.036000
135.000    0.177000    0.042000
145.000    0.189000    0.049000
155.000    0.121000    0.059000
165.000    0.136000    0.077000
175.000    0.192000    0.136000
------------------------------------------
E = 1310.000 MeV, Wght = 1.00, Syst = 0.05
  5.000    0.133000    0.144000
 15.000    0.342000    0.069000
 25.000    0.471000    0.045000
 35.000    0.381000    0.034000
 45.000    0.560000    0.030000
 55.000    0.587000    0.028000
 65.000    0.595000    0.027000
 75.000    0.562000    0.026000
 85.000    0.459000    0.026000
 95.000    0.419000    0.028000
105.000    0.353000    0.030000
115.000    0.291000    0.032000
125.000    0.248000    0.037000
135.000    0.149000    0.041000
145.000    0.111000    0.048000
155.000    0.050000    0.059000
165.000    0.085000    0.076000
175.000    0.239000    0.129000
------------------------------------------
E = 1320.000 MeV, Wght = 1.00, Syst = 0.05
  5.000    0.286000    0.139000
 15.000    0.487000    0.069000
 25.000    0.382000    0.045000
 35.000    0.470000    0.035000
 45.000    0.555000    0.030000
 55.000    0.583000    0.028000
 65.000    0.583000    0.027000
 75.000    0.555000    0.027000
 85.000    0.511000    0.027000
 95.000    0.419000    0.028000
105.000    0.371000    0.031000
115.000    0.287000    0.033000
125.000    0.263000    0.038000
135.000    0.264000    0.043000
145.000    0.102000    0.049000
155.000    0.166000    0.062000
165.000   -0.026000    0.080000
175.000    0.113000    0.143000
------------------------------------------
E = 1330.000 MeV, Wght = 1.00, Syst = 0.05
  5.000    0.092000    0.143000
 15.000    0.470000    0.070000
 25.000    0.432000    0.045000
 35.000    0.463000    0.035000
 45.000    0.531000    0.030000
 55.000    0.597000    0.028000
 65.000    0.589000    0.027000
 75.000    0.535000    0.027000
 85.000    0.526000    0.027000
 95.000    0.465000    0.029000
105.000    0.397000    0.031000
115.000    0.291000    0.034000
125.000    0.280000    0.037000
135.000    0.249000    0.042000
145.000    0.130000    0.049000
155.000    0.009000    0.059000
165.000    0.061000    0.078000
175.000    0.325000    0.142000
------------------------------------------
E = 1340.000 MeV, Wght = 1.00, Syst = 0.05
  5.000    0.031000    0.145000
 15.000    0.373000    0.069000
 25.000    0.467000    0.046000
 35.000    0.490000    0.035000
 45.000    0.564000    0.031000
 55.000    0.621000    0.029000
 65.000    0.535000    0.027000
 75.000    0.538000    0.027000
 85.000    0.463000    0.028000
 95.000    0.489000    0.030000
105.000    0.322000    0.031000
115.000    0.333000    0.034000
125.000    0.269000    0.038000
135.000    0.189000    0.042000
145.000    0.090000    0.050000
155.000    0.072000    0.059000
165.000    0.061000    0.082000
175.000   -0.172000    0.135000
------------------------------------------
E = 1350.000 MeV, Wght = 1.00, Syst = 0.05
  5.000    0.214000    0.155000
 15.000    0.278000    0.071000
 25.000    0.412000    0.045000
 35.000    0.426000    0.035000
 45.000    0.531000    0.031000
 55.000    0.572000    0.029000
 65.000    0.648000    0.028000
 75.000    0.560000    0.028000
 85.000    0.517000    0.028000
 95.000    0.401000    0.029000
105.000    0.342000    0.032000
115.000    0.376000    0.035000
125.000    0.255000    0.038000
135.000    0.146000    0.043000
145.000    0.038000    0.049000
155.000    0.171000    0.059000
165.000    0.071000    0.077000
175.000   -0.066000    0.138000
------------------------------------------
E = 1360.000 MeV, Wght = 1.00, Syst = 0.05
  5.000    0.089000    0.160000
 15.000    0.343000    0.072000
 25.000    0.439000    0.047000
 35.000    0.553000    0.036000
 45.000    0.518000    0.031000
 55.000    0.533000    0.029000
 65.000    0.582000    0.029000
 75.000    0.555000    0.028000
 85.000    0.512000    0.029000
 95.000    0.428000    0.030000
105.000    0.353000    0.032000
115.000    0.243000    0.034000
125.000    0.285000    0.040000
135.000    0.183000    0.044000
145.000    0.080000    0.051000
155.000    0.169000    0.059000
165.000    0.104000    0.079000
175.000   -0.070000    0.132000
------------------------------------------
E = 1370.000 MeV, Wght = 1.00, Syst = 0.05
  5.000    0.065000    0.162000
 15.000    0.522000    0.074000
 25.000    0.415000    0.045000
 35.000    0.527000    0.036000
 45.000    0.495000    0.031000
 55.000    0.582000    0.029000
 65.000    0.565000    0.029000
 75.000    0.513000    0.029000
 85.000    0.527000    0.030000
 95.000    0.392000    0.031000
105.000    0.379000    0.033000
115.000    0.341000    0.036000
125.000    0.292000    0.038000
135.000    0.145000    0.045000
145.000    0.153000    0.050000
155.000    0.180000    0.059000
165.000    0.052000    0.078000
175.000    0.085000    0.131000
------------------------------------------
E = 1380.000 MeV, Wght = 1.00, Syst = 0.05
  5.000    0.204000    0.156000
 15.000    0.401000    0.070000
 25.000    0.479000    0.047000
 35.000    0.470000    0.036000
 45.000    0.538000    0.032000
 55.000    0.581000    0.030000
 65.000    0.591000    0.029000
 75.000    0.594000    0.029000
 85.000    0.505000    0.030000
 95.000    0.427000    0.031000
105.000    0.363000    0.033000
115.000    0.326000    0.035000
125.000    0.230000    0.040000
135.000    0.159000    0.044000
145.000    0.148000    0.050000
155.000    0.076000    0.060000
165.000    0.162000    0.079000
175.000    0.138000    0.146000
------------------------------------------
E = 1390.000 MeV, Wght = 1.00, Syst = 0.05
  5.000    0.390000    0.162000
 15.000    0.457000    0.074000
 25.000    0.450000    0.047000
 35.000    0.517000    0.036000
 45.000    0.548000    0.032000
 55.000    0.611000    0.030000
 65.000    0.604000    0.030000
 75.000    0.627000    0.030000
 85.000    0.543000    0.031000
 95.000    0.485000    0.031000
105.000    0.396000    0.034000
115.000    0.317000    0.036000
125.000    0.211000    0.040000
135.000    0.126000    0.045000
145.000    0.024000    0.050000
155.000    0.100000    0.061000
165.000    0.112000    0.080000
175.000   -0.077000    0.149000
------------------------------------------
E = 1400.000 MeV, Wght = 1.00, Syst = 0.05
  5.000    0.289000    0.154000
 15.000    0.383000    0.073000
 25.000    0.409000    0.046000
 35.000    0.553000    0.036000
 45.000    0.509000    0.032000
 55.000    0.550000    0.030000
 65.000    0.638000    0.030000
 75.000    0.568000    0.030000
 85.000    0.492000    0.031000
 95.000    0.455000    0.032000
105.000    0.434000    0.034000
115.000    0.322000    0.037000
125.000    0.313000    0.040000
135.000    0.170000    0.044000
145.000    0.033000    0.052000
155.000    0.005000    0.058000
165.000   -0.129000    0.076000
175.000   -0.021000    0.146000
------------------------------------------
E = 1410.000 MeV, Wght = 1.00, Syst = 0.05
  5.000    0.240000    0.164000
 15.000    0.338000    0.073000
 25.000    0.444000    0.047000
 35.000    0.435000    0.037000
 45.000    0.496000    0.032000
 55.000    0.644000    0.031000
 65.000    0.609000    0.031000
 75.000    0.613000    0.031000
 85.000    0.531000    0.031000
 95.000    0.503000    0.032000
105.000    0.386000    0.035000
115.000    0.297000    0.037000
125.000    0.196000    0.040000
135.000    0.157000    0.046000
145.000    0.122000    0.052000
155.000    0.022000    0.061000
165.000   -0.124000    0.081000
175.000   -0.095000    0.138000
------------------------------------------
E = 1420.000 MeV, Wght = 1.00, Syst = 0.05
  5.000    0.245000    0.162000
 15.000    0.359000    0.072000
 25.000    0.375000    0.047000
 35.000    0.418000    0.036000
 45.000    0.548000    0.032000
 55.000    0.582000    0.031000
 65.000    0.581000    0.031000
 75.000    0.550000    0.031000
 85.000    0.506000    0.032000
 95.000    0.469000    0.033000
105.000    0.354000    0.035000
115.000    0.297000    0.037000
125.000    0.248000    0.040000
135.000    0.112000    0.045000
145.000    0.127000    0.051000
155.000   -0.079000    0.061000
165.000   -0.080000    0.079000
175.000    0.340000    0.148000
------------------------------------------
E = 1430.000 MeV, Wght = 1.00, Syst = 0.05
  5.000    0.193000    0.173000
 15.000    0.498000    0.075000
 25.000    0.366000    0.047000
 35.000    0.463000    0.036000
 45.000    0.539000    0.033000
 55.000    0.609000    0.031000
 65.000    0.626000    0.031000
 75.000    0.631000    0.032000
 85.000    0.529000    0.032000
 95.000    0.479000    0.033000
105.000    0.408000    0.035000
115.000    0.306000    0.038000
125.000    0.176000    0.041000
135.000    0.121000    0.045000
145.000    0.090000    0.052000
155.000   -0.060000    0.063000
165.000    0.141000    0.080000
175.000    0.256000    0.144000
------------------------------------------
E = 1440.000 MeV, Wght = 1.00, Syst = 0.05
  5.000    0.486000    0.169000
 15.000    0.304000    0.074000
 25.000    0.468000    0.047000
 35.000    0.432000    0.036000
 45.000    0.516000    0.032000
 55.000    0.563000    0.031000
 65.000    0.611000    0.032000
 75.000    0.574000    0.032000
 85.000    0.503000    0.033000
 95.000    0.440000    0.033000
105.000    0.409000    0.035000
115.000    0.371000    0.038000
125.000    0.207000    0.042000
135.000    0.216000    0.047000
145.000    0.088000    0.054000
155.000    0.065000    0.063000
165.000    0.050000    0.081000
175.000   -0.095000    0.138000
------------------------------------------
E = 1450.000 MeV, Wght = 1.00, Syst = 0.05
  5.000    0.253000    0.160000
 15.000    0.360000    0.073000
 25.000    0.374000    0.047000
 35.000    0.456000    0.037000
 45.000    0.535000    0.032000
 55.000    0.567000    0.032000
 65.000    0.578000    0.032000
 75.000    0.519000    0.032000
 85.000    0.552000    0.034000
 95.000    0.493000    0.035000
105.000    0.429000    0.036000
115.000    0.272000    0.038000
125.000    0.213000    0.042000
135.000    0.142000    0.048000
145.000    0.100000    0.052000
155.000    0.004000    0.063000
165.000    0.063000    0.081000
175.000    0.161000    0.134000
------------------------------------------
E = 1460.000 MeV, Wght = 1.00, Syst = 0.05
  5.000    0.336000    0.166000
 15.000    0.441000    0.075000
 25.000    0.477000    0.048000
 35.000    0.402000    0.037000
 45.000    0.516000    0.033000
 55.000    0.580000    0.032000
 65.000    0.614000    0.032000
 75.000    0.535000    0.033000
 85.000    0.495000    0.034000
 95.000    0.398000    0.034000
105.000    0.341000    0.037000
115.000    0.222000    0.039000
125.000    0.156000    0.042000
135.000    0.108000    0.046000
145.000    0.028000    0.054000
155.000    0.055000    0.061000
165.000    0.156000    0.081000
175.000   -0.091000    0.151000
------------------------------------------
E = 1470.000 MeV, Wght = 1.00, Syst = 0.05
  5.000    0.154000    0.161000
 15.000    0.388000    0.076000
 25.000    0.355000    0.047000
 35.000    0.417000    0.037000
 45.000    0.507000    0.033000
 55.000    0.610000    0.032000
 65.000    0.536000    0.032000
 75.000    0.558000    0.034000
 85.000    0.595000    0.034000
 95.000    0.456000    0.035000
105.000    0.339000    0.037000
115.000    0.245000    0.039000
125.000    0.204000    0.042000
135.000    0.116000    0.047000
145.000    0.144000    0.053000
155.000    0.082000    0.062000
165.000   -0.113000    0.081000
175.000   -0.176000    0.145000
------------------------------------------
E = 1480.000 MeV, Wght = 1.00, Syst = 0.05
  5.000    0.068000    0.165000
 15.000    0.330000    0.076000
 25.000    0.330000    0.048000
 35.000    0.411000    0.037000
 45.000    0.509000    0.034000
 55.000    0.550000    0.033000
 65.000    0.627000    0.033000
 75.000    0.545000    0.034000
 85.000    0.546000    0.035000
 95.000    0.507000    0.036000
105.000    0.415000    0.038000
115.000    0.264000    0.039000
125.000    0.200000    0.043000
135.000    0.185000    0.048000
145.000   -0.024000    0.055000
155.000    0.032000    0.064000
165.000    0.054000    0.079000
175.000   -0.072000    0.127000
------------------------------------------
E = 1490.000 MeV, Wght = 1.00, Syst = 0.05
  5.000    0.239000    0.174000
 15.000    0.260000    0.075000
 25.000    0.394000    0.047000
 35.000    0.403000    0.036000
 45.000    0.439000    0.033000
 55.000    0.518000    0.033000
 65.000    0.612000    0.033000
 75.000    0.609000    0.034000
 85.000    0.489000    0.035000
 95.000    0.411000    0.036000
105.000    0.358000    0.038000
115.000    0.262000    0.040000
125.000    0.194000    0.043000
135.000    0.063000    0.048000
145.000    0.004000    0.054000
155.000    0.067000    0.063000
165.000    0.044000    0.083000
175.000   -0.020000    0.141000
------------------------------------------
E = 1500.000 MeV, Wght = 1.00, Syst = 0.05
  5.000    0.272000    0.181000
 15.000    0.298000    0.077000
 25.000    0.218000    0.046000
 35.000    0.423000    0.037000
 45.000    0.532000    0.034000
 55.000    0.568000    0.033000
 65.000    0.619000    0.034000
 75.000    0.571000    0.034000
 85.000    0.545000    0.036000
 95.000    0.455000    0.036000
105.000    0.383000    0.038000
115.000    0.277000    0.041000
125.000    0.174000    0.043000
135.000    0.126000    0.048000
145.000    0.029000    0.054000
155.000    0.012000    0.064000
165.000    0.012000    0.078000
175.000   -0.179000    0.134000
------------------------------------------
