E =  160.000 MeV, Wght = 1.00, Syst = 0.05
  5.0000   0.000000    0.393000
 15.000    0.182000    0.266000
 25.000    0.231000    0.224000
 35.000    0.299000    0.164000
 45.000    0.381000    0.150000
 55.000    0.210000    0.133000
 65.000    0.342000    0.117000
 75.000    0.334000    0.108000
 85.000    0.552000    0.106000
 95.000    0.402000    0.111000
105.000    0.286000    0.103000
115.000    0.415000    0.100000
125.000    0.250000    0.107000
135.000    0.183000    0.117000
145.000    0.044000    0.119000
155.000   -0.011000    0.143000
165.000    0.105000    0.184000
175.000    0.314000    0.298000
------------------------------------------
E =  170.000 MeV, Wght = 1.00, Syst = 0.05
  5.000    0.089000    0.295000
 15.000    0.175000    0.177000
 25.000    0.203000    0.132000
 35.000    0.433000    0.121000
 45.000    0.298000    0.105000
 55.000    0.490000    0.097000
 65.000    0.489000    0.083000
 75.000    0.488000    0.080000
 85.000    0.445000    0.075000
 95.000    0.432000    0.075000
105.000    0.541000    0.072000
115.000    0.336000    0.075000
125.000    0.291000    0.074000
135.000    0.388000    0.081000
145.000    0.298000    0.093000
155.000   -0.060000    0.103000
165.000    0.025000    0.126000
175.000    0.187000    0.230000
------------------------------------------
E =  180.000 MeV, Wght = 1.00, Syst = 0.05
  5.000   -0.444000    0.302000
 15.000    0.107000    0.145000
 25.000    0.233000    0.113000
 35.000    0.356000    0.095000
 45.000    0.425000    0.081000
 55.000    0.401000    0.071000
 65.000    0.453000    0.063000
 75.000    0.428000    0.061000
 85.000    0.430000    0.058000
 95.000    0.469000    0.056000
105.000    0.456000    0.057000
115.000    0.461000    0.056000
125.000    0.524000    0.061000
135.000    0.346000    0.062000
145.000    0.305000    0.070000
155.000    0.131000    0.080000
165.000    0.230000    0.098000
175.000   -0.063000    0.203000
------------------------------------------
E =  190.000 MeV, Wght = 1.00, Syst = 0.05
  5.000   -0.158000    0.212000
 15.000    0.298000    0.121000
 25.000    0.135000    0.096000
 35.000    0.250000    0.075000
 45.000    0.194000    0.065000
 55.000    0.381000    0.058000
 65.000    0.334000    0.052000
 75.000    0.380000    0.049000
 85.000    0.377000    0.046000
 95.000    0.488000    0.046000
105.000    0.448000    0.046000
115.000    0.456000    0.047000
125.000    0.381000    0.048000
135.000    0.342000    0.052000
145.000    0.259000    0.058000
155.000    0.252000    0.067000
165.000    0.126000    0.084000
175.000   -0.082000    0.152000
------------------------------------------
E =  200.000 MeV, Wght = 1.00, Syst = 0.05
  5.000   -0.036000    0.187000
 15.000   -0.044000    0.104000
 25.000    0.149000    0.077000
 35.000    0.203000    0.063000
 45.000    0.288000    0.053000
 55.000    0.282000    0.047000
 65.000    0.358000    0.044000
 75.000    0.356000    0.040000
 85.000    0.399000    0.039000
 95.000    0.413000    0.038000
105.000    0.464000    0.038000
115.000    0.456000    0.040000
125.000    0.416000    0.041000
135.000    0.341000    0.044000
145.000    0.344000    0.050000
155.000    0.448000    0.059000
165.000    0.072000    0.074000
175.000    0.048000    0.125000
------------------------------------------
E =  210.000 MeV, Wght = 1.00, Syst = 0.05
  5.000    0.079000    0.160000
 15.000   -0.041000    0.090000
 25.000    0.183000    0.066000
 35.000    0.190000    0.053000
 45.000    0.275000    0.045000
 55.000    0.210000    0.040000
 65.000    0.317000    0.036000
 75.000    0.315000    0.034000
 85.000    0.375000    0.033000
 95.000    0.403000    0.032000
105.000    0.371000    0.032000
115.000    0.360000    0.034000
125.000    0.414000    0.036000
135.000    0.426000    0.039000
145.000    0.339000    0.043000
155.000    0.297000    0.052000
165.000    0.180000    0.068000
175.000    0.012000    0.110000
------------------------------------------
E =  220.000 MeV, Wght = 1.00, Syst = 0.05
  5.000    0.019000    0.136000
 15.000    0.092000    0.074000
 25.000    0.052000    0.056000
 35.000    0.087000    0.046000
 45.000    0.116000    0.039000
 55.000    0.247000    0.034000
 65.000    0.225000    0.030000
 75.000    0.286000    0.029000
 85.000    0.315000    0.028000
 95.000    0.361000    0.027000
105.000    0.385000    0.028000
115.000    0.434000    0.029000
125.000    0.397000    0.030000
135.000    0.418000    0.034000
145.000    0.356000    0.038000
155.000    0.367000    0.046000
165.000    0.158000    0.059000
175.000    0.049000    0.098000
------------------------------------------
E =  230.000 MeV, Wght = 1.00, Syst = 0.05
  5.000    0.050000    0.118000
 15.000    0.076000    0.068000
 25.000   -0.011000    0.050000
 35.000    0.104000    0.040000
 45.000    0.146000    0.034000
 55.000    0.186000    0.029000
 65.000    0.237000    0.026000
 75.000    0.248000    0.025000
 85.000    0.289000    0.024000
 95.000    0.328000    0.024000
105.000    0.363000    0.024000
115.000    0.376000    0.025000
125.000    0.392000    0.027000
135.000    0.350000    0.030000
145.000    0.333000    0.034000
155.000    0.322000    0.040000
165.000    0.182000    0.053000
175.000    0.066000    0.090000
------------------------------------------
E =  240.000 MeV, Wght = 1.00, Syst = 0.05
  5.000   -0.045000    0.105000
 15.000    0.026000    0.058000
 25.000    0.055000    0.044000
 35.000    0.046000    0.034000
 45.000    0.097000    0.029000
 55.000    0.097000    0.025000
 65.000    0.172000    0.023000
 75.000    0.195000    0.021000
 85.000    0.237000    0.020000
 95.000    0.287000    0.021000
105.000    0.380000    0.021000
115.000    0.390000    0.022000
125.000    0.397000    0.024000
135.000    0.418000    0.026000
145.000    0.444000    0.030000
155.000    0.259000    0.036000
165.000    0.199000    0.048000
175.000    0.107000    0.084000
------------------------------------------
E =  250.000 MeV, Wght = 1.00, Syst = 0.05
  5.000   -0.073000    0.092000
 15.000    0.057000    0.053000
 25.000    0.041000    0.038000
 35.000    0.024000    0.030000
 45.000    0.021000    0.025000
 55.000    0.059000    0.022000
 65.000    0.114000    0.020000
 75.000    0.177000    0.019000
 85.000    0.194000    0.018000
 95.000    0.266000    0.018000
105.000    0.292000    0.018000
115.000    0.350000    0.020000
125.000    0.374000    0.021000
135.000    0.394000    0.024000
145.000    0.398000    0.027000
155.000    0.335000    0.033000
165.000    0.226000    0.043000
175.000    0.080000    0.075000
------------------------------------------
E =  260.000 MeV, Wght = 1.00, Syst = 0.05
  5.000   -0.003000    0.081000
 15.000   -0.063000    0.046000
 25.000    0.007000    0.033000
 35.000   -0.055000    0.027000
 45.000    0.021000    0.022000
 55.000    0.081000    0.019000
 65.000    0.101000    0.018000
 75.000    0.131000    0.016000
 85.000    0.193000    0.016000
 95.000    0.220000    0.016000
105.000    0.309000    0.016000
115.000    0.371000    0.017000
125.000    0.362000    0.019000
135.000    0.385000    0.021000
145.000    0.397000    0.025000
155.000    0.357000    0.030000
165.000    0.181000    0.040000
175.000    0.076000    0.070000
------------------------------------------
E =  270.000 MeV, Wght = 1.00, Syst = 0.05
  5.000   -0.074000    0.075000
 15.000   -0.094000    0.041000
 25.000   -0.081000    0.030000
 35.000   -0.056000    0.024000
 45.000   -0.015000    0.020000
 55.000    0.007000    0.017000
 65.000    0.061000    0.015000
 75.000    0.077000    0.014000
 85.000    0.149000    0.014000
 95.000    0.223000    0.014000
105.000    0.270000    0.014000
115.000    0.330000    0.015000
125.000    0.356000    0.017000
135.000    0.369000    0.019000
145.000    0.390000    0.022000
155.000    0.346000    0.028000
165.000    0.299000    0.037000
175.000    0.136000    0.064000
------------------------------------------
E =  280.000 MeV, Wght = 1.00, Syst = 0.05
  5.000   -0.074000    0.066000
 15.000   -0.086000    0.036000
 25.000   -0.080000    0.027000
 35.000   -0.078000    0.021000
 45.000   -0.029000    0.018000
 55.000   -0.009000    0.015000
 65.000    0.037000    0.014000
 75.000    0.075000    0.013000
 85.000    0.122000    0.013000
 95.000    0.175000    0.013000
105.000    0.262000    0.013000
115.000    0.325000    0.014000
125.000    0.349000    0.015000
135.000    0.370000    0.018000
145.000    0.387000    0.021000
155.000    0.358000    0.026000
165.000    0.286000    0.034000
175.000    0.152000    0.060000
------------------------------------------
E =  290.000 MeV, Wght = 1.00, Syst = 0.05
  5.000   -0.111000    0.061000
 15.000   -0.094000    0.034000
 25.000   -0.072000    0.025000
 35.000   -0.090000    0.020000
 45.000   -0.053000    0.016000
 55.000   -0.044000    0.014000
 65.000   -0.011000    0.013000
 75.000    0.063000    0.012000
 85.000    0.121000    0.011000
 95.000    0.176000    0.012000
105.000    0.214000    0.012000
115.000    0.293000    0.013000
125.000    0.342000    0.014000
135.000    0.388000    0.016000
145.000    0.402000    0.020000
155.000    0.341000    0.025000
165.000    0.257000    0.033000
175.000    0.218000    0.059000
------------------------------------------
E =  300.000 MeV, Wght = 1.00, Syst = 0.05
  5.000   -0.083000    0.057000
 15.000   -0.188000    0.032000
 25.000   -0.093000    0.023000
 35.000   -0.113000    0.018000
 45.000   -0.105000    0.015000
 55.000   -0.065000    0.013000
 65.000   -0.036000    0.012000
 75.000    0.041000    0.011000
 85.000    0.068000    0.011000
 95.000    0.163000    0.011000
105.000    0.199000    0.011000
115.000    0.271000    0.012000
125.000    0.318000    0.014000
135.000    0.368000    0.016000
145.000    0.428000    0.019000
155.000    0.382000    0.024000
165.000    0.303000    0.032000
175.000    0.171000    0.058000
------------------------------------------
E =  310.000 MeV, Wght = 1.00, Syst = 0.05
  5.000    0.031000    0.056000
 15.000   -0.138000    0.031000
 25.000   -0.128000    0.023000
 35.000   -0.105000    0.018000
 45.000   -0.131000    0.015000
 55.000   -0.101000    0.013000
 65.000   -0.037000    0.012000
 75.000    0.030000    0.011000
 85.000    0.057000    0.011000
 95.000    0.123000    0.011000
105.000    0.199000    0.011000
115.000    0.260000    0.012000
125.000    0.324000    0.013000
135.000    0.369000    0.016000
145.000    0.412000    0.019000
155.000    0.417000    0.024000
165.000    0.330000    0.033000
175.000    0.223000    0.058000
------------------------------------------
E =  320.000 MeV, Wght = 1.00, Syst = 0.05
  5.000   -0.065000    0.055000
 15.000   -0.118000    0.031000
 25.000   -0.176000    0.022000
 35.000   -0.148000    0.018000
 45.000   -0.131000    0.015000
 55.000   -0.125000    0.013000
 65.000   -0.072000    0.012000
 75.000   -0.008000    0.011000
 85.000    0.044000    0.011000
 95.000    0.096000    0.011000
105.000    0.157000    0.011000
115.000    0.240000    0.012000
125.000    0.298000    0.014000
135.000    0.379000    0.016000
145.000    0.456000    0.019000
155.000    0.360000    0.025000
165.000    0.317000    0.034000
175.000    0.255000    0.062000
------------------------------------------
E =  330.000 MeV, Wght = 1.00, Syst = 0.05
  5.000   -0.026000    0.057000
 15.000   -0.070000    0.031000
 25.000   -0.170000    0.023000
 35.000   -0.174000    0.018000
 45.000   -0.153000    0.015000
 55.000   -0.122000    0.013000
 65.000   -0.106000    0.012000
 75.000   -0.036000    0.011000
 85.000    0.007000    0.011000
 95.000    0.087000    0.011000
105.000    0.140000    0.011000
115.000    0.223000    0.012000
125.000    0.312000    0.014000
135.000    0.388000    0.017000
145.000    0.416000    0.020000
155.000    0.421000    0.026000
165.000    0.352000    0.037000
175.000    0.120000    0.065000
------------------------------------------
E =  340.000 MeV, Wght = 1.00, Syst = 0.05
  5.000   -0.162000    0.058000
 15.000   -0.143000    0.032000
 25.000   -0.201000    0.024000
 35.000   -0.180000    0.019000
 45.000   -0.215000    0.016000
 55.000   -0.164000    0.014000
 65.000   -0.100000    0.012000
 75.000   -0.048000    0.012000
 85.000    0.010000    0.011000
 95.000    0.047000    0.012000
105.000    0.130000    0.012000
115.000    0.209000    0.013000
125.000    0.279000    0.015000
135.000    0.351000    0.018000
145.000    0.395000    0.022000
155.000    0.405000    0.029000
165.000    0.334000    0.040000
175.000    0.206000    0.073000
------------------------------------------
E =  350.000 MeV, Wght = 1.00, Syst = 0.05
  5.000   -0.031000    0.063000
 15.000   -0.197000    0.035000
 25.000   -0.253000    0.025000
 35.000   -0.220000    0.020000
 45.000   -0.235000    0.017000
 55.000   -0.140000    0.015000
 65.000   -0.109000    0.013000
 75.000   -0.094000    0.012000
 85.000   -0.030000    0.012000
 95.000    0.049000    0.012000
105.000    0.108000    0.013000
115.000    0.146000    0.014000
125.000    0.268000    0.016000
135.000    0.368000    0.019000
145.000    0.443000    0.024000
155.000    0.451000    0.031000
165.000    0.318000    0.044000
175.000    0.153000    0.083000
------------------------------------------
E =  360.000 MeV, Wght = 1.00, Syst = 0.05
  5.000   -0.095000    0.066000
 15.000   -0.150000    0.036000
 25.000   -0.196000    0.027000
 35.000   -0.231000    0.021000
 45.000   -0.195000    0.018000
 55.000   -0.169000    0.015000
 65.000   -0.130000    0.014000
 75.000   -0.095000    0.013000
 85.000   -0.035000    0.013000
 95.000    0.003000    0.013000
105.000    0.052000    0.014000
115.000    0.160000    0.015000
125.000    0.239000    0.017000
135.000    0.349000    0.020000
145.000    0.376000    0.026000
155.000    0.461000    0.034000
165.000    0.377000    0.050000
175.000    0.175000    0.089000
------------------------------------------
E =  370.000 MeV, Wght = 1.00, Syst = 0.05
  5.000   -0.088000    0.070000
 15.000   -0.125000    0.039000
 25.000   -0.208000    0.029000
 35.000   -0.208000    0.023000
 45.000   -0.245000    0.019000
 55.000   -0.192000    0.017000
 65.000   -0.183000    0.015000
 75.000   -0.134000    0.014000
 85.000   -0.069000    0.014000
 95.000    0.013000    0.014000
105.000    0.071000    0.015000
115.000    0.123000    0.016000
125.000    0.217000    0.018000
135.000    0.300000    0.022000
145.000    0.425000    0.028000
155.000    0.427000    0.038000
165.000    0.387000    0.054000
175.000    0.128000    0.103000
------------------------------------------
E =  380.000 MeV, Wght = 1.00, Syst = 0.05
  5.000   -0.082000    0.077000
 15.000   -0.142000    0.041000
 25.000   -0.180000    0.031000
 35.000   -0.274000    0.024000
 45.000   -0.253000    0.020000
 55.000   -0.226000    0.018000
 65.000   -0.186000    0.016000
 75.000   -0.157000    0.015000
 85.000   -0.100000    0.015000
 95.000   -0.043000    0.015000
105.000    0.031000    0.016000
115.000    0.096000    0.017000
125.000    0.218000    0.020000
135.000    0.268000    0.023000
145.000    0.352000    0.031000
155.000    0.417000    0.043000
165.000    0.444000    0.063000
175.000    0.065000    0.113000
------------------------------------------
E =  390.000 MeV, Wght = 1.00, Syst = 0.05
  5.000    0.039000    0.079000
 15.000   -0.193000    0.045000
 25.000   -0.199000    0.033000
 35.000   -0.293000    0.026000
 45.000   -0.252000    0.021000
 55.000   -0.246000    0.019000
 65.000   -0.198000    0.017000
 75.000   -0.170000    0.016000
 85.000   -0.110000    0.016000
 95.000   -0.065000    0.016000
105.000    0.008000    0.017000
115.000    0.056000    0.018000
125.000    0.172000    0.021000
135.000    0.244000    0.026000
145.000    0.367000    0.034000
155.000    0.337000    0.046000
165.000    0.573000    0.074000
175.000    0.203000    0.130000
------------------------------------------
E =  400.000 MeV, Wght = 1.00, Syst = 0.05
  5.000   -0.032000    0.084000
 15.000   -0.143000    0.047000
 25.000   -0.213000    0.035000
 35.000   -0.219000    0.028000
 45.000   -0.266000    0.023000
 55.000   -0.258000    0.020000
 65.000   -0.206000    0.018000
 75.000   -0.167000    0.017000
 85.000   -0.191000    0.017000
 95.000   -0.087000    0.017000
105.000   -0.027000    0.018000
115.000    0.017000    0.020000
125.000    0.141000    0.023000
135.000    0.232000    0.028000
145.000    0.350000    0.037000
155.000    0.394000    0.051000
165.000    0.452000    0.080000
175.000    0.285000    0.165000
------------------------------------------
E =  410.000 MeV, Wght = 1.00, Syst = 0.05
  5.000   -0.135000    0.090000
 15.000   -0.089000    0.049000
 25.000   -0.228000    0.037000
 35.000   -0.258000    0.029000
 45.000   -0.281000    0.024000
 55.000   -0.267000    0.022000
 65.000   -0.274000    0.020000
 75.000   -0.192000    0.018000
 85.000   -0.159000    0.018000
 95.000   -0.118000    0.018000
105.000   -0.057000    0.019000
115.000   -0.024000    0.021000
125.000    0.051000    0.025000
135.000    0.217000    0.030000
145.000    0.273000    0.039000
155.000    0.372000    0.057000
165.000    0.341000    0.092000
175.000    0.103000    0.184000
------------------------------------------
E =  420.000 MeV, Wght = 1.00, Syst = 0.05
  5.000   -0.082000    0.097000
 15.000   -0.260000    0.054000
 25.000   -0.191000    0.039000
 35.000   -0.191000    0.031000
 45.000   -0.337000    0.026000
 55.000   -0.284000    0.023000
 65.000   -0.247000    0.021000
 75.000   -0.185000    0.019000
 85.000   -0.166000    0.019000
 95.000   -0.120000    0.019000
105.000   -0.033000    0.020000
115.000   -0.030000    0.022000
125.000    0.037000    0.026000
135.000    0.165000    0.032000
145.000    0.235000    0.043000
155.000    0.433000    0.063000
165.000    0.382000    0.099000
175.000   -0.052000    0.225000
------------------------------------------
E =  430.000 MeV, Wght = 1.00, Syst = 0.05
  5.000    0.121000    0.096000
 15.000   -0.104000    0.055000
 25.000   -0.219000    0.041000
 35.000   -0.202000    0.033000
 45.000   -0.277000    0.028000
 55.000   -0.269000    0.024000
 65.000   -0.255000    0.022000
 75.000   -0.249000    0.021000
 85.000   -0.226000    0.020000
 95.000   -0.181000    0.021000
105.000   -0.138000    0.022000
115.000   -0.004000    0.024000
125.000    0.018000    0.028000
135.000    0.048000    0.035000
145.000    0.198000    0.046000
155.000    0.342000    0.069000
165.000    0.552000    0.114000
175.000    0.238000    0.243000
------------------------------------------
E =  440.000 MeV, Wght = 1.00, Syst = 0.05
  5.000   -0.006000    0.104000
 15.000   -0.149000    0.057000
 25.000   -0.200000    0.043000
 35.000   -0.262000    0.035000
 45.000   -0.298000    0.030000
 55.000   -0.304000    0.026000
 65.000   -0.298000    0.023000
 75.000   -0.283000    0.022000
 85.000   -0.231000    0.021000
 95.000   -0.197000    0.022000
105.000   -0.118000    0.023000
115.000   -0.085000    0.025000
125.000   -0.043000    0.030000
135.000    0.018000    0.037000
145.000    0.089000    0.051000
155.000    0.377000    0.074000
165.000    0.191000    0.131000
175.000    0.171000    0.291000
------------------------------------------
E =  450.000 MeV, Wght = 1.00, Syst = 0.05
  5.000   -0.075000    0.111000
 15.000   -0.105000    0.061000
 25.000   -0.071000    0.045000
 35.000   -0.277000    0.037000
 45.000   -0.222000    0.031000
 55.000   -0.286000    0.028000
 65.000   -0.278000    0.025000
 75.000   -0.282000    0.023000
 85.000   -0.241000    0.023000
 95.000   -0.183000    0.023000
105.000   -0.165000    0.025000
115.000   -0.155000    0.027000
125.000   -0.076000    0.032000
135.000    0.002000    0.040000
145.000    0.129000    0.054000
155.000    0.231000    0.083000
165.000    0.302000    0.138000
175.000    0.103000    0.319000
------------------------------------------
E =  460.000 MeV, Wght = 1.00, Syst = 0.05
  5.000   -0.021000    0.117000
 15.000   -0.044000    0.066000
 25.000   -0.201000    0.048000
 35.000   -0.298000    0.040000
 45.000   -0.240000    0.033000
 55.000   -0.312000    0.029000
 65.000   -0.348000    0.026000
 75.000   -0.313000    0.025000
 85.000   -0.264000    0.024000
 95.000   -0.208000    0.024000
105.000   -0.232000    0.026000
115.000   -0.115000    0.029000
125.000   -0.115000    0.034000
135.000   -0.118000    0.042000
145.000    0.176000    0.058000
155.000    0.201000    0.086000
165.000    0.215000    0.158000
175.000    0.863000    0.429000
------------------------------------------
E =  470.000 MeV, Wght = 1.00, Syst = 0.05
  5.000    0.055000    0.116000
 15.000   -0.185000    0.067000
 25.000   -0.245000    0.051000
 35.000   -0.197000    0.040000
 45.000   -0.306000    0.035000
 55.000   -0.369000    0.031000
 65.000   -0.351000    0.028000
 75.000   -0.313000    0.026000
 85.000   -0.304000    0.025000
 95.000   -0.279000    0.026000
105.000   -0.252000    0.027000
115.000   -0.154000    0.030000
125.000   -0.206000    0.036000
135.000   -0.061000    0.045000
145.000   -0.035000    0.062000
155.000    0.152000    0.094000
165.000    0.434000    0.189000
175.000   -0.735000    0.523000
------------------------------------------
E =  480.000 MeV, Wght = 1.00, Syst = 0.05
  5.000   -0.008000    0.127000
 15.000   -0.093000    0.070000
 25.000   -0.230000    0.054000
 35.000   -0.225000    0.044000
 45.000   -0.212000    0.037000
 55.000   -0.263000    0.032000
 65.000   -0.309000    0.029000
 75.000   -0.350000    0.028000
 85.000   -0.295000    0.026000
 95.000   -0.281000    0.027000
105.000   -0.255000    0.029000
115.000   -0.301000    0.032000
125.000   -0.176000    0.039000
135.000   -0.178000    0.047000
145.000   -0.082000    0.065000
155.000   -0.088000    0.104000
165.000   -0.020000    0.197000
175.000    0.218000    0.658000
------------------------------------------
E =  490.000 MeV, Wght = 1.00, Syst = 0.05
  5.000   -0.223000    0.136000
 15.000   -0.150000    0.076000
 25.000   -0.200000    0.056000
 35.000   -0.268000    0.046000
 45.000   -0.263000    0.039000
 55.000   -0.325000    0.035000
 65.000   -0.318000    0.031000
 75.000   -0.340000    0.029000
 85.000   -0.341000    0.028000
 95.000   -0.368000    0.029000
105.000   -0.256000    0.030000
115.000   -0.231000    0.033000
125.000   -0.226000    0.040000
135.000   -0.206000    0.051000
145.000   -0.200000    0.069000
155.000   -0.154000    0.108000
165.000   -0.027000    0.230000
------------------------------------------
E =  500.000 MeV, Wght = 1.00, Syst = 0.05
  5.000    0.044000    0.147000
 15.000   -0.060000    0.079000
 25.000   -0.162000    0.059000
 35.000   -0.235000    0.048000
 45.000   -0.273000    0.042000
 55.000   -0.320000    0.037000
 65.000   -0.359000    0.033000
 75.000   -0.361000    0.030000
 85.000   -0.416000    0.030000
 95.000   -0.353000    0.030000
105.000   -0.348000    0.031000
115.000   -0.347000    0.035000
125.000   -0.261000    0.042000
135.000   -0.186000    0.053000
145.000   -0.312000    0.073000
155.000   -0.021000    0.118000
165.000   -0.655000    0.230000
175.000    0.655000    1.196000
------------------------------------------
E =  510.000 MeV, Wght = 1.00, Syst = 0.05
  5.000   -0.010000    0.142000
 15.000   -0.139000    0.083000
 25.000   -0.140000    0.062000
 35.000   -0.217000    0.051000
 45.000   -0.294000    0.043000
 55.000   -0.328000    0.039000
 65.000   -0.367000    0.035000
 75.000   -0.428000    0.033000
 85.000   -0.413000    0.031000
 95.000   -0.431000    0.031000
105.000   -0.337000    0.033000
115.000   -0.374000    0.037000
125.000   -0.325000    0.044000
135.000   -0.280000    0.056000
145.000   -0.285000    0.079000
155.000   -0.339000    0.126000
165.000   -0.393000    0.259000
175.000   -1.091000    0.749000
------------------------------------------
E =  520.000 MeV, Wght = 1.00, Syst = 0.05
  5.000   -0.034000    0.150000
 15.000   -0.165000    0.088000
 25.000   -0.056000    0.066000
 35.000   -0.208000    0.054000
 45.000   -0.214000    0.047000
 55.000   -0.332000    0.040000
 65.000   -0.401000    0.037000
 75.000   -0.456000    0.034000
 85.000   -0.422000    0.033000
 95.000   -0.417000    0.033000
105.000   -0.410000    0.035000
115.000   -0.413000    0.039000
125.000   -0.421000    0.046000
135.000   -0.343000    0.059000
145.000   -0.348000    0.079000
155.000   -0.182000    0.131000
165.000   -0.291000    0.270000
175.000   -1.965000    1.050000
------------------------------------------
E =  530.000 MeV, Wght = 1.00, Syst = 0.05
  5.000   -0.138000    0.158000
 15.000    0.051000    0.091000
 25.000   -0.124000    0.069000
 35.000   -0.067000    0.057000
 45.000   -0.305000    0.048000
 55.000   -0.361000    0.042000
 65.000   -0.390000    0.038000
 75.000   -0.481000    0.035000
 85.000   -0.434000    0.034000
 95.000   -0.497000    0.034000
105.000   -0.481000    0.036000
115.000   -0.480000    0.041000
125.000   -0.476000    0.048000
135.000   -0.353000    0.060000
145.000   -0.298000    0.081000
155.000   -0.199000    0.141000
165.000   -0.567000    0.267000
175.000   -0.985000    1.101000
------------------------------------------
E =  540.000 MeV, Wght = 1.00, Syst = 0.05
  5.000   -0.168000    0.174000
 15.000   -0.129000    0.097000
 25.000   -0.120000    0.073000
 35.000   -0.097000    0.058000
 45.000   -0.370000    0.052000
 55.000   -0.475000    0.045000
 65.000   -0.450000    0.040000
 75.000   -0.452000    0.037000
 85.000   -0.492000    0.036000
 95.000   -0.545000    0.037000
105.000   -0.454000    0.038000
115.000   -0.450000    0.042000
125.000   -0.492000    0.050000
135.000   -0.455000    0.065000
145.000   -0.430000    0.086000
155.000   -0.617000    0.136000
165.000   -0.394000    0.284000
------------------------------------------
E =  550.000 MeV, Wght = 1.00, Syst = 0.05
 15.000    0.054000    0.099000
 25.000   -0.003000    0.078000
 35.000   -0.204000    0.062000
 45.000   -0.310000    0.054000
 55.000   -0.365000    0.047000
 65.000   -0.455000    0.043000
 75.000   -0.481000    0.039000
 85.000   -0.527000    0.038000
 95.000   -0.520000    0.038000
105.000   -0.539000    0.039000
115.000   -0.542000    0.043000
125.000   -0.556000    0.052000
135.000   -0.524000    0.066000
145.000   -0.251000    0.090000
155.000   -0.505000    0.140000
165.000    0.025000    0.224000
175.000   -1.359000    0.662000
------------------------------------------
E =  560.000 MeV, Wght = 1.00, Syst = 0.05
  5.000   -0.116000    0.169000
 15.000    0.006000    0.111000
 25.000   -0.115000    0.081000
 35.000   -0.252000    0.066000
 45.000   -0.305000    0.059000
 55.000   -0.457000    0.049000
 65.000   -0.537000    0.045000
 75.000   -0.549000    0.041000
 85.000   -0.515000    0.039000
 95.000   -0.517000    0.039000
105.000   -0.590000    0.042000
115.000   -0.496000    0.045000
125.000   -0.566000    0.055000
135.000   -0.564000    0.071000
145.000   -0.478000    0.095000
155.000   -0.492000    0.144000
165.000   -0.291000    0.255000
175.000    0.455000    0.561000
------------------------------------------
E =  570.000 MeV, Wght = 1.00, Syst = 0.05
  5.000    0.331000    0.199000
 15.000   -0.041000    0.107000
 25.000   -0.091000    0.083000
 35.000   -0.144000    0.068000
 45.000   -0.167000    0.059000
 55.000   -0.431000    0.053000
 65.000   -0.498000    0.047000
 75.000   -0.620000    0.043000
 85.000   -0.575000    0.041000
 95.000   -0.628000    0.041000
105.000   -0.521000    0.042000
115.000   -0.540000    0.048000
125.000   -0.559000    0.056000
135.000   -0.619000    0.071000
145.000   -0.581000    0.097000
155.000   -0.656000    0.142000
165.000   -0.403000    0.221000
175.000    0.104000    0.452000
------------------------------------------
E =  580.000 MeV, Wght = 1.00, Syst = 0.05
  5.000   -0.182000    0.190000
 15.000    0.161000    0.115000
 25.000   -0.004000    0.090000
 35.000   -0.073000    0.073000
 45.000   -0.266000    0.062000
 55.000   -0.561000    0.056000
 65.000   -0.504000    0.049000
 75.000   -0.598000    0.044000
 85.000   -0.604000    0.042000
 95.000   -0.623000    0.042000
105.000   -0.674000    0.044000
115.000   -0.591000    0.050000
125.000   -0.625000    0.060000
135.000   -0.541000    0.072000
145.000   -0.625000    0.104000
155.000   -0.349000    0.149000
165.000   -0.727000    0.245000
175.000    0.842000    0.571000
------------------------------------------
E =  590.000 MeV, Wght = 1.00, Syst = 0.05
  5.000   -0.023000    0.211000
 15.000    0.216000    0.120000
 25.000    0.050000    0.091000
 35.000   -0.083000    0.075000
 45.000   -0.220000    0.066000
 55.000   -0.446000    0.058000
 65.000   -0.541000    0.051000
 75.000   -0.695000    0.047000
 85.000   -0.678000    0.046000
 95.000   -0.665000    0.044000
105.000   -0.629000    0.046000
115.000   -0.575000    0.049000
125.000   -0.624000    0.059000
135.000   -0.543000    0.072000
145.000   -0.579000    0.100000
155.000   -0.572000    0.144000
165.000   -0.709000    0.242000
175.000    0.197000    0.443000
------------------------------------------
E =  600.000 MeV, Wght = 1.00, Syst = 0.05
  5.000   -0.085000    0.235000
 15.000    0.033000    0.126000
 25.000   -0.038000    0.096000
 35.000   -0.040000    0.081000
 45.000   -0.203000    0.068000
 55.000   -0.472000    0.059000
 65.000   -0.576000    0.053000
 75.000   -0.653000    0.048000
 85.000   -0.698000    0.046000
 95.000   -0.732000    0.045000
105.000   -0.701000    0.047000
115.000   -0.752000    0.052000
125.000   -0.703000    0.063000
135.000   -0.693000    0.076000
145.000   -0.506000    0.100000
155.000   -0.391000    0.137000
165.000   -0.249000    0.203000
175.000   -0.434000    0.472000
------------------------------------------
E =  610.000 MeV, Wght = 1.00, Syst = 0.05
  5.000    0.194000    0.235000
 15.000    0.049000    0.140000
 25.000    0.186000    0.101000
 35.000    0.045000    0.086000
 45.000   -0.215000    0.072000
 55.000   -0.577000    0.063000
 65.000   -0.661000    0.056000
 75.000   -0.691000    0.050000
 85.000   -0.711000    0.048000
 95.000   -0.765000    0.047000
105.000   -0.757000    0.049000
115.000   -0.713000    0.056000
125.000   -0.740000    0.063000
135.000   -0.764000    0.082000
145.000   -0.632000    0.105000
155.000   -0.542000    0.142000
165.000   -0.334000    0.194000
175.000   -0.191000    0.355000
------------------------------------------
E =  620.000 MeV, Wght = 1.00, Syst = 0.05
  5.000    0.247000    0.249000
 15.000    0.044000    0.147000
 25.000    0.094000    0.105000
 35.000    0.091000    0.092000
 45.000   -0.363000    0.075000
 55.000   -0.629000    0.067000
 65.000   -0.629000    0.058000
 75.000   -0.829000    0.053000
 85.000   -0.759000    0.049000
 95.000   -0.865000    0.049000
105.000   -0.774000    0.051000
115.000   -0.861000    0.057000
125.000   -0.658000    0.066000
135.000   -0.714000    0.083000
145.000   -0.595000    0.106000
155.000   -0.638000    0.149000
165.000   -0.464000    0.201000
175.000   -0.493000    0.415000
------------------------------------------
E =  630.000 MeV, Wght = 1.00, Syst = 0.05
  5.000    0.353000    0.255000
 15.000    0.222000    0.145000
 25.000    0.104000    0.106000
 35.000    0.101000    0.097000
 45.000   -0.241000    0.076000
 55.000   -0.459000    0.067000
 65.000   -0.735000    0.060000
 75.000   -0.880000    0.056000
 85.000   -0.826000    0.051000
 95.000   -0.844000    0.049000
105.000   -0.820000    0.051000
115.000   -0.832000    0.058000
125.000   -0.779000    0.067000
135.000   -0.677000    0.078000
145.000   -0.614000    0.106000
155.000   -0.075000    0.135000
165.000   -0.167000    0.203000
175.000   -0.392000    0.338000
------------------------------------------
E =  640.000 MeV, Wght = 1.00, Syst = 0.05
  5.000    0.390000    0.247000
 15.000    0.375000    0.159000
 25.000    0.205000    0.122000
 35.000    0.138000    0.091000
 45.000    0.006000    0.076000
 55.000   -0.547000    0.069000
 65.000   -0.658000    0.059000
 75.000   -0.854000    0.055000
 85.000   -0.792000    0.051000
 95.000   -0.834000    0.050000
105.000   -0.876000    0.054000
115.000   -0.808000    0.057000
125.000   -0.834000    0.070000
135.000   -0.813000    0.083000
145.000   -0.559000    0.101000
155.000   -0.526000    0.147000
165.000   -0.264000    0.181000
175.000    0.244000    0.347000
------------------------------------------
E =  650.000 MeV, Wght = 1.00, Syst = 0.05
  5.000   -0.503000    0.309000
 15.000    0.464000    0.157000
 25.000    0.325000    0.119000
 35.000    0.083000    0.093000
 45.000   -0.178000    0.080000
 55.000   -0.502000    0.073000
 65.000   -0.741000    0.063000
 75.000   -0.857000    0.056000
 85.000   -0.920000    0.053000
 95.000   -0.950000    0.054000
105.000   -0.930000    0.055000
115.000   -0.832000    0.059000
125.000   -0.836000    0.071000
135.000   -0.727000    0.082000
145.000   -0.594000    0.111000
155.000   -0.553000    0.142000
165.000   -0.234000    0.189000
175.000   -0.693000    0.357000
------------------------------------------
E =  660.000 MeV, Wght = 1.00, Syst = 0.05
  5.000    0.201000    0.283000
 15.000    0.400000    0.178000
 25.000    0.377000    0.119000
 35.000    0.312000    0.096000
 45.000   -0.094000    0.077000
 55.000   -0.427000    0.069000
 65.000   -0.693000    0.062000
 75.000   -0.909000    0.055000
 85.000   -0.968000    0.054000
 95.000   -0.914000    0.053000
105.000   -0.915000    0.055000
115.000   -0.761000    0.060000
125.000   -0.716000    0.067000
135.000   -0.714000    0.086000
145.000   -0.498000    0.112000
155.000   -0.273000    0.140000
165.000   -0.087000    0.186000
175.000   -0.418000    0.351000
------------------------------------------
E =  670.000 MeV, Wght = 1.00, Syst = 0.05
  5.000   -0.040000    0.280000
 15.000    0.284000    0.161000
 25.000    0.395000    0.119000
 35.000    0.147000    0.100000
 45.000   -0.198000    0.078000
 55.000   -0.471000    0.068000
 65.000   -0.778000    0.062000
 75.000   -0.792000    0.056000
 85.000   -0.840000    0.052000
 95.000   -0.881000    0.051000
105.000   -0.877000    0.054000
115.000   -0.889000    0.059000
125.000   -0.804000    0.070000
135.000   -0.669000    0.083000
145.000   -0.672000    0.109000
155.000   -0.606000    0.149000
165.000   -0.304000    0.184000
175.000   -0.569000    0.367000
------------------------------------------
E =  680.000 MeV, Wght = 1.00, Syst = 0.05
  5.000    0.590000    0.325000
 15.000    0.192000    0.171000
 25.000    0.609000    0.123000
 35.000    0.348000    0.096000
 45.000   -0.176000    0.077000
 55.000   -0.420000    0.066000
 65.000   -0.594000    0.059000
 75.000   -0.889000    0.055000
 85.000   -0.862000    0.052000
 95.000   -0.834000    0.052000
105.000   -0.823000    0.055000
115.000   -0.809000    0.059000
125.000   -0.811000    0.070000
135.000   -0.675000    0.086000
145.000   -0.778000    0.109000
155.000   -0.679000    0.139000
165.000   -0.253000    0.197000
175.000   -0.447000    0.304000
------------------------------------------
E =  690.000 MeV, Wght = 1.00, Syst = 0.05
  5.000    0.855000    0.316000
 15.000    0.492000    0.179000
 25.000    0.356000    0.121000
 35.000    0.009000    0.095000
 45.000    0.060000    0.074000
 55.000   -0.279000    0.064000
 65.000   -0.584000    0.057000
 75.000   -0.716000    0.053000
 85.000   -0.827000    0.051000
 95.000   -0.826000    0.051000
105.000   -0.871000    0.052000
115.000   -0.810000    0.058000
125.000   -0.700000    0.067000
135.000   -0.671000    0.085000
145.000   -0.595000    0.107000
155.000   -0.451000    0.137000
165.000   -0.328000    0.182000
175.000   -0.463000    0.346000
------------------------------------------
E =  700.000 MeV, Wght = 1.00, Syst = 0.05
  5.000    0.492000    0.359000
 15.000    0.570000    0.186000
 25.000    0.701000    0.129000
 35.000    0.301000    0.093000
 45.000    0.016000    0.073000
 55.000   -0.262000    0.061000
 65.000   -0.501000    0.054000
 75.000   -0.622000    0.049000
 85.000   -0.776000    0.049000
 95.000   -0.792000    0.049000
105.000   -0.789000    0.052000
115.000   -0.797000    0.059000
125.000   -0.815000    0.067000
135.000   -0.711000    0.085000
145.000   -0.571000    0.103000
155.000   -0.355000    0.134000
175.000   -0.152000    0.316000
------------------------------------------
E =  710.000 MeV, Wght = 1.00, Syst = 0.05
  5.000   -0.419000    0.378000
 15.000    0.477000    0.185000
 25.000    0.592000    0.122000
 35.000    0.312000    0.088000
 45.000    0.216000    0.071000
 55.000   -0.286000    0.058000
 65.000   -0.570000    0.054000
 75.000   -0.565000    0.047000
 85.000   -0.734000    0.047000
 95.000   -0.820000    0.049000
105.000   -0.775000    0.051000
115.000   -0.692000    0.055000
125.000   -0.646000    0.066000
135.000   -0.539000    0.079000
145.000   -0.401000    0.099000
155.000   -0.176000    0.126000
165.000   -0.074000    0.170000
175.000   -0.309000    0.321000
------------------------------------------
E =  720.000 MeV, Wght = 1.00, Syst = 0.05
  5.000    0.115000    0.336000
 15.000    0.506000    0.188000
 25.000    0.535000    0.122000
 35.000    0.354000    0.085000
 45.000    0.014000    0.067000
 55.000   -0.194000    0.058000
 65.000   -0.372000    0.050000
 75.000   -0.553000    0.047000
 85.000   -0.653000    0.045000
 95.000   -0.722000    0.046000
105.000   -0.785000    0.050000
115.000   -0.671000    0.054000
125.000   -0.566000    0.063000
135.000   -0.560000    0.077000
145.000   -0.076000    0.094000
155.000   -0.067000    0.121000
165.000   -0.224000    0.178000
175.000    0.270000    0.259000
------------------------------------------
E =  730.000 MeV, Wght = 1.00, Syst = 0.05
  5.000    0.490000    0.291000
 15.000    0.542000    0.178000
 25.000    0.679000    0.121000
 35.000    0.454000    0.087000
 45.000    0.170000    0.066000
 55.000   -0.103000    0.056000
 65.000   -0.383000    0.049000
 75.000   -0.499000    0.046000
 85.000   -0.515000    0.043000
 95.000   -0.657000    0.045000
105.000   -0.683000    0.048000
115.000   -0.606000    0.053000
125.000   -0.516000    0.060000
135.000   -0.511000    0.076000
145.000   -0.326000    0.089000
155.000   -0.037000    0.121000
175.000   -0.430000    0.313000
------------------------------------------
E =  740.000 MeV, Wght = 1.00, Syst = 0.05
  5.000    0.436000    0.335000
 15.000    0.359000    0.182000
 25.000    0.515000    0.115000
 35.000    0.460000    0.082000
 45.000    0.060000    0.066000
 55.000   -0.049000    0.055000
 65.000   -0.237000    0.047000
 75.000   -0.480000    0.045000
 85.000   -0.528000    0.042000
 95.000   -0.488000    0.042000
105.000   -0.462000    0.045000
115.000   -0.443000    0.050000
125.000   -0.394000    0.059000
135.000   -0.287000    0.071000
145.000   -0.226000    0.089000
155.000   -0.121000    0.112000
165.000   -0.039000    0.160000
175.000    0.228000    0.301000
------------------------------------------
E =  750.000 MeV, Wght = 1.00, Syst = 0.05
  5.000    0.068000    0.366000
 15.000    0.412000    0.177000
 25.000    0.394000    0.111000
 35.000    0.336000    0.087000
 45.000    0.187000    0.066000
 55.000   -0.023000    0.053000
 65.000   -0.280000    0.047000
 75.000   -0.408000    0.044000
 85.000   -0.491000    0.042000
 95.000   -0.481000    0.043000
105.000   -0.431000    0.044000
115.000   -0.458000    0.050000
125.000   -0.311000    0.057000
135.000   -0.166000    0.068000
145.000    0.083000    0.084000
155.000    0.031000    0.110000
165.000    0.469000    0.156000
175.000    0.438000    0.336000
------------------------------------------
E =  760.000 MeV, Wght = 1.00, Syst = 0.05
  5.000    0.476000    0.377000
 15.000    0.175000    0.163000
 25.000    0.572000    0.121000
 35.000    0.366000    0.085000
 45.000    0.179000    0.066000
 55.000    0.059000    0.055000
 65.000   -0.313000    0.048000
 75.000   -0.314000    0.044000
 85.000   -0.339000    0.042000
 95.000   -0.483000    0.043000
105.000   -0.356000    0.045000
115.000   -0.318000    0.050000
125.000   -0.203000    0.056000
135.000   -0.141000    0.069000
145.000    0.106000    0.084000
155.000    0.047000    0.108000
165.000    0.043000    0.146000
175.000   -0.070000    0.264000
------------------------------------------
E =  770.000 MeV, Wght = 1.00, Syst = 0.05
  5.000   -0.104000    0.320000
 15.000    0.375000    0.178000
 25.000    0.656000    0.124000
 35.000    0.528000    0.090000
 45.000    0.216000    0.068000
 55.000   -0.017000    0.056000
 65.000   -0.218000    0.048000
 75.000   -0.233000    0.044000
 85.000   -0.410000    0.043000
 95.000   -0.384000    0.043000
105.000   -0.317000    0.045000
115.000   -0.229000    0.049000
125.000   -0.195000    0.056000
135.000    0.085000    0.068000
145.000    0.225000    0.081000
155.000    0.325000    0.106000
165.000    0.090000    0.140000
175.000    0.120000    0.282000
------------------------------------------
E =  780.000 MeV, Wght = 1.00, Syst = 0.05
  5.000    0.571000    0.368000
 15.000    0.055000    0.190000
 25.000    0.310000    0.120000
 35.000    0.410000    0.090000
 45.000    0.136000    0.069000
 55.000    0.041000    0.057000
 65.000   -0.217000    0.049000
 75.000   -0.242000    0.045000
 85.000   -0.274000    0.043000
 95.000   -0.324000    0.044000
105.000   -0.260000    0.046000
115.000   -0.210000    0.050000
125.000    0.023000    0.057000
135.000    0.161000    0.066000
145.000    0.304000    0.082000
155.000    0.327000    0.102000
165.000    0.454000    0.155000
175.000    0.454000    0.280000
------------------------------------------
E =  790.000 MeV, Wght = 1.00, Syst = 0.05
  5.000    0.822000    0.436000
 15.000    0.293000    0.198000
 25.000    0.519000    0.130000
 35.000    0.580000    0.094000
 45.000    0.261000    0.074000
 55.000    0.119000    0.059000
 65.000   -0.055000    0.052000
 75.000   -0.278000    0.047000
 85.000   -0.354000    0.046000
 95.000   -0.272000    0.044000
105.000   -0.208000    0.046000
115.000   -0.133000    0.051000
125.000    0.118000    0.058000
135.000    0.141000    0.066000
145.000    0.206000    0.083000
155.000    0.442000    0.101000
165.000   -0.058000    0.152000
175.000    0.077000    0.225000
------------------------------------------
E =  800.000 MeV, Wght = 1.00, Syst = 0.05
  5.000    0.191000    0.357000
 15.000    0.631000    0.214000
 25.000    0.733000    0.144000
 35.000    0.324000    0.101000
 45.000    0.287000    0.077000
 55.000    0.068000    0.064000
 65.000   -0.108000    0.054000
 75.000   -0.188000    0.049000
 85.000   -0.212000    0.046000
 95.000   -0.255000    0.047000
105.000   -0.273000    0.048000
115.000   -0.064000    0.052000
125.000    0.066000    0.060000
135.000    0.191000    0.068000
145.000    0.299000    0.082000
155.000    0.563000    0.107000
165.000    0.409000    0.153000
175.000    0.228000    0.276000
------------------------------------------
E =  810.000 MeV, Wght = 1.00, Syst = 0.05
  5.000   -0.219000    0.381000
 15.000    0.772000    0.209000
 25.000    0.698000    0.141000
 35.000    0.444000    0.102000
 45.000    0.376000    0.082000
 55.000    0.138000    0.066000
 65.000   -0.056000    0.059000
 75.000   -0.260000    0.052000
 85.000   -0.217000    0.048000
 95.000   -0.237000    0.048000
105.000   -0.152000    0.049000
115.000    0.020000    0.052000
125.000    0.129000    0.061000
135.000    0.170000    0.068000
145.000    0.343000    0.082000
155.000    0.350000    0.103000
165.000    0.188000    0.144000
175.000   -0.254000    0.252000
------------------------------------------
E =  820.000 MeV, Wght = 1.00, Syst = 0.05
  5.000   -0.359000    0.428000
 15.000    0.439000    0.239000
 25.000    0.443000    0.150000
 35.000    0.579000    0.111000
 45.000    0.478000    0.092000
 55.000    0.155000    0.071000
 65.000    0.134000    0.062000
 75.000   -0.167000    0.054000
 85.000   -0.170000    0.051000
 95.000   -0.197000    0.049000
105.000   -0.070000    0.050000
115.000    0.041000    0.055000
125.000    0.097000    0.063000
135.000    0.294000    0.070000
145.000    0.439000    0.086000
155.000    0.395000    0.106000
165.000    0.381000    0.156000
175.000    0.395000    0.285000
------------------------------------------
E =  830.000 MeV, Wght = 1.00, Syst = 0.05
  5.000    0.346000    0.483000
 15.000    0.805000    0.240000
 25.000    0.355000    0.155000
 35.000    0.454000    0.118000
 45.000    0.448000    0.095000
 65.000   -0.069000    0.066000
 75.000   -0.189000    0.057000
 85.000   -0.233000    0.053000
 95.000   -0.180000    0.051000
105.000   -0.109000    0.052000
115.000   -0.005000    0.057000
125.000    0.080000    0.064000
135.000    0.237000    0.070000
145.000    0.358000    0.086000
155.000    0.312000    0.103000
165.000    0.654000    0.172000
175.000    0.034000    0.260000
------------------------------------------
E =  840.000 MeV, Wght = 1.00, Syst = 0.05
  5.000    0.256000    0.413000
 15.000    0.449000    0.221000
 25.000    0.775000    0.151000
 35.000    0.763000    0.129000
 45.000    0.600000    0.101000
 55.000    0.275000    0.085000
 65.000   -0.045000    0.072000
 75.000   -0.034000    0.063000
 85.000   -0.217000    0.055000
 95.000   -0.246000    0.054000
105.000   -0.031000    0.054000
115.000   -0.047000    0.057000
125.000    0.273000    0.065000
135.000    0.221000    0.073000
145.000    0.340000    0.085000
155.000    0.494000    0.112000
165.000    0.300000    0.152000
175.000    0.046000    0.299000
------------------------------------------
E =  850.000 MeV, Wght = 1.00, Syst = 0.05
  5.000   -0.297000    0.383000
 15.000    0.898000    0.253000
 25.000    0.920000    0.178000
 35.000    0.639000    0.126000
 45.000    0.738000    0.108000
 55.000    0.432000    0.092000
 65.000    0.072000    0.073000
 75.000    0.034000    0.062000
 85.000   -0.098000    0.058000
 95.000   -0.080000    0.055000
105.000   -0.075000    0.057000
115.000    0.048000    0.060000
125.000    0.191000    0.065000
135.000    0.286000    0.074000
145.000    0.207000    0.083000
155.000    0.444000    0.104000
165.000    0.391000    0.148000
175.000    0.414000    0.264000
------------------------------------------
E =  860.000 MeV, Wght = 1.00, Syst = 0.05
  5.000    0.556000    0.541000
 15.000    0.380000    0.219000
 25.000    0.401000    0.170000
 35.000    0.686000    0.132000
 45.000    0.726000    0.116000
 55.000    0.464000    0.097000
 65.000    0.059000    0.078000
 75.000   -0.054000    0.066000
 85.000   -0.057000    0.060000
 95.000   -0.093000    0.057000
105.000   -0.102000    0.059000
115.000   -0.079000    0.063000
125.000    0.224000    0.064000
135.000    0.187000    0.071000
145.000    0.313000    0.086000
155.000    0.447000    0.109000
165.000    0.526000    0.166000
175.000    1.048000    0.354000
------------------------------------------
E =  870.000 MeV, Wght = 1.00, Syst = 0.05
  5.000    0.533000    0.611000
 15.000    0.206000    0.225000
 25.000    0.380000    0.163000
 35.000    0.726000    0.138000
 45.000    0.681000    0.118000
 55.000    0.610000    0.102000
 65.000    0.343000    0.084000
 75.000    0.066000    0.072000
 85.000   -0.075000    0.065000
 95.000   -0.129000    0.060000
105.000   -0.132000    0.059000
115.000   -0.010000    0.064000
125.000    0.065000    0.067000
135.000    0.197000    0.073000
145.000    0.291000    0.087000
155.000    0.235000    0.114000
165.000    0.324000    0.161000
175.000    0.301000    0.388000
------------------------------------------
E =  880.000 MeV, Wght = 1.00, Syst = 0.05
  5.000    0.985000    0.492000
 15.000    0.383000    0.236000
 25.000    0.582000    0.155000
 35.000    0.572000    0.130000
 45.000    0.694000    0.124000
 55.000    0.578000    0.107000
 65.000    0.299000    0.090000
 75.000    0.057000    0.077000
 85.000    0.046000    0.065000
 95.000   -0.092000    0.063000
105.000    0.102000    0.059000
125.000    0.043000    0.067000
135.000    0.243000    0.078000
145.000    0.106000    0.087000
155.000    0.108000    0.115000
165.000    0.472000    0.170000
175.000    0.318000    0.358000
------------------------------------------
E =  890.000 MeV, Wght = 1.00, Syst = 0.05
  5.000   -0.246000    0.495000
 15.000    0.238000    0.244000
 25.000    0.096000    0.154000
 35.000    0.520000    0.128000
 45.000    0.621000    0.126000
 55.000    0.494000    0.120000
 65.000    0.400000    0.095000
 75.000    0.123000    0.080000
 85.000   -0.031000    0.068000
 95.000   -0.039000    0.065000
105.000   -0.082000    0.064000
115.000    0.039000    0.065000
125.000   -0.077000    0.067000
135.000    0.054000    0.073000
145.000    0.259000    0.089000
155.000    0.313000    0.116000
165.000    0.479000    0.179000
175.000    0.109000    0.328000
------------------------------------------
E =  900.000 MeV, Wght = 1.00, Syst = 0.05
 15.000    0.303000    0.225000
 25.000    0.498000    0.161000
 35.000    0.376000    0.123000
 45.000    0.571000    0.127000
 55.000    0.549000    0.119000
 65.000    0.358000    0.103000
 75.000    0.028000    0.083000
 85.000   -0.082000    0.074000
 95.000    0.063000    0.065000
105.000   -0.064000    0.065000
115.000    0.008000    0.064000
125.000    0.045000    0.068000
135.000    0.078000    0.076000
145.000    0.163000    0.085000
155.000    0.304000    0.112000
165.000    0.482000    0.169000
175.000    0.618000    0.349000
------------------------------------------
E =  910.000 MeV, Wght = 1.00, Syst = 0.05
  5.000    0.104000    0.454000
 15.000    0.227000    0.255000
 25.000    0.424000    0.146000
 35.000    0.407000    0.126000
 45.000    0.761000    0.123000
 55.000    0.245000    0.109000
 65.000    0.260000    0.102000
 75.000   -0.066000    0.088000
 85.000   -0.107000    0.074000
 95.000   -0.137000    0.067000
105.000    0.083000    0.065000
115.000   -0.072000    0.066000
125.000   -0.047000    0.068000
135.000    0.090000    0.077000
145.000    0.081000    0.090000
155.000    0.331000    0.116000
165.000    0.366000    0.173000
175.000    0.312000    0.324000
------------------------------------------
E =  920.000 MeV, Wght = 1.00, Syst = 0.05
  5.000    0.131000    0.508000
 15.000    0.280000    0.216000
 25.000    0.127000    0.144000
 35.000    0.453000    0.119000
 45.000    0.663000    0.118000
 55.000    0.636000    0.122000
 65.000    0.193000    0.102000
 75.000    0.013000    0.091000
 85.000   -0.165000    0.075000
 95.000   -0.067000    0.066000
105.000   -0.198000    0.066000
115.000   -0.097000    0.064000
125.000    0.004000    0.066000
135.000    0.044000    0.074000
145.000    0.163000    0.085000
155.000    0.265000    0.116000
165.000    0.100000    0.181000
------------------------------------------
E =  930.000 MeV, Wght = 1.00, Syst = 0.05
  5.000    0.393000    0.634000
 15.000    0.266000    0.230000
 25.000    0.393000    0.142000
 35.000    0.539000    0.124000
 45.000    0.452000    0.113000
 55.000    0.675000    0.115000
 65.000    0.217000    0.108000
 75.000    0.022000    0.093000
 85.000   -0.105000    0.080000
 95.000   -0.174000    0.068000
105.000   -0.083000    0.065000
115.000    0.011000    0.064000
125.000   -0.052000    0.068000
135.000   -0.025000    0.070000
145.000    0.060000    0.088000
155.000    0.358000    0.117000
165.000    0.154000    0.184000
175.000    0.655000    0.488000
------------------------------------------
E =  940.000 MeV, Wght = 1.00, Syst = 0.05
  5.000    0.647000    0.528000
 25.000    0.128000    0.139000
 35.000    0.475000    0.111000
 45.000    0.522000    0.107000
 55.000    0.448000    0.108000
 65.000    0.111000    0.102000
 75.000   -0.146000    0.089000
 85.000   -0.274000    0.079000
 95.000   -0.056000    0.070000
105.000   -0.025000    0.066000
115.000   -0.124000    0.063000
125.000   -0.006000    0.064000
135.000    0.084000    0.069000
145.000    0.078000    0.081000
155.000    0.374000    0.119000
165.000    0.700000    0.210000
175.000    0.233000    0.391000
------------------------------------------
E =  950.000 MeV, Wght = 1.00, Syst = 0.05
  5.000   -0.323000    0.567000
 15.000    0.107000    0.204000
 25.000    0.290000    0.132000
 35.000    0.418000    0.109000
 45.000    0.598000    0.101000
 55.000    0.299000    0.109000
 65.000    0.289000    0.107000
 75.000   -0.112000    0.091000
 85.000   -0.246000    0.080000
 95.000   -0.278000    0.071000
105.000   -0.104000    0.065000
115.000   -0.097000    0.063000
125.000   -0.064000    0.064000
135.000    0.037000    0.070000
145.000    0.003000    0.080000
155.000    0.236000    0.111000
165.000    0.426000    0.179000
175.000    0.215000    0.460000
------------------------------------------
E =  960.000 MeV, Wght = 1.00, Syst = 0.05
  5.000   -1.470000    0.866000
 15.000    0.490000    0.215000
 25.000    0.275000    0.131000
 35.000    0.400000    0.099000
 45.000    0.504000    0.095000
 55.000    0.354000    0.103000
 65.000    0.136000    0.102000
 75.000   -0.185000    0.094000
 85.000   -0.099000    0.080000
 95.000   -0.114000    0.072000
105.000   -0.153000    0.066000
115.000   -0.113000    0.063000
125.000   -0.116000    0.066000
135.000    0.057000    0.071000
145.000    0.194000    0.082000
155.000    0.240000    0.109000
165.000    0.358000    0.186000
175.000    0.426000    0.418000
------------------------------------------
E =  970.000 MeV, Wght = 1.00, Syst = 0.05
 15.000   -0.191000    0.206000
 25.000    0.092000    0.118000
 35.000    0.296000    0.101000
 45.000    0.471000    0.095000
 55.000    0.487000    0.094000
 65.000    0.231000    0.101000
 75.000   -0.258000    0.094000
 85.000   -0.268000    0.084000
 95.000   -0.133000    0.073000
105.000   -0.264000    0.066000
115.000   -0.227000    0.066000
125.000   -0.195000    0.067000
135.000   -0.073000    0.073000
145.000    0.105000    0.083000
155.000    0.419000    0.113000
165.000    0.670000    0.197000
175.000    0.846000    0.468000
------------------------------------------
E =  980.000 MeV, Wght = 1.00, Syst = 0.05
  5.000   -0.896000    0.653000
 15.000    0.022000    0.207000
 25.000    0.311000    0.132000
 35.000    0.461000    0.098000
 45.000    0.561000    0.090000
 55.000    0.383000    0.089000
 65.000    0.091000    0.092000
 75.000   -0.174000    0.092000
 85.000   -0.302000    0.080000
 95.000   -0.290000    0.073000
105.000   -0.202000    0.068000
115.000   -0.149000    0.066000
125.000   -0.050000    0.067000
135.000   -0.033000    0.071000
145.000    0.071000    0.083000
155.000    0.251000    0.116000
165.000    0.657000    0.200000
175.000    0.717000    0.447000
------------------------------------------
E =  990.000 MeV, Wght = 1.00, Syst = 0.05
  5.000    0.327000    0.575000
 15.000   -0.044000    0.207000
 25.000    0.315000    0.128000
 35.000    0.375000    0.096000
 45.000    0.574000    0.086000
 55.000    0.512000    0.082000
 65.000    0.111000    0.093000
 75.000   -0.192000    0.094000
 85.000   -0.473000    0.085000
 95.000   -0.258000    0.074000
105.000   -0.254000    0.069000
115.000   -0.138000    0.068000
125.000   -0.321000    0.066000
135.000   -0.078000    0.071000
145.000    0.101000    0.081000
155.000    0.301000    0.110000
165.000    1.072000    0.195000
175.000    0.697000    0.374000
------------------------------------------
E = 1000.000 MeV, Wght = 1.00, Syst = 0.05
  5.000   -0.279000    0.527000
 15.000   -0.106000    0.227000
 25.000    0.169000    0.123000
 35.000    0.202000    0.089000
 45.000    0.553000    0.084000
 55.000    0.506000    0.087000
 65.000    0.259000    0.088000
 75.000   -0.045000    0.089000
 85.000   -0.373000    0.084000
 95.000   -0.244000    0.076000
105.000   -0.189000    0.069000
115.000   -0.347000    0.065000
125.000   -0.077000    0.066000
135.000   -0.194000    0.070000
145.000    0.231000    0.081000
155.000    0.538000    0.117000
165.000    0.899000    0.192000
175.000    0.391000    0.398000
------------------------------------------
E = 1010.000 MeV, Wght = 1.00, Syst = 0.05
  5.000   -0.391000    0.892000
 15.000    0.207000    0.213000
 25.000    0.324000    0.126000
 35.000    0.454000    0.088000
 45.000    0.410000    0.081000
 55.000    0.515000    0.084000
 65.000    0.240000    0.083000
 75.000   -0.328000    0.089000
 85.000   -0.519000    0.089000
 95.000   -0.208000    0.077000
105.000   -0.189000    0.070000
115.000   -0.219000    0.070000
125.000   -0.014000    0.067000
135.000    0.017000    0.070000
145.000    0.240000    0.082000
155.000    0.355000    0.113000
165.000    0.860000    0.191000
175.000    1.422000    0.515000
------------------------------------------
E = 1020.000 MeV, Wght = 1.00, Syst = 0.05
  5.000   -0.282000    0.755000
 15.000    0.026000    0.228000
 25.000    0.378000    0.133000
 35.000    0.689000    0.100000
 45.000    0.711000    0.083000
 55.000    0.459000    0.083000
 65.000    0.334000    0.084000
 75.000   -0.064000    0.086000
 85.000   -0.437000    0.090000
 95.000   -0.312000    0.078000
105.000   -0.339000    0.076000
115.000   -0.111000    0.071000
125.000   -0.071000    0.069000
135.000    0.039000    0.072000
145.000    0.189000    0.086000
155.000    0.424000    0.116000
165.000    0.737000    0.182000
175.000    0.141000    0.374000
------------------------------------------
E = 1030.000 MeV, Wght = 1.00, Syst = 0.05
  5.000   -1.292000    0.951000
 15.000    0.318000    0.240000
 25.000    0.308000    0.125000
 35.000    0.523000    0.094000
 45.000    0.713000    0.082000
 55.000    0.554000    0.082000
 65.000    0.267000    0.083000
 75.000   -0.224000    0.086000
 85.000   -0.477000    0.089000
 95.000   -0.222000    0.085000
105.000   -0.346000    0.076000
115.000   -0.212000    0.071000
125.000   -0.256000    0.070000
135.000    0.026000    0.075000
145.000    0.143000    0.086000
155.000    0.516000    0.118000
165.000    0.775000    0.190000
175.000    0.898000    0.333000
------------------------------------------
E = 1040.000 MeV, Wght = 1.00, Syst = 0.05
 15.000    0.404000    0.215000
 25.000    0.437000    0.128000
 35.000    0.543000    0.096000
 45.000    0.531000    0.082000
 55.000    0.516000    0.078000
 65.000    0.292000    0.085000
 75.000   -0.109000    0.086000
 85.000   -0.433000    0.090000
 95.000   -0.327000    0.089000
105.000   -0.340000    0.082000
115.000   -0.230000    0.073000
125.000   -0.244000    0.074000
135.000   -0.127000    0.076000
145.000    0.049000    0.090000
155.000    0.474000    0.131000
165.000    0.669000    0.183000
175.000    0.627000    0.324000
------------------------------------------
E = 1050.000 MeV, Wght = 1.00, Syst = 0.05
  5.000    0.972000    1.087000
 15.000   -0.063000    0.247000
 25.000    0.543000    0.139000
 35.000    0.515000    0.096000
 45.000    0.620000    0.086000
 55.000    0.555000    0.082000
 65.000    0.229000    0.081000
 75.000   -0.306000    0.087000
 85.000   -0.237000    0.088000
 95.000   -0.304000    0.088000
105.000   -0.430000    0.082000
115.000   -0.282000    0.077000
125.000   -0.222000    0.074000
135.000   -0.070000    0.081000
145.000    0.151000    0.096000
155.000    0.408000    0.126000
165.000    1.008000    0.211000
175.000    0.766000    0.364000
------------------------------------------
E = 1060.000 MeV, Wght = 1.00, Syst = 0.05
  5.000   -1.563000    0.791000
 15.000    0.103000    0.224000
 25.000    0.557000    0.133000
 35.000    0.658000    0.102000
 45.000    0.651000    0.086000
 55.000    0.791000    0.085000
 65.000    0.262000    0.084000
 75.000    0.047000    0.084000
 85.000   -0.456000    0.096000
 95.000   -0.394000    0.097000
105.000   -0.325000    0.088000
115.000   -0.217000    0.079000
125.000   -0.280000    0.080000
135.000   -0.359000    0.085000
145.000    0.152000    0.101000
155.000    0.697000    0.130000
165.000    0.868000    0.206000
175.000    0.796000    0.406000
------------------------------------------
E = 1070.000 MeV, Wght = 1.00, Syst = 0.05
 15.000    0.056000    0.235000
 25.000    0.630000    0.146000
 35.000    0.614000    0.103000
 45.000    0.758000    0.089000
 55.000    0.636000    0.086000
 65.000    0.137000    0.080000
 75.000   -0.222000    0.087000
 85.000   -0.407000    0.094000
 95.000   -0.573000    0.099000
105.000   -0.401000    0.088000
115.000   -0.223000    0.083000
125.000   -0.211000    0.082000
145.000    0.128000    0.103000
155.000    0.656000    0.139000
165.000    0.784000    0.199000
175.000    1.133000    0.395000
------------------------------------------
E = 1080.000 MeV, Wght = 1.00, Syst = 0.05
  5.000   -0.284000    0.758000
 25.000    0.773000    0.165000
 35.000    0.717000    0.115000
 45.000    0.603000    0.091000
 55.000    0.589000    0.086000
 65.000    0.479000    0.081000
 75.000   -0.126000    0.090000
 85.000   -0.337000    0.098000
 95.000   -0.419000    0.100000
105.000   -0.317000    0.093000
115.000   -0.201000    0.086000
125.000   -0.182000    0.084000
135.000   -0.129000    0.090000
145.000    0.031000    0.101000
155.000    0.700000    0.136000
165.000    0.862000    0.210000
175.000    0.542000    0.358000
------------------------------------------
E = 1090.000 MeV, Wght = 1.00, Syst = 0.05
  5.000   -1.187000    1.032000
 15.000    0.174000    0.263000
 25.000    0.433000    0.146000
 35.000    0.574000    0.112000
 45.000    0.783000    0.097000
 55.000    0.548000    0.087000
 65.000    0.453000    0.086000
 75.000   -0.101000    0.090000
 85.000   -0.457000    0.101000
 95.000   -0.436000    0.102000
105.000   -0.242000    0.098000
115.000   -0.314000    0.091000
125.000   -0.206000    0.087000
135.000   -0.155000    0.103000
145.000    0.273000    0.109000
155.000    0.396000    0.145000
165.000    0.695000    0.199000
175.000    0.528000    0.374000
------------------------------------------
E = 1100.000 MeV, Wght = 1.00, Syst = 0.05
  5.000    1.177000    1.023000
 15.000    0.352000    0.319000
 25.000    0.687000    0.164000
 35.000    0.681000    0.123000
 45.000    0.855000    0.097000
 55.000    0.564000    0.087000
 65.000    0.141000    0.084000
 75.000   -0.328000    0.093000
 85.000   -0.269000    0.099000
 95.000   -0.521000    0.111000
105.000   -0.522000    0.102000
115.000   -0.311000    0.094000
125.000   -0.381000    0.096000
135.000   -0.148000    0.100000
145.000    0.125000    0.114000
155.000    0.690000    0.154000
165.000    0.810000    0.221000
175.000    0.490000    0.357000
------------------------------------------
E = 1110.000 MeV, Wght = 1.00, Syst = 0.05
  5.000    1.965000    1.965000
 15.000    0.168000    0.333000
 25.000    0.604000    0.166000
 35.000    0.814000    0.123000
 45.000    0.867000    0.105000
 55.000    0.701000    0.092000
 65.000    0.307000    0.088000
 75.000   -0.099000    0.097000
 85.000   -0.429000    0.104000
 95.000   -0.470000    0.113000
105.000   -0.196000    0.101000
115.000   -0.297000    0.103000
125.000   -0.168000    0.096000
135.000   -0.141000    0.102000
145.000    0.247000    0.121000
155.000    0.090000    0.149000
165.000    0.786000    0.212000
175.000    0.903000    0.355000
------------------------------------------
E = 1120.000 MeV, Wght = 1.00, Syst = 0.05
  5.000    0.656000    1.197000
 15.000   -0.656000    0.346000
 25.000    0.413000    0.160000
 35.000    0.862000    0.131000
 45.000    0.759000    0.102000
 55.000    0.587000    0.094000
 65.000    0.238000    0.090000
 75.000   -0.302000    0.097000
 85.000   -0.331000    0.108000
 95.000   -0.508000    0.123000
105.000   -0.373000    0.115000
115.000   -0.479000    0.104000
125.000   -0.269000    0.104000
135.000    0.150000    0.107000
145.000    0.257000    0.125000
155.000    0.520000    0.154000
165.000    0.625000    0.224000
175.000    0.417000    0.350000
------------------------------------------
E = 1130.000 MeV, Wght = 1.00, Syst = 0.05
 15.000    0.189000    0.352000
 25.000    0.596000    0.168000
 35.000    0.719000    0.124000
 45.000    0.948000    0.113000
 55.000    0.454000    0.092000
 65.000    0.263000    0.093000
 75.000   -0.329000    0.101000
 85.000   -0.446000    0.114000
 95.000   -0.586000    0.116000
105.000   -0.397000    0.113000
115.000   -0.446000    0.112000
125.000   -0.439000    0.103000
135.000   -0.189000    0.108000
145.000   -0.106000    0.132000
155.000    0.739000    0.173000
165.000    0.589000    0.219000
175.000    0.835000    0.463000
------------------------------------------
E = 1140.000 MeV, Wght = 1.00, Syst = 0.05
  5.000   -0.982000    1.098000
 15.000   -0.068000    0.365000
 25.000    0.673000    0.176000
 35.000    0.762000    0.135000
 45.000    0.709000    0.110000
 55.000    0.603000    0.097000
 65.000    0.310000    0.089000
 75.000   -0.031000    0.100000
 85.000   -0.553000    0.116000
 95.000   -0.431000    0.123000
105.000   -0.461000    0.118000
115.000   -0.306000    0.113000
125.000   -0.264000    0.109000
135.000   -0.047000    0.115000
145.000   -0.044000    0.131000
155.000    0.596000    0.154000
165.000    0.671000    0.229000
175.000    0.327000    0.332000
------------------------------------------
E = 1150.000 MeV, Wght = 1.00, Syst = 0.05
  5.000    0.980000    1.096000
 15.000    0.245000    0.349000
 25.000    0.564000    0.178000
 35.000    0.888000    0.148000
 45.000    0.838000    0.113000
 55.000    0.622000    0.097000
 65.000    0.388000    0.097000
 75.000   -0.091000    0.102000
 85.000   -0.374000    0.123000
 95.000   -0.702000    0.134000
105.000   -0.422000    0.124000
115.000   -0.533000    0.126000
125.000   -0.255000    0.116000
135.000   -0.389000    0.117000
145.000    0.220000    0.129000
155.000    0.329000    0.178000
165.000    0.776000    0.215000
175.000    0.363000    0.384000
------------------------------------------
E = 1160.000 MeV, Wght = 1.00, Syst = 0.05
 15.000    0.122000    0.347000
 25.000    0.716000    0.204000
 35.000    0.669000    0.134000
 45.000    0.891000    0.118000
 55.000    0.719000    0.110000
 65.000    0.265000    0.101000
 75.000   -0.253000    0.105000
 85.000   -0.503000    0.119000
 95.000   -0.322000    0.126000
105.000   -0.094000    0.130000
115.000   -0.325000    0.126000
125.000   -0.386000    0.125000
135.000   -0.258000    0.113000
145.000    0.192000    0.150000
155.000    0.452000    0.161000
165.000    0.669000    0.229000
175.000    0.068000    0.364000
------------------------------------------
E = 1170.000 MeV, Wght = 1.00, Syst = 0.05
  5.000   -0.836000    0.802000
 15.000   -0.501000    0.340000
 25.000    0.234000    0.196000
 35.000    0.866000    0.149000
 45.000    0.931000    0.123000
 55.000    0.748000    0.113000
 65.000    0.200000    0.098000
 75.000   -0.232000    0.106000
 85.000   -0.627000    0.120000
 95.000   -0.375000    0.136000
105.000   -0.308000    0.126000
115.000   -0.264000    0.130000
125.000   -0.417000    0.124000
135.000   -0.339000    0.126000
145.000    0.011000    0.143000
155.000    0.390000    0.174000
165.000    0.457000    0.223000
175.000   -0.506000    0.388000
------------------------------------------
E = 1180.000 MeV, Wght = 1.00, Syst = 0.05
  5.000   -1.404000    0.913000
 15.000    0.168000    0.333000
 25.000    0.448000    0.189000
 35.000    0.850000    0.144000
 45.000    0.979000    0.125000
 55.000    0.777000    0.109000
 65.000    0.360000    0.103000
 75.000   -0.253000    0.111000
 85.000   -0.504000    0.135000
 95.000   -0.494000    0.145000
105.000   -0.300000    0.131000
115.000   -0.387000    0.127000
125.000   -0.393000    0.126000
135.000   -0.354000    0.128000
145.000    0.108000    0.139000
155.000    0.350000    0.156000
165.000    0.382000    0.236000
175.000    0.073000    0.378000
------------------------------------------
E = 1190.000 MeV, Wght = 1.00, Syst = 0.05
 15.000    0.218000    0.329000
 25.000    0.589000    0.205000
 35.000    0.947000    0.154000
 45.000    0.876000    0.131000
 55.000    0.987000    0.117000
 65.000    0.451000    0.108000
 75.000   -0.019000    0.111000
 85.000   -0.716000    0.131000
 95.000   -0.760000    0.137000
105.000   -0.508000    0.144000
115.000   -0.376000    0.130000
125.000   -0.516000    0.129000
135.000   -0.192000    0.134000
145.000    0.125000    0.149000
155.000    0.686000    0.187000
165.000    0.522000    0.228000
175.000    0.256000    0.413000
------------------------------------------
E = 1200.000 MeV, Wght = 1.00, Syst = 0.05
  5.000    0.842000    0.807000
 15.000   -0.468000    0.311000
 25.000    0.870000    0.218000
 35.000    0.649000    0.138000
 45.000    1.027000    0.132000
 55.000    0.717000    0.114000
 65.000    0.227000    0.112000
 75.000   -0.325000    0.112000
 85.000   -0.649000    0.138000
 95.000   -0.511000    0.143000
105.000   -0.366000    0.150000
115.000   -0.196000    0.140000
125.000   -0.137000    0.130000
135.000   -0.111000    0.135000
145.000    0.012000    0.155000
155.000    0.242000    0.174000
165.000    0.368000    0.250000
175.000   -0.327000    0.406000
------------------------------------------
E = 1210.000 MeV, Wght = 1.00, Syst = 0.05
 15.000   -0.056000    0.330000
 25.000    0.640000    0.177000
 35.000    0.715000    0.147000
 45.000    0.911000    0.138000
 55.000    0.603000    0.112000
 65.000    0.292000    0.110000
 75.000   -0.053000    0.114000
 85.000   -0.623000    0.133000
 95.000   -0.765000    0.156000
105.000   -0.377000    0.148000
115.000   -0.242000    0.144000
125.000   -0.147000    0.134000
135.000   -0.270000    0.139000
145.000    0.208000    0.156000
155.000    0.390000    0.178000
165.000    0.369000    0.231000
175.000    0.390000    0.363000
------------------------------------------
E = 1220.000 MeV, Wght = 1.00, Syst = 0.05
  5.000   -0.223000    0.672000
 15.000    0.143000    0.380000
 25.000    0.694000    0.208000
 35.000    0.818000    0.167000
 45.000    0.752000    0.134000
 55.000    0.847000    0.131000
 65.000    0.339000    0.113000
 75.000   -0.131000    0.121000
 85.000   -0.391000    0.130000
 95.000   -0.699000    0.160000
105.000   -0.568000    0.158000
115.000   -0.241000    0.157000
125.000   -0.501000    0.136000
135.000   -0.082000    0.143000
145.000    0.055000    0.148000
155.000    0.199000    0.176000
165.000    0.293000    0.224000
175.000    0.573000    0.394000
------------------------------------------
E = 1230.000 MeV, Wght = 1.00, Syst = 0.05
  5.000    0.277000    0.739000
 15.000   -0.092000    0.299000
 25.000    0.551000    0.181000
 35.000    0.675000    0.155000
 45.000    0.856000    0.127000
 55.000    0.487000    0.118000
 65.000    0.311000    0.115000
 75.000   -0.281000    0.123000
 85.000   -0.588000    0.142000
 95.000   -0.505000    0.147000
105.000   -0.218000    0.163000
115.000   -0.328000    0.150000
125.000   -0.603000    0.150000
135.000   -0.241000    0.138000
145.000    0.020000    0.140000
155.000    0.484000    0.182000
165.000    0.477000    0.240000
175.000    0.253000    0.407000
------------------------------------------
E = 1240.000 MeV, Wght = 1.00, Syst = 0.05
  5.000   -0.392000    0.894000
 25.000    0.762000    0.191000
 35.000    1.079000    0.152000
 45.000    0.886000    0.128000
 55.000    0.799000    0.123000
 65.000    0.032000    0.125000
 75.000   -0.340000    0.128000
 85.000   -0.684000    0.141000
 95.000   -0.724000    0.153000
105.000   -0.232000    0.160000
115.000    0.059000    0.153000
125.000   -0.493000    0.148000
135.000   -0.438000    0.147000
145.000    0.203000    0.164000
155.000    0.053000    0.186000
165.000    0.672000    0.243000
175.000    0.467000    0.440000
------------------------------------------
E = 1250.000 MeV, Wght = 1.00, Syst = 0.05
  5.000   -0.217000    0.655000
 15.000    0.186000    0.303000
 25.000    0.891000    0.201000
 35.000    0.831000    0.152000
 45.000    1.087000    0.145000
 55.000    0.839000    0.129000
 65.000    0.228000    0.121000
 75.000   -0.329000    0.124000
 85.000   -0.868000    0.145000
 95.000   -0.575000    0.148000
105.000   -0.432000    0.175000
115.000   -0.244000    0.164000
125.000   -0.302000    0.142000
135.000   -0.203000    0.142000
145.000    0.067000    0.136000
155.000    0.257000    0.173000
165.000    0.963000    0.251000
175.000    0.854000    0.377000
------------------------------------------
E = 1260.000 MeV, Wght = 1.00, Syst = 0.05
  5.000    0.647000    1.182000
 15.000    0.108000    0.324000
 25.000    0.370000    0.176000
 35.000    0.666000    0.144000
 45.000    0.795000    0.136000
 55.000    0.814000    0.128000
 65.000    0.175000    0.120000
 75.000   -0.291000    0.123000
 85.000   -0.862000    0.148000
 95.000   -0.638000    0.169000
105.000   -0.281000    0.159000
115.000   -0.413000    0.159000
125.000   -0.493000    0.144000
135.000   -0.055000    0.146000
145.000   -0.220000    0.144000
155.000    0.251000    0.176000
165.000    0.388000    0.256000
175.000    0.462000    0.436000
------------------------------------------
E = 1270.000 MeV, Wght = 1.00, Syst = 0.05
  5.000   -0.837000    0.803000
 15.000    0.651000    0.307000
 25.000    0.370000    0.189000
 35.000    0.753000    0.151000
 45.000    1.015000    0.144000
 55.000    0.867000    0.136000
 65.000    0.092000    0.123000
 75.000   -0.290000    0.139000
 85.000   -0.867000    0.149000
 95.000   -0.480000    0.149000
105.000   -0.558000    0.172000
115.000    0.134000    0.162000
125.000   -0.322000    0.147000
135.000    0.036000    0.154000
145.000   -0.056000    0.148000
155.000    0.326000    0.181000
165.000    0.303000    0.235000
175.000    0.451000    0.393000
------------------------------------------
E = 1280.000 MeV, Wght = 1.00, Syst = 0.05
  5.000   -0.648000    0.592000
 15.000   -0.183000    0.268000
 25.000    0.639000    0.175000
 35.000    0.711000    0.152000
 45.000    0.909000    0.147000
 55.000    0.888000    0.140000
 65.000    0.218000    0.124000
 75.000   -0.404000    0.136000
 85.000   -0.648000    0.141000
 95.000   -0.740000    0.153000
105.000   -0.257000    0.168000
115.000    0.161000    0.169000
125.000   -0.050000    0.156000
135.000   -0.258000    0.152000
145.000   -0.206000    0.150000
155.000    0.172000    0.167000
165.000    0.478000    0.256000
175.000    0.389000    0.397000
------------------------------------------
E = 1290.000 MeV, Wght = 1.00, Syst = 0.05
  5.000    0.489000    0.713000
 15.000    0.391000    0.282000
 25.000    0.533000    0.184000
 35.000    0.802000    0.143000
 45.000    0.852000    0.139000
 55.000    0.978000    0.142000
 65.000    0.371000    0.131000
 75.000   -0.564000    0.141000
 85.000   -0.664000    0.143000
 95.000   -0.442000    0.155000
105.000   -0.463000    0.176000
115.000   -0.205000    0.164000
125.000   -0.341000    0.151000
135.000   -0.122000    0.147000
145.000    0.026000    0.160000
155.000    0.241000    0.173000
165.000    0.714000    0.262000
175.000    0.602000    0.401000
------------------------------------------
E = 1300.000 MeV, Wght = 1.00, Syst = 0.05
  5.000   -0.346000    0.483000
 15.000    0.350000    0.266000
 25.000    0.392000    0.179000
 35.000    0.531000    0.147000
 45.000    0.763000    0.148000
 55.000    0.789000    0.145000
 65.000    0.324000    0.135000
 75.000   -0.672000    0.144000
 85.000   -0.743000    0.152000
 95.000   -0.573000    0.153000
105.000   -0.448000    0.170000
125.000   -0.706000    0.170000
135.000   -0.304000    0.145000
145.000    0.078000    0.147000
155.000    0.092000    0.173000
165.000    0.833000    0.238000
175.000    0.261000    0.361000
------------------------------------------
E = 1310.000 MeV, Wght = 1.00, Syst = 0.05
  5.000   -0.455000    0.562000
 15.000    0.035000    0.261000
 25.000    0.425000    0.177000
 35.000    0.585000    0.146000
 45.000    0.822000    0.145000
 55.000    0.781000    0.149000
 65.000    0.336000    0.136000
 75.000   -0.753000    0.142000
 85.000   -0.795000    0.146000
 95.000   -0.314000    0.151000
105.000    0.187000    0.163000
115.000   -0.068000    0.183000
125.000   -0.133000    0.155000
135.000   -0.305000    0.143000
145.000   -0.035000    0.152000
155.000    0.291000    0.176000
165.000    0.836000    0.279000
175.000    0.727000    0.482000
------------------------------------------
E = 1320.000 MeV, Wght = 1.00, Syst = 0.05
  5.000   -0.558000    0.543000
 15.000    0.126000    0.249000
 25.000    0.488000    0.178000
 35.000    0.645000    0.142000
 45.000    1.172000    0.150000
 55.000    0.717000    0.149000
 65.000    0.455000    0.144000
 75.000   -0.779000    0.151000
 85.000   -0.935000    0.158000
 95.000   -0.343000    0.154000
105.000   -0.108000    0.174000
115.000    0.028000    0.166000
125.000   -0.385000    0.167000
135.000   -0.058000    0.151000
145.000    0.073000    0.154000
155.000    0.296000    0.172000
165.000    0.495000    0.233000
175.000    0.533000    0.432000
------------------------------------------
E = 1330.000 MeV, Wght = 1.00, Syst = 0.05
  5.000    0.175000    0.584000
 15.000   -0.082000    0.229000
 25.000    0.211000    0.166000
 35.000    0.587000    0.149000
 45.000    0.987000    0.147000
 55.000    0.987000    0.162000
 65.000    0.216000    0.130000
 75.000   -0.608000    0.138000
 85.000   -1.010000    0.157000
 95.000   -0.652000    0.163000
105.000    0.013000    0.157000
115.000   -0.144000    0.160000
125.000   -0.290000    0.158000
135.000   -0.145000    0.147000
145.000    0.036000    0.153000
155.000    0.572000    0.167000
165.000    0.322000    0.214000
175.000    0.858000    0.498000
------------------------------------------
E = 1340.000 MeV, Wght = 1.00, Syst = 0.05
  5.000    0.583000    0.501000
 15.000   -0.384000    0.257000
 25.000    0.237000    0.173000
 35.000    0.393000    0.141000
 45.000    0.781000    0.143000
 55.000    0.923000    0.154000
 65.000   -0.087000    0.147000
 75.000   -0.832000    0.155000
 85.000   -0.645000    0.162000
 95.000   -0.676000    0.158000
105.000    0.046000    0.175000
115.000    0.100000    0.168000
125.000   -0.283000    0.161000
135.000   -0.268000    0.147000
155.000    0.341000    0.178000
165.000    0.754000    0.252000
175.000    0.615000    0.386000
------------------------------------------
E = 1350.000 MeV, Wght = 1.00, Syst = 0.05
  5.000   -0.243000    0.490000
 25.000    0.427000    0.155000
 35.000    0.323000    0.136000
 45.000    0.679000    0.142000
 55.000    0.720000    0.154000
 65.000    0.041000    0.141000
 75.000   -0.686000    0.143000
 85.000   -0.821000    0.154000
 95.000   -0.566000    0.147000
105.000   -0.111000    0.165000
115.000   -0.032000    0.178000
125.000   -0.350000    0.168000
135.000   -0.151000    0.145000
145.000    0.011000    0.145000
155.000    0.163000    0.170000
165.000    0.114000    0.236000
175.000    0.167000    0.330000
------------------------------------------
E = 1360.000 MeV, Wght = 1.00, Syst = 0.05
 15.000    0.054000    0.232000
 25.000    0.260000    0.159000
 35.000    0.592000    0.142000
 45.000    0.803000    0.151000
 55.000    0.760000    0.152000
 65.000    0.048000    0.154000
 75.000   -0.574000    0.164000
 85.000   -0.679000    0.150000
 95.000   -0.383000    0.146000
105.000    0.135000    0.157000
115.000   -0.087000    0.186000
125.000   -0.311000    0.174000
135.000   -0.130000    0.147000
145.000    0.198000    0.163000
155.000    0.365000    0.189000
165.000    0.646000    0.254000
175.000    0.428000    0.386000
------------------------------------------
E = 1370.000 MeV, Wght = 1.00, Syst = 0.05
 25.000    0.385000    0.164000
 35.000    0.582000    0.147000
 45.000    0.806000    0.149000
 55.000    0.528000    0.150000
 65.000    0.180000    0.153000
 75.000   -0.758000    0.146000
 85.000   -0.778000    0.151000
 95.000   -0.505000    0.155000
105.000   -0.103000    0.158000
115.000    0.136000    0.172000
125.000   -0.448000    0.165000
135.000   -0.361000    0.144000
145.000    0.133000    0.147000
155.000    0.448000    0.165000
165.000    0.416000    0.255000
175.000    0.650000    0.449000
------------------------------------------
E = 1380.000 MeV, Wght = 1.00, Syst = 0.05
  5.000   -0.068000    0.366000
 15.000   -0.050000    0.223000
 25.000    0.104000    0.160000
 35.000    0.412000    0.137000
 45.000    0.650000    0.140000
 55.000    0.721000    0.165000
 65.000   -0.038000    0.158000
 75.000   -0.577000    0.151000
 85.000   -0.755000    0.155000
 95.000   -0.370000    0.141000
105.000   -0.039000    0.159000
115.000    0.306000    0.171000
125.000   -0.456000    0.158000
135.000   -0.212000    0.139000
145.000    0.011000    0.148000
155.000    0.552000    0.173000
165.000    0.463000    0.245000
175.000    0.866000    0.430000
------------------------------------------
E = 1390.000 MeV, Wght = 1.00, Syst = 0.05
  5.000   -0.196000    0.441000
 15.000    0.140000    0.215000
 25.000    0.576000    0.167000
 35.000    0.607000    0.139000
 45.000    0.597000    0.144000
 55.000    1.101000    0.176000
 65.000   -0.055000    0.165000
 75.000   -0.877000    0.171000
 85.000   -0.781000    0.151000
 95.000   -0.354000    0.139000
105.000    0.256000    0.169000
115.000    0.098000    0.179000
125.000   -0.127000    0.167000
135.000   -0.216000    0.150000
145.000   -0.074000    0.144000
155.000    0.214000    0.181000
165.000    0.848000    0.228000
175.000   -0.535000    0.614000
------------------------------------------
E = 1400.000 MeV, Wght = 1.00, Syst = 0.05
  5.000    0.255000    0.411000
 15.000    0.223000    0.235000
 25.000    0.261000    0.157000
 35.000    0.449000    0.147000
 45.000    0.527000    0.147000
 55.000    0.822000    0.176000
 65.000    0.292000    0.171000
 75.000   -0.512000    0.156000
 85.000   -0.594000    0.143000
 95.000   -0.257000    0.140000
105.000    0.041000    0.163000
115.000    0.454000    0.190000
125.000    0.014000    0.166000
135.000   -0.022000    0.147000
145.000   -0.107000    0.145000
155.000    0.306000    0.163000
165.000    0.427000    0.250000
175.000    0.308000    0.454000
------------------------------------------
E = 1410.000 MeV, Wght = 1.00, Syst = 0.05
  5.000   -0.153000    0.553000
 15.000    0.049000    0.220000
 25.000    0.431000    0.170000
 35.000    0.505000    0.148000
 45.000    0.682000    0.144000
 55.000    0.526000    0.176000
 65.000    0.080000    0.178000
 75.000   -0.705000    0.168000
 85.000   -0.727000    0.134000
 95.000   -0.558000    0.150000
105.000    0.224000    0.154000
115.000    0.063000    0.177000
125.000    0.099000    0.168000
135.000   -0.153000    0.153000
145.000    0.257000    0.147000
155.000    0.305000    0.172000
165.000    0.642000    0.259000
175.000   -0.249000    0.501000
------------------------------------------
E = 1420.000 MeV, Wght = 1.00, Syst = 0.05
  5.000    0.280000    0.334000
 15.000    0.027000    0.229000
 25.000    0.382000    0.161000
 35.000    0.800000    0.155000
 45.000    0.872000    0.163000
 55.000    0.631000    0.189000
 65.000   -0.036000    0.188000
 75.000   -0.854000    0.171000
 85.000   -0.684000    0.143000
 95.000   -0.435000    0.143000
105.000   -0.068000    0.164000
115.000    0.290000    0.185000
125.000   -0.197000    0.173000
135.000   -0.012000    0.151000
145.000    0.068000    0.149000
155.000    0.143000    0.177000
165.000    0.567000    0.234000
175.000    0.280000    0.529000
------------------------------------------
E = 1430.000 MeV, Wght = 1.00, Syst = 0.05
  5.000    0.645000    0.481000
 15.000    0.051000    0.222000
 25.000    0.069000    0.163000
 35.000    0.314000    0.142000
 45.000    0.597000    0.148000
 55.000    0.645000    0.180000
 65.000   -0.017000    0.180000
 75.000   -0.569000    0.163000
 85.000   -0.832000    0.149000
 95.000   -0.368000    0.138000
105.000    0.266000    0.154000
115.000   -0.075000    0.170000
125.000   -0.088000    0.169000
135.000   -0.438000    0.147000
145.000    0.104000    0.150000
155.000    0.498000    0.174000
165.000    0.528000    0.214000
175.000    1.209000    0.570000
------------------------------------------
E = 1440.000 MeV, Wght = 1.00, Syst = 0.05
  5.000    0.486000    0.501000
 15.000    0.301000    0.233000
 25.000    0.383000    0.166000
 35.000    0.283000    0.139000
 45.000    0.558000    0.153000
 55.000    0.883000    0.186000
 65.000   -0.117000    0.195000
 75.000   -0.775000    0.169000
 85.000   -0.772000    0.145000
 95.000   -0.186000    0.138000
105.000    0.285000    0.157000
115.000    0.074000    0.170000
125.000   -0.269000    0.172000
135.000   -0.162000    0.162000
145.000    0.020000    0.140000
155.000    0.247000    0.187000
165.000    0.351000    0.217000
------------------------------------------
E = 1450.000 MeV, Wght = 1.00, Syst = 0.05
  5.000    0.181000    0.427000
 15.000    0.028000    0.237000
 25.000    0.208000    0.157000
 35.000    0.546000    0.139000
 45.000    0.640000    0.168000
 55.000    0.634000    0.187000
 65.000   -0.590000    0.222000
 75.000   -0.665000    0.170000
 85.000   -0.916000    0.157000
 95.000   -0.285000    0.133000
105.000    0.114000    0.160000
115.000    0.480000    0.181000
145.000    0.078000    0.149000
155.000    0.151000    0.174000
165.000    0.626000    0.256000
175.000    0.105000    0.458000
------------------------------------------
E = 1460.000 MeV, Wght = 1.00, Syst = 0.05
  5.000   -0.092000    0.423000
 15.000    0.250000    0.212000
 25.000    0.325000    0.161000
 35.000    0.370000    0.146000
 45.000    0.505000    0.160000
 55.000    0.692000    0.197000
 65.000   -0.060000    0.196000
 75.000   -0.487000    0.160000
 85.000   -0.603000    0.138000
 95.000   -0.117000    0.127000
105.000    0.063000    0.143000
115.000    0.459000    0.169000
125.000   -0.438000    0.169000
135.000   -0.348000    0.139000
145.000   -0.103000    0.149000
155.000    0.250000    0.175000
165.000    0.336000    0.289000
175.000    0.645000    0.589000
------------------------------------------
E = 1470.000 MeV, Wght = 1.00, Syst = 0.05
  5.000   -0.360000    0.429000
 15.000   -0.077000    0.226000
 25.000    0.143000    0.169000
 35.000    0.149000    0.151000
 45.000    0.351000    0.160000
 55.000    0.782000    0.187000
 65.000   -0.156000    0.210000
 75.000   -0.642000    0.168000
 85.000   -0.396000    0.143000
 95.000   -0.245000    0.128000
105.000    0.102000    0.142000
115.000    0.253000    0.173000
125.000    0.201000    0.169000
135.000   -0.272000    0.154000
145.000   -0.024000    0.154000
155.000    0.729000    0.183000
165.000    0.271000    0.280000
175.000    0.989000    0.553000
------------------------------------------
E = 1480.000 MeV, Wght = 1.00, Syst = 0.05
  5.000    0.093000    0.428000
 15.000    0.207000    0.213000
 25.000    0.066000    0.160000
 35.000    0.273000    0.157000
 45.000    0.682000    0.155000
 55.000    0.716000    0.230000
 65.000   -0.054000    0.231000
 75.000   -0.937000    0.182000
 85.000   -0.494000    0.146000
 95.000   -0.467000    0.130000
105.000    0.116000    0.144000
115.000    0.156000    0.185000
135.000   -0.326000    0.148000
145.000   -0.256000    0.152000
155.000    0.158000    0.176000
165.000    0.217000    0.248000
175.000    0.085000    0.408000
------------------------------------------
E = 1490.000 MeV, Wght = 1.00, Syst = 0.05
 15.000    0.028000    0.235000
 25.000    0.261000    0.157000
 35.000    0.207000    0.150000
 45.000    0.723000    0.174000
 55.000    0.680000    0.223000
 75.000   -0.527000    0.173000
 85.000   -0.816000    0.151000
 95.000   -0.257000    0.130000
105.000    0.030000    0.140000
115.000    0.045000    0.172000
125.000   -0.237000    0.190000
145.000   -0.163000    0.151000
155.000    0.397000    0.183000
165.000    0.600000    0.283000
175.000    0.650000    0.594000
------------------------------------------
E = 1500.000 MeV, Wght = 1.00, Syst = 0.05
  5.000    0.744000    0.390000
 15.000    0.205000    0.241000
 25.000    0.247000    0.170000
 35.000    0.117000    0.152000
 45.000    0.646000    0.161000
 55.000    0.490000    0.238000
 65.000    0.123000    0.246000
 75.000   -0.798000    0.195000
 85.000   -0.404000    0.144000
 95.000   -0.119000    0.134000
105.000    0.383000    0.156000
115.000    0.413000    0.188000
135.000   -0.115000    0.159000
145.000   -0.089000    0.158000
155.000    0.272000    0.174000
165.000    0.443000    0.255000
175.000    0.841000    0.807000
------------------------------------------
