   W         E2-(pi0_p)
 (MeV)      Re      Im
 1074.0   -0.010   0.000
 1075.0   -0.023   0.000
 1076.0   -0.035   0.000
 1077.0   -0.048   0.000
 1078.0   -0.060   0.000
 1079.0   -0.072   0.000
 1080.0   -0.084   0.000
 1081.0   -0.096   0.000
 1082.0   -0.108   0.000
 1083.0   -0.120   0.000
 1084.0   -0.131   0.000
 1085.0   -0.143   0.000
 1086.0   -0.154   0.000
 1087.0   -0.165   0.000
 1088.0   -0.176   0.000
 1089.0   -0.187   0.000
 1090.0   -0.198   0.000
 1091.0   -0.209   0.000
 1092.0   -0.219   0.000
 1093.0   -0.230   0.000
 1094.0   -0.240   0.000
 1095.0   -0.250   0.001
 1096.0   -0.260   0.001
 1097.0   -0.270   0.001
 1098.0   -0.280   0.001
 1099.0   -0.290   0.001
 1100.0   -0.300   0.001
 1101.0   -0.309   0.001
 1102.0   -0.319   0.001
 1103.0   -0.328   0.001
 1104.0   -0.338   0.001
 1105.0   -0.347   0.001
 1106.0   -0.356   0.001
 1107.0   -0.365   0.001
 1108.0   -0.374   0.001
 1109.0   -0.383   0.001
 1110.0   -0.391   0.001
 1111.0   -0.400   0.001
 1112.0   -0.409   0.001
 1113.0   -0.417   0.002
 1114.0   -0.426   0.002
 1115.0   -0.434   0.002
 1116.0   -0.442   0.002
 1117.0   -0.450   0.002
 1118.0   -0.458   0.002
 1119.0   -0.466   0.002
 1120.0   -0.474   0.002
 1121.0   -0.482   0.002
 1122.0   -0.490   0.003
 1123.0   -0.497   0.003
 1124.0   -0.505   0.003
 1125.0   -0.513   0.003
 1126.0   -0.520   0.003
 1127.0   -0.527   0.003
 1128.0   -0.535   0.003
 1129.0   -0.542   0.003
 1130.0   -0.549   0.004
 1131.0   -0.556   0.004
 1132.0   -0.563   0.004
 1133.0   -0.570   0.004
 1134.0   -0.577   0.004
 1135.0   -0.584   0.004
 1136.0   -0.591   0.004
 1137.0   -0.597   0.005
 1138.0   -0.604   0.005
 1139.0   -0.610   0.005
 1140.0   -0.617   0.005
 1141.0   -0.623   0.005
 1142.0   -0.630   0.005
 1143.0   -0.636   0.006
 1144.0   -0.642   0.006
 1145.0   -0.648   0.006
 1146.0   -0.654   0.006
 1147.0   -0.661   0.006
 1148.0   -0.667   0.006
 1149.0   -0.672   0.007
 1150.0   -0.678   0.007
 1151.0   -0.684   0.007
 1152.0   -0.690   0.007
 1153.0   -0.696   0.008
 1154.0   -0.701   0.008
 1155.0   -0.707   0.008
 1156.0   -0.712   0.009
 1157.0   -0.718   0.009
 1158.0   -0.723   0.009
 1159.0   -0.728   0.010
 1160.0   -0.734   0.010
 1161.0   -0.739   0.010
 1162.0   -0.744   0.011
 1163.0   -0.749   0.011
 1164.0   -0.754   0.011
 1165.0   -0.759   0.012
 1166.0   -0.764   0.012
 1167.0   -0.769   0.012
 1168.0   -0.774   0.013
 1169.0   -0.779   0.013
 1170.0   -0.784   0.014
 1171.0   -0.788   0.014
 1172.0   -0.793   0.014
 1173.0   -0.798   0.015
 1174.0   -0.802   0.015
 1175.0   -0.807   0.016
 1176.0   -0.811   0.016
 1177.0   -0.816   0.016
 1178.0   -0.820   0.017
 1179.0   -0.824   0.017
 1180.0   -0.829   0.018
 1181.0   -0.833   0.018
 1182.0   -0.837   0.019
 1183.0   -0.841   0.019
 1184.0   -0.845   0.020
 1185.0   -0.849   0.020
 1186.0   -0.853   0.021
 1187.0   -0.857   0.022
 1188.0   -0.861   0.022
 1189.0   -0.865   0.023
 1190.0   -0.869   0.023
 1191.0   -0.872   0.024
 1192.0   -0.876   0.025
 1193.0   -0.880   0.025
 1194.0   -0.883   0.026
 1195.0   -0.887   0.027
 1196.0   -0.890   0.027
 1197.0   -0.894   0.028
 1198.0   -0.897   0.029
 1199.0   -0.901   0.030
 1200.0   -0.904   0.031
 1201.0   -0.907   0.031
 1202.0   -0.910   0.032
 1203.0   -0.914   0.033
 1204.0   -0.917   0.034
 1205.0   -0.920   0.035
 1206.0   -0.923   0.036
 1207.0   -0.926   0.037
 1208.0   -0.929   0.038
 1209.0   -0.932   0.039
 1210.0   -0.935   0.039
 1211.0   -0.938   0.040
 1212.0   -0.940   0.041
 1213.0   -0.943   0.042
 1214.0   -0.946   0.043
 1215.0   -0.949   0.044
 1216.0   -0.951   0.045
 1217.0   -0.954   0.046
 1218.0   -0.956   0.047
 1219.0   -0.959   0.048
 1220.0   -0.961   0.049
 1221.0   -0.964   0.050
 1222.0   -0.966   0.052
 1223.0   -0.969   0.053
 1224.0   -0.971   0.054
 1225.0   -0.973   0.055
 1226.0   -0.976   0.056
 1227.0   -0.978   0.058
 1228.0   -0.980   0.059
 1229.0   -0.982   0.060
 1230.0   -0.984   0.061
 1231.0   -0.986   0.063
 1232.0   -0.988   0.064
 1233.0   -0.990   0.065
 1234.0   -0.992   0.067
 1235.0   -0.994   0.068
 1236.0   -0.996   0.069
 1237.0   -0.998   0.071
 1238.0   -1.000   0.072
 1239.0   -1.001   0.074
 1240.0   -1.003   0.075
 1241.0   -1.005   0.077
 1242.0   -1.006   0.078
 1243.0   -1.008   0.080
 1244.0   -1.009   0.081
 1245.0   -1.011   0.083
 1246.0   -1.012   0.085
 1247.0   -1.014   0.086
 1248.0   -1.015   0.088
 1249.0   -1.017   0.090
 1250.0   -1.018   0.091
 1251.0   -1.019   0.093
 1252.0   -1.020   0.095
 1253.0   -1.021   0.096
 1254.0   -1.023   0.098
 1255.0   -1.024   0.100
 1256.0   -1.025   0.102
 1257.0   -1.026   0.103
 1258.0   -1.027   0.105
 1259.0   -1.028   0.107
 1260.0   -1.029   0.109
 1261.0   -1.029   0.111
 1262.0   -1.030   0.113
 1263.0   -1.031   0.115
 1264.0   -1.032   0.117
 1265.0   -1.033   0.119
 1266.0   -1.033   0.121
 1267.0   -1.034   0.123
 1268.0   -1.035   0.125
 1269.0   -1.035   0.127
 1270.0   -1.036   0.130
 1271.0   -1.036   0.132
 1272.0   -1.036   0.134
 1273.0   -1.037   0.136
 1274.0   -1.037   0.139
 1275.0   -1.037   0.141
 1276.0   -1.037   0.143
 1277.0   -1.037   0.146
 1278.0   -1.037   0.148
 1279.0   -1.037   0.151
 1280.0   -1.037   0.153
 1281.0   -1.037   0.156
 1282.0   -1.037   0.158
 1283.0   -1.037   0.161
 1284.0   -1.037   0.163
 1285.0   -1.037   0.166
 1286.0   -1.037   0.169
 1287.0   -1.037   0.171
 1288.0   -1.037   0.174
 1289.0   -1.036   0.177
 1290.0   -1.036   0.180
 1291.0   -1.036   0.182
 1292.0   -1.035   0.185
 1293.0   -1.035   0.188
 1294.0   -1.034   0.191
 1295.0   -1.034   0.194
 1296.0   -1.033   0.197
 1297.0   -1.033   0.200
 1298.0   -1.032   0.204
 1299.0   -1.031   0.207
 1300.0   -1.030   0.210
 1301.0   -1.030   0.213
 1302.0   -1.029   0.216
 1303.0   -1.028   0.220
 1304.0   -1.027   0.223
 1305.0   -1.026   0.226
 1306.0   -1.025   0.230
 1307.0   -1.024   0.233
 1308.0   -1.023   0.236
 1309.0   -1.021   0.240
 1310.0   -1.020   0.243
 1311.0   -1.019   0.247
 1312.0   -1.018   0.250
 1313.0   -1.016   0.254
 1314.0   -1.015   0.258
 1315.0   -1.013   0.262
 1316.0   -1.012   0.265
 1317.0   -1.010   0.269
 1318.0   -1.009   0.273
 1319.0   -1.007   0.277
 1320.0   -1.005   0.281
 1321.0   -1.003   0.285
 1322.0   -1.002   0.289
 1323.0   -1.000   0.294
 1324.0   -0.998   0.298
 1325.0   -0.996   0.302
 1326.0   -0.994   0.306
 1327.0   -0.992   0.311
 1328.0   -0.990   0.315
 1329.0   -0.988   0.320
 1330.0   -0.986   0.324
 1331.0   -0.984   0.329
 1332.0   -0.982   0.334
 1333.0   -0.979   0.339
 1334.0   -0.977   0.344
 1335.0   -0.975   0.348
 1336.0   -0.972   0.353
 1337.0   -0.970   0.359
 1338.0   -0.968   0.364
 1339.0   -0.965   0.369
 1340.0   -0.962   0.374
 1341.0   -0.960   0.379
 1342.0   -0.957   0.385
 1343.0   -0.954   0.390
 1344.0   -0.951   0.396
 1345.0   -0.948   0.401
 1346.0   -0.945   0.407
 1347.0   -0.942   0.413
 1348.0   -0.939   0.419
 1349.0   -0.936   0.425
 1350.0   -0.933   0.431
 1351.0   -0.930   0.437
 1352.0   -0.927   0.443
 1353.0   -0.924   0.450
 1354.0   -0.920   0.456
 1355.0   -0.917   0.463
 1356.0   -0.914   0.469
 1357.0   -0.910   0.476
 1358.0   -0.907   0.483
 1359.0   -0.903   0.490
 1360.0   -0.900   0.497
 1361.0   -0.896   0.504
 1362.0   -0.892   0.511
 1363.0   -0.889   0.519
 1364.0   -0.885   0.526
 1365.0   -0.881   0.534
 1366.0   -0.877   0.541
 1367.0   -0.873   0.549
 1368.0   -0.869   0.557
 1369.0   -0.865   0.565
 1370.0   -0.861   0.573
 1371.0   -0.857   0.582
 1372.0   -0.853   0.590
 1373.0   -0.849   0.599
 1374.0   -0.844   0.608
 1375.0   -0.840   0.617
 1376.0   -0.836   0.626
 1377.0   -0.831   0.635
 1378.0   -0.827   0.644
 1379.0   -0.823   0.654
 1380.0   -0.818   0.664
 1381.0   -0.814   0.673
 1382.0   -0.809   0.683
 1383.0   -0.805   0.693
 1384.0   -0.800   0.704
 1385.0   -0.795   0.714
 1386.0   -0.791   0.725
 1387.0   -0.786   0.736
 1388.0   -0.781   0.747
 1389.0   -0.777   0.758
 1390.0   -0.772   0.770
 1391.0   -0.767   0.781
 1392.0   -0.762   0.793
 1393.0   -0.757   0.806
 1394.0   -0.752   0.818
 1395.0   -0.747   0.831
 1396.0   -0.742   0.844
 1397.0   -0.737   0.857
 1398.0   -0.733   0.870
 1399.0   -0.728   0.884
 1400.0   -0.723   0.897
 1401.0   -0.718   0.912
 1402.0   -0.713   0.926
 1403.0   -0.708   0.941
 1404.0   -0.703   0.956
 1405.0   -0.698   0.971
 1406.0   -0.693   0.986
 1407.0   -0.688   1.002
 1408.0   -0.683   1.018
 1409.0   -0.678   1.034
 1410.0   -0.674   1.051
 1411.0   -0.669   1.068
 1412.0   -0.664   1.085
 1413.0   -0.660   1.103
 1414.0   -0.655   1.121
 1415.0   -0.651   1.139
 1416.0   -0.647   1.158
 1417.0   -0.642   1.177
 1418.0   -0.638   1.197
 1419.0   -0.634   1.217
 1420.0   -0.630   1.237
 1421.0   -0.626   1.258
 1422.0   -0.623   1.279
 1423.0   -0.619   1.301
 1424.0   -0.616   1.323
 1425.0   -0.612   1.345
 1426.0   -0.609   1.368
 1427.0   -0.606   1.392
 1428.0   -0.603   1.416
 1429.0   -0.601   1.440
 1430.0   -0.599   1.465
 1431.0   -0.597   1.491
 1432.0   -0.595   1.516
 1433.0   -0.593   1.543
 1434.0   -0.592   1.570
 1435.0   -0.591   1.597
 1436.0   -0.591   1.625
 1437.0   -0.591   1.654
 1438.0   -0.591   1.683
 1439.0   -0.592   1.712
 1440.0   -0.593   1.743
 1441.0   -0.594   1.774
 1442.0   -0.596   1.805
 1443.0   -0.599   1.837
 1444.0   -0.602   1.870
 1445.0   -0.605   1.903
 1446.0   -0.610   1.937
 1447.0   -0.614   1.972
 1448.0   -0.620   2.007
 1449.0   -0.626   2.043
 1450.0   -0.633   2.080
 1451.0   -0.641   2.117
 1452.0   -0.649   2.154
 1453.0   -0.659   2.193
 1454.0   -0.669   2.232
 1455.0   -0.680   2.271
 1456.0   -0.692   2.311
 1457.0   -0.706   2.352
 1458.0   -0.720   2.393
 1459.0   -0.735   2.435
 1460.0   -0.752   2.478
 1461.0   -0.770   2.521
 1462.0   -0.789   2.564
 1463.0   -0.809   2.608
 1464.0   -0.831   2.653
 1465.0   -0.855   2.698
 1466.0   -0.879   2.743
 1467.0   -0.906   2.788
 1468.0   -0.934   2.834
 1469.0   -0.963   2.880
 1470.0   -0.995   2.927
 1471.0   -1.028   2.973
 1472.0   -1.063   3.020
 1473.0   -1.100   3.066
 1474.0   -1.139   3.112
 1475.0   -1.180   3.159
 1476.0   -1.224   3.205
 1477.0   -1.269   3.250
 1478.0   -1.316   3.296
 1479.0   -1.366   3.340
 1480.0   -1.417   3.384
 1481.0   -1.471   3.428
 1482.0   -1.527   3.470
 1483.0   -1.586   3.512
 1484.0   -1.647   3.553
 1485.0   -1.710   3.592
 1486.0   -1.775   3.630
 1487.0   -1.843   3.666
 1488.0   -1.913   3.701
 1489.0   -1.985   3.734
 1490.0   -2.059   3.765
 1491.0   -2.136   3.795
 1492.0   -2.214   3.821
 1493.0   -2.295   3.846
 1494.0   -2.377   3.868
 1495.0   -2.462   3.888
 1496.0   -2.548   3.904
 1497.0   -2.636   3.918
 1498.0   -2.725   3.929
 1499.0   -2.815   3.936
 1500.0   -2.907   3.941
 1501.0   -3.000   3.941
 1502.0   -3.093   3.939
 1503.0   -3.187   3.933
 1504.0   -3.282   3.923
 1505.0   -3.377   3.910
 1506.0   -3.472   3.893
 1507.0   -3.567   3.872
 1508.0   -3.662   3.848
 1509.0   -3.756   3.820
 1510.0   -3.850   3.789
 1511.0   -3.943   3.753
 1512.0   -4.035   3.714
 1513.0   -4.125   3.671
 1514.0   -4.214   3.625
 1515.0   -4.301   3.576
 1516.0   -4.386   3.523
 1517.0   -4.469   3.468
 1518.0   -4.549   3.410
 1519.0   -4.627   3.349
 1520.0   -4.703   3.285
 1521.0   -4.777   3.219
 1522.0   -4.847   3.151
 1523.0   -4.915   3.080
 1524.0   -4.981   3.007
 1525.0   -5.043   2.932
 1526.0   -5.102   2.855
 1527.0   -5.158   2.777
 1528.0   -5.211   2.697
 1529.0   -5.261   2.616
 1530.0   -5.307   2.534
 1531.0   -5.351   2.451
 1532.0   -5.392   2.368
 1533.0   -5.430   2.285
 1534.0   -5.465   2.201
 1535.0   -5.497   2.117
 1536.0   -5.527   2.032
 1537.0   -5.554   1.948
 1538.0   -5.578   1.864
 1539.0   -5.600   1.780
 1540.0   -5.619   1.696
 1541.0   -5.636   1.613
 1542.0   -5.650   1.531
 1543.0   -5.662   1.449
 1544.0   -5.672   1.367
 1545.0   -5.679   1.286
 1546.0   -5.685   1.206
 1547.0   -5.688   1.127
 1548.0   -5.690   1.049
 1549.0   -5.690   0.971
 1550.0   -5.688   0.894
 1551.0   -5.684   0.819
 1552.0   -5.679   0.744
 1553.0   -5.672   0.670
 1554.0   -5.664   0.597
 1555.0   -5.655   0.525
 1556.0   -5.644   0.454
 1557.0   -5.632   0.384
 1558.0   -5.618   0.315
 1559.0   -5.604   0.247
 1560.0   -5.588   0.180
 1561.0   -5.572   0.114
 1562.0   -5.554   0.049
 1563.0   -5.536  -0.015
 1564.0   -5.516  -0.078
 1565.0   -5.496  -0.140
 1566.0   -5.475  -0.202
 1567.0   -5.453  -0.262
 1568.0   -5.431  -0.322
 1569.0   -5.407  -0.380
 1570.0   -5.383  -0.438
 1571.0   -5.358  -0.495
 1572.0   -5.333  -0.551
 1573.0   -5.307  -0.606
 1574.0   -5.280  -0.660
 1575.0   -5.253  -0.714
 1576.0   -5.225  -0.767
 1577.0   -5.197  -0.819
 1578.0   -5.168  -0.870
 1579.0   -5.139  -0.920
 1580.0   -5.109  -0.970
 1581.0   -5.079  -1.019
 1582.0   -5.048  -1.067
 1583.0   -5.017  -1.115
 1584.0   -4.985  -1.161
 1585.0   -4.953  -1.207
 1586.0   -4.920  -1.253
 1587.0   -4.887  -1.298
 1588.0   -4.854  -1.342
 1589.0   -4.820  -1.385
 1590.0   -4.786  -1.428
 1591.0   -4.752  -1.470
 1592.0   -4.717  -1.512
 1593.0   -4.681  -1.552
 1594.0   -4.646  -1.593
 1595.0   -4.610  -1.632
 1596.0   -4.573  -1.671
 1597.0   -4.537  -1.710
 1598.0   -4.500  -1.748
 1599.0   -4.462  -1.785
 1600.0   -4.424  -1.821
 1601.0   -4.386  -1.857
 1602.0   -4.347  -1.892
 1603.0   -4.308  -1.927
 1604.0   -4.269  -1.961
 1605.0   -4.230  -1.994
 1606.0   -4.190  -2.027
 1607.0   -4.149  -2.059
 1608.0   -4.109  -2.091
 1609.0   -4.068  -2.122
 1610.0   -4.027  -2.152
 1611.0   -3.986  -2.181
 1612.0   -3.944  -2.210
 1613.0   -3.902  -2.239
 1614.0   -3.860  -2.266
 1615.0   -3.817  -2.294
 1616.0   -3.775  -2.320
 1617.0   -3.731  -2.346
 1618.0   -3.688  -2.371
 1619.0   -3.645  -2.395
 1620.0   -3.601  -2.419
 1621.0   -3.557  -2.442
 1622.0   -3.512  -2.464
 1623.0   -3.468  -2.486
 1624.0   -3.423  -2.507
 1625.0   -3.378  -2.527
 1626.0   -3.333  -2.547
 1627.0   -3.288  -2.566
 1628.0   -3.242  -2.584
 1629.0   -3.197  -2.601
 1630.0   -3.151  -2.618
 1631.0   -3.105  -2.634
 1632.0   -3.060  -2.649
 1633.0   -3.014  -2.664
 1634.0   -2.968  -2.678
 1635.0   -2.922  -2.691
 1636.0   -2.876  -2.703
 1637.0   -2.829  -2.715
 1638.0   -2.783  -2.726
 1639.0   -2.737  -2.736
 1640.0   -2.691  -2.745
 1641.0   -2.645  -2.754
 1642.0   -2.599  -2.761
 1643.0   -2.553  -2.769
 1644.0   -2.507  -2.775
 1645.0   -2.461  -2.781
 1646.0   -2.415  -2.786
 1647.0   -2.369  -2.790
 1648.0   -2.324  -2.793
 1649.0   -2.278  -2.796
 1650.0   -2.233  -2.798
 1651.0   -2.188  -2.800
 1652.0   -2.143  -2.800
 1653.0   -2.098  -2.800
 1654.0   -2.053  -2.800
 1655.0   -2.009  -2.798
 1656.0   -1.965  -2.796
 1657.0   -1.921  -2.794
 1658.0   -1.878  -2.790
 1659.0   -1.834  -2.786
 1660.0   -1.791  -2.782
 1661.0   -1.749  -2.776
 1662.0   -1.706  -2.770
 1663.0   -1.664  -2.764
 1664.0   -1.623  -2.757
 1665.0   -1.581  -2.749
 1666.0   -1.541  -2.741
 1667.0   -1.500  -2.732
 1668.0   -1.460  -2.723
 1669.0   -1.420  -2.713
 1670.0   -1.381  -2.702
 1671.0   -1.342  -2.691
 1672.0   -1.304  -2.680
 1673.0   -1.266  -2.668
 1674.0   -1.228  -2.655
 1675.0   -1.191  -2.642
 1676.0   -1.154  -2.629
 1677.0   -1.118  -2.615
 1678.0   -1.083  -2.601
 1679.0   -1.047  -2.586
 1680.0   -1.013  -2.572
 1681.0   -0.979  -2.556
 1682.0   -0.945  -2.541
 1683.0   -0.912  -2.525
 1684.0   -0.879  -2.508
 1685.0   -0.847  -2.492
 1686.0   -0.815  -2.475
 1687.0   -0.784  -2.457
 1688.0   -0.753  -2.440
 1689.0   -0.723  -2.422
 1690.0   -0.693  -2.404
 1691.0   -0.664  -2.386
 1692.0   -0.636  -2.367
 1693.0   -0.608  -2.348
 1694.0   -0.580  -2.329
 1695.0   -0.553  -2.310
 1696.0   -0.526  -2.291
 1697.0   -0.500  -2.271
 1698.0   -0.474  -2.252
 1699.0   -0.449  -2.232
 1700.0   -0.425  -2.212
 1701.0   -0.400  -2.192
 1702.0   -0.377  -2.172
 1703.0   -0.354  -2.152
 1704.0   -0.331  -2.132
 1705.0   -0.309  -2.112
 1706.0   -0.287  -2.091
 1707.0   -0.265  -2.071
 1708.0   -0.245  -2.050
 1709.0   -0.224  -2.030
 1710.0   -0.204  -2.010
 1711.0   -0.185  -1.989
 1712.0   -0.165  -1.969
 1713.0   -0.147  -1.948
 1714.0   -0.128  -1.927
 1715.0   -0.111  -1.907
 1716.0   -0.093  -1.887
 1717.0   -0.076  -1.866
 1718.0   -0.059  -1.846
 1719.0   -0.043  -1.825
 1720.0   -0.027  -1.805
 1721.0   -0.012  -1.785
 1722.0    0.003  -1.764
 1723.0    0.018  -1.744
 1724.0    0.033  -1.724
 1725.0    0.047  -1.704
 1726.0    0.060  -1.684
 1727.0    0.074  -1.665
 1728.0    0.087  -1.645
 1729.0    0.099  -1.625
 1730.0    0.112  -1.606
 1731.0    0.123  -1.586
 1732.0    0.135  -1.567
 1733.0    0.146  -1.548
 1734.0    0.157  -1.529
 1735.0    0.168  -1.510
 1736.0    0.178  -1.491
 1737.0    0.189  -1.473
 1738.0    0.198  -1.454
 1739.0    0.208  -1.436
 1740.0    0.217  -1.418
 1741.0    0.226  -1.399
 1742.0    0.235  -1.381
 1743.0    0.244  -1.363
 1744.0    0.252  -1.346
 1745.0    0.260  -1.328
 1746.0    0.268  -1.311
 1747.0    0.276  -1.293
 1748.0    0.283  -1.276
 1749.0    0.291  -1.259
 1750.0    0.298  -1.242
 1751.0    0.305  -1.225
 1752.0    0.311  -1.209
 1753.0    0.318  -1.192
 1754.0    0.324  -1.176
 1755.0    0.330  -1.160
 1756.0    0.336  -1.144
 1757.0    0.342  -1.128
 1758.0    0.347  -1.112
 1759.0    0.353  -1.097
 1760.0    0.358  -1.081
 1761.0    0.363  -1.066
 1762.0    0.368  -1.051
 1763.0    0.372  -1.036
 1764.0    0.377  -1.021
 1765.0    0.381  -1.007
 1766.0    0.385  -0.992
 1767.0    0.390  -0.978
 1768.0    0.394  -0.963
 1769.0    0.397  -0.949
 1770.0    0.401  -0.935
 1771.0    0.405  -0.922
 1772.0    0.408  -0.908
 1773.0    0.412  -0.894
 1774.0    0.415  -0.881
 1775.0    0.418  -0.868
 1776.0    0.421  -0.855
 1777.0    0.424  -0.842
 1778.0    0.427  -0.829
 1779.0    0.430  -0.816
 1780.0    0.432  -0.804
 1781.0    0.435  -0.791
 1782.0    0.437  -0.779
 1783.0    0.440  -0.767
 1784.0    0.442  -0.755
 1785.0    0.444  -0.743
 1786.0    0.447  -0.731
 1787.0    0.449  -0.720
 1788.0    0.451  -0.708
 1789.0    0.452  -0.697
 1790.0    0.454  -0.686
 1791.0    0.456  -0.675
 1792.0    0.458  -0.664
 1793.0    0.459  -0.653
 1794.0    0.461  -0.642
 1795.0    0.462  -0.632
 1796.0    0.464  -0.621
 1797.0    0.465  -0.611
 1798.0    0.467  -0.601
 1799.0    0.468  -0.590
 1800.0    0.469  -0.580
 1801.0    0.470  -0.571
 1802.0    0.471  -0.561
 1803.0    0.472  -0.551
 1804.0    0.474  -0.542
 1805.0    0.475  -0.532
 1806.0    0.476  -0.523
 1807.0    0.476  -0.514
 1808.0    0.477  -0.505
 1809.0    0.478  -0.496
 1810.0    0.479  -0.487
 1811.0    0.480  -0.478
 1812.0    0.481  -0.469
 1813.0    0.481  -0.461
 1814.0    0.482  -0.452
 1815.0    0.483  -0.444
 1816.0    0.483  -0.435
 1817.0    0.484  -0.427
 1818.0    0.484  -0.419
 1819.0    0.485  -0.411
 1820.0    0.485  -0.403
 1821.0    0.486  -0.395
 1822.0    0.486  -0.388
 1823.0    0.487  -0.380
 1824.0    0.487  -0.373
 1825.0    0.487  -0.365
 1826.0    0.488  -0.358
 1827.0    0.488  -0.351
 1828.0    0.488  -0.343
 1829.0    0.489  -0.336
 1830.0    0.489  -0.329
 1831.0    0.489  -0.323
 1832.0    0.490  -0.316
 1833.0    0.490  -0.309
 1834.0    0.490  -0.302
 1835.0    0.491  -0.296
 1836.0    0.491  -0.289
 1837.0    0.491  -0.283
 1838.0    0.492  -0.276
 1839.0    0.492  -0.270
 1840.0    0.492  -0.264
 1841.0    0.492  -0.258
 1842.0    0.492  -0.252
 1843.0    0.493  -0.246
 1844.0    0.493  -0.240
 1845.0    0.493  -0.234
 1846.0    0.493  -0.228
 1847.0    0.493  -0.223
 1848.0    0.493  -0.217
 1849.0    0.493  -0.211
 1850.0    0.493  -0.206
 1851.0    0.493  -0.200
 1852.0    0.493  -0.195
 1853.0    0.494  -0.190
 1854.0    0.494  -0.185
 1855.0    0.494  -0.179
 1856.0    0.494  -0.174
 1857.0    0.494  -0.169
 1858.0    0.494  -0.164
 1859.0    0.494  -0.159
 1860.0    0.494  -0.154
 1861.0    0.494  -0.150
 1862.0    0.494  -0.145
 1863.0    0.495  -0.140
 1864.0    0.495  -0.136
 1865.0    0.495  -0.131
 1866.0    0.495  -0.127
 1867.0    0.495  -0.122
 1868.0    0.495  -0.118
 1869.0    0.495  -0.114
 1870.0    0.495  -0.109
 1871.0    0.496  -0.105
 1872.0    0.496  -0.101
 1873.0    0.496  -0.097
 1874.0    0.496  -0.093
 1875.0    0.496  -0.089
 1876.0    0.496  -0.085
 1877.0    0.496  -0.081
 1878.0    0.497  -0.077
 1879.0    0.497  -0.073
 1880.0    0.497  -0.069
 1881.0    0.497  -0.066
 1882.0    0.497  -0.062
 1883.0    0.498  -0.058
 1884.0    0.498  -0.055
 1885.0    0.498  -0.051
 1886.0    0.498  -0.048
 1887.0    0.498  -0.044
 1888.0    0.499  -0.041
 1889.0    0.499  -0.037
 1890.0    0.499  -0.034
 1891.0    0.499  -0.031
 1892.0    0.499  -0.028
 1893.0    0.500  -0.024
 1894.0    0.500  -0.021
 1895.0    0.500  -0.018
 1896.0    0.500  -0.015
 1897.0    0.500  -0.012
 1898.0    0.500  -0.009
 1899.0    0.501  -0.006
 1900.0    0.501  -0.003
 1901.0    0.501   0.000
 1902.0    0.501   0.003
 1903.0    0.502   0.005
 1904.0    0.502   0.008
 1905.0    0.502   0.011
 1906.0    0.503   0.013
 1907.0    0.503   0.016
 1908.0    0.503   0.018
 1909.0    0.504   0.021
 1910.0    0.504   0.023
 1911.0    0.504   0.026
 1912.0    0.505   0.028
 1913.0    0.505   0.030
 1914.0    0.505   0.033
 1915.0    0.506   0.035
 1916.0    0.506   0.038
 1917.0    0.507   0.040
 1918.0    0.507   0.042
 1919.0    0.507   0.044
 1920.0    0.508   0.047
 1921.0    0.508   0.049
 1922.0    0.509   0.051
 1923.0    0.509   0.053
 1924.0    0.509   0.055
 1925.0    0.510   0.057
 1926.0    0.510   0.059
 1927.0    0.511   0.061
 1928.0    0.511   0.063
 1929.0    0.512   0.065
 1930.0    0.512   0.067
 1931.0    0.512   0.069
 1932.0    0.513   0.071
 1933.0    0.514   0.073
 1934.0    0.514   0.074
 1935.0    0.515   0.076
 1936.0    0.515   0.078
 1937.0    0.516   0.079
 1938.0    0.517   0.081
 1939.0    0.517   0.083
 1940.0    0.518   0.084
 1941.0    0.519   0.086
 1942.0    0.519   0.088
 1943.0    0.520   0.089
 1944.0    0.520   0.091
 1945.0    0.521   0.092
 1946.0    0.522   0.094
 1947.0    0.522   0.095
 1948.0    0.523   0.097
 1949.0    0.524   0.098
 1950.0    0.524   0.099
 1951.0    0.525   0.101
 1952.0    0.526   0.102
 1953.0    0.526   0.103
 1954.0    0.527   0.105
 1955.0    0.528   0.106
 1956.0    0.528   0.107
 1957.0    0.529   0.108
 1958.0    0.530   0.109
 1959.0    0.531   0.110
 1960.0    0.531   0.112
 1961.0    0.532   0.113
 1962.0    0.533   0.114
 1963.0    0.534   0.115
 1964.0    0.534   0.116
 1965.0    0.535   0.117
 1966.0    0.536   0.118
 1967.0    0.537   0.119
 1968.0    0.538   0.120
 1969.0    0.539   0.120
 1970.0    0.540   0.121
 1971.0    0.541   0.122
