   W         M2+(eta_p)
 (MeV)      Re      Im
 1487.0    0.000   0.000
 1488.0   -0.001   0.000
 1489.0   -0.001   0.000
 1490.0   -0.002   0.000
 1491.0   -0.002   0.000
 1492.0   -0.003  -0.001
 1493.0   -0.003  -0.001
 1494.0   -0.003  -0.001
 1495.0   -0.004  -0.001
 1496.0   -0.004  -0.001
 1497.0   -0.005  -0.001
 1498.0   -0.005  -0.001
 1499.0   -0.006  -0.002
 1500.0   -0.006  -0.002
 1501.0   -0.007  -0.002
 1502.0   -0.007  -0.002
 1503.0   -0.008  -0.002
 1504.0   -0.008  -0.002
 1505.0   -0.009  -0.002
 1506.0   -0.009  -0.003
 1507.0   -0.010  -0.003
 1508.0   -0.010  -0.003
 1509.0   -0.011  -0.003
 1510.0   -0.011  -0.003
 1511.0   -0.012  -0.004
 1512.0   -0.013  -0.004
 1513.0   -0.013  -0.004
 1514.0   -0.014  -0.004
 1515.0   -0.014  -0.004
 1516.0   -0.015  -0.005
 1517.0   -0.015  -0.005
 1518.0   -0.016  -0.005
 1519.0   -0.017  -0.005
 1520.0   -0.017  -0.006
 1521.0   -0.018  -0.006
 1522.0   -0.018  -0.006
 1523.0   -0.019  -0.006
 1524.0   -0.020  -0.007
 1525.0   -0.020  -0.007
 1526.0   -0.021  -0.007
 1527.0   -0.022  -0.008
 1528.0   -0.022  -0.008
 1529.0   -0.023  -0.008
 1530.0   -0.024  -0.009
 1531.0   -0.024  -0.009
 1532.0   -0.025  -0.009
 1533.0   -0.026  -0.010
 1534.0   -0.026  -0.010
 1535.0   -0.027  -0.011
 1536.0   -0.028  -0.011
 1537.0   -0.028  -0.011
 1538.0   -0.029  -0.012
 1539.0   -0.030  -0.012
 1540.0   -0.031  -0.013
 1541.0   -0.031  -0.013
 1542.0   -0.032  -0.014
 1543.0   -0.033  -0.014
 1544.0   -0.034  -0.015
 1545.0   -0.034  -0.015
 1546.0   -0.035  -0.016
 1547.0   -0.036  -0.016
 1548.0   -0.037  -0.017
 1549.0   -0.038  -0.017
 1550.0   -0.038  -0.018
 1551.0   -0.039  -0.019
 1552.0   -0.040  -0.019
 1553.0   -0.041  -0.020
 1554.0   -0.042  -0.021
 1555.0   -0.043  -0.021
 1556.0   -0.043  -0.022
 1557.0   -0.044  -0.023
 1558.0   -0.045  -0.024
 1559.0   -0.046  -0.024
 1560.0   -0.047  -0.025
 1561.0   -0.048  -0.026
 1562.0   -0.049  -0.027
 1563.0   -0.050  -0.028
 1564.0   -0.050  -0.029
 1565.0   -0.051  -0.029
 1566.0   -0.052  -0.030
 1567.0   -0.053  -0.031
 1568.0   -0.054  -0.032
 1569.0   -0.055  -0.033
 1570.0   -0.056  -0.034
 1571.0   -0.057  -0.036
 1572.0   -0.058  -0.037
 1573.0   -0.059  -0.038
 1574.0   -0.060  -0.039
 1575.0   -0.061  -0.040
 1576.0   -0.061  -0.041
 1577.0   -0.062  -0.043
 1578.0   -0.063  -0.044
 1579.0   -0.064  -0.045
 1580.0   -0.065  -0.047
 1581.0   -0.066  -0.048
 1582.0   -0.067  -0.050
 1583.0   -0.068  -0.051
 1584.0   -0.069  -0.053
 1585.0   -0.070  -0.054
 1586.0   -0.071  -0.056
 1587.0   -0.072  -0.057
 1588.0   -0.072  -0.059
 1589.0   -0.073  -0.061
 1590.0   -0.074  -0.063
 1591.0   -0.075  -0.064
 1592.0   -0.076  -0.066
 1593.0   -0.077  -0.068
 1594.0   -0.077  -0.070
 1595.0   -0.078  -0.072
 1596.0   -0.079  -0.074
 1597.0   -0.080  -0.076
 1598.0   -0.080  -0.078
 1599.0   -0.081  -0.081
 1600.0   -0.082  -0.083
 1601.0   -0.082  -0.085
 1602.0   -0.083  -0.087
 1603.0   -0.083  -0.090
 1604.0   -0.084  -0.092
 1605.0   -0.084  -0.095
 1606.0   -0.085  -0.097
 1607.0   -0.085  -0.100
 1608.0   -0.085  -0.102
 1609.0   -0.086  -0.105
 1610.0   -0.086  -0.108
 1611.0   -0.086  -0.111
 1612.0   -0.086  -0.113
 1613.0   -0.086  -0.116
 1614.0   -0.086  -0.119
 1615.0   -0.086  -0.122
 1616.0   -0.086  -0.125
 1617.0   -0.086  -0.128
 1618.0   -0.085  -0.131
 1619.0   -0.085  -0.134
 1620.0   -0.085  -0.137
 1621.0   -0.084  -0.141
 1622.0   -0.084  -0.144
 1623.0   -0.083  -0.147
 1624.0   -0.082  -0.150
 1625.0   -0.081  -0.153
 1626.0   -0.080  -0.157
 1627.0   -0.079  -0.160
 1628.0   -0.078  -0.163
 1629.0   -0.077  -0.167
 1630.0   -0.076  -0.170
 1631.0   -0.074  -0.173
 1632.0   -0.073  -0.177
 1633.0   -0.071  -0.180
 1634.0   -0.069  -0.183
 1635.0   -0.067  -0.187
 1636.0   -0.065  -0.190
 1637.0   -0.063  -0.193
 1638.0   -0.061  -0.196
 1639.0   -0.059  -0.199
 1640.0   -0.056  -0.203
 1641.0   -0.054  -0.206
 1642.0   -0.051  -0.209
 1643.0   -0.049  -0.212
 1644.0   -0.046  -0.215
 1645.0   -0.043  -0.218
 1646.0   -0.040  -0.220
 1647.0   -0.037  -0.223
 1648.0   -0.034  -0.226
 1649.0   -0.030  -0.228
 1650.0   -0.027  -0.231
 1651.0   -0.024  -0.233
 1652.0   -0.020  -0.235
 1653.0   -0.017  -0.238
 1654.0   -0.013  -0.240
 1655.0   -0.009  -0.242
 1656.0   -0.005  -0.244
 1657.0   -0.002  -0.245
 1658.0    0.002  -0.247
 1659.0    0.006  -0.249
 1660.0    0.010  -0.250
 1661.0    0.014  -0.251
 1662.0    0.018  -0.252
 1663.0    0.022  -0.254
 1664.0    0.026  -0.255
 1665.0    0.030  -0.255
 1666.0    0.035  -0.256
 1667.0    0.039  -0.257
 1668.0    0.043  -0.257
 1669.0    0.047  -0.258
 1670.0    0.051  -0.258
 1671.0    0.055  -0.258
 1672.0    0.059  -0.258
 1673.0    0.063  -0.258
 1674.0    0.067  -0.258
 1675.0    0.071  -0.258
 1676.0    0.075  -0.257
 1677.0    0.079  -0.257
 1678.0    0.083  -0.256
 1679.0    0.086  -0.256
 1680.0    0.090  -0.255
 1681.0    0.094  -0.254
 1682.0    0.097  -0.253
 1683.0    0.101  -0.253
 1684.0    0.104  -0.251
 1685.0    0.108  -0.250
 1686.0    0.111  -0.249
 1687.0    0.115  -0.248
 1688.0    0.118  -0.247
 1689.0    0.121  -0.245
 1690.0    0.124  -0.244
 1691.0    0.127  -0.243
 1692.0    0.130  -0.241
 1693.0    0.133  -0.240
 1694.0    0.136  -0.238
 1695.0    0.139  -0.236
 1696.0    0.142  -0.235
 1697.0    0.145  -0.233
 1698.0    0.147  -0.231
 1699.0    0.150  -0.230
 1700.0    0.152  -0.228
 1701.0    0.155  -0.226
 1702.0    0.157  -0.224
 1703.0    0.159  -0.222
 1704.0    0.162  -0.220
 1705.0    0.164  -0.219
 1706.0    0.166  -0.217
 1707.0    0.168  -0.215
 1708.0    0.170  -0.213
 1709.0    0.172  -0.211
 1710.0    0.174  -0.209
 1711.0    0.176  -0.207
 1712.0    0.178  -0.205
 1713.0    0.179  -0.203
 1714.0    0.181  -0.201
 1715.0    0.183  -0.200
 1716.0    0.184  -0.198
 1717.0    0.186  -0.196
 1718.0    0.187  -0.194
 1719.0    0.189  -0.192
 1720.0    0.190  -0.190
 1721.0    0.192  -0.188
 1722.0    0.193  -0.186
 1723.0    0.194  -0.184
 1724.0    0.196  -0.183
 1725.0    0.197  -0.181
 1726.0    0.198  -0.179
 1727.0    0.199  -0.177
 1728.0    0.200  -0.175
 1729.0    0.201  -0.173
 1730.0    0.202  -0.172
 1731.0    0.203  -0.170
 1732.0    0.204  -0.168
 1733.0    0.205  -0.166
 1734.0    0.206  -0.165
 1735.0    0.207  -0.163
 1736.0    0.208  -0.161
 1737.0    0.209  -0.159
 1738.0    0.210  -0.158
 1739.0    0.211  -0.156
 1740.0    0.211  -0.154
 1741.0    0.212  -0.153
 1742.0    0.213  -0.151
 1743.0    0.214  -0.150
 1744.0    0.214  -0.148
 1745.0    0.215  -0.146
 1746.0    0.216  -0.145
 1747.0    0.216  -0.143
 1748.0    0.217  -0.142
 1749.0    0.217  -0.140
 1750.0    0.218  -0.139
 1751.0    0.218  -0.137
 1752.0    0.219  -0.136
 1753.0    0.220  -0.134
 1754.0    0.220  -0.133
 1755.0    0.221  -0.131
 1756.0    0.221  -0.130
 1757.0    0.221  -0.128
 1758.0    0.222  -0.127
 1759.0    0.222  -0.126
 1760.0    0.223  -0.124
 1761.0    0.223  -0.123
 1762.0    0.224  -0.121
 1763.0    0.224  -0.120
 1764.0    0.224  -0.119
 1765.0    0.225  -0.117
 1766.0    0.225  -0.116
 1767.0    0.225  -0.115
 1768.0    0.226  -0.113
 1769.0    0.226  -0.112
 1770.0    0.226  -0.111
 1771.0    0.227  -0.110
 1772.0    0.227  -0.108
 1773.0    0.227  -0.107
 1774.0    0.228  -0.106
 1775.0    0.228  -0.105
 1776.0    0.228  -0.103
 1777.0    0.228  -0.102
 1778.0    0.229  -0.101
 1779.0    0.229  -0.100
 1780.0    0.229  -0.099
 1781.0    0.229  -0.097
 1782.0    0.230  -0.096
 1783.0    0.230  -0.095
 1784.0    0.230  -0.094
 1785.0    0.230  -0.093
 1786.0    0.230  -0.092
 1787.0    0.231  -0.091
 1788.0    0.231  -0.090
 1789.0    0.231  -0.088
 1790.0    0.231  -0.087
 1791.0    0.231  -0.086
 1792.0    0.232  -0.085
 1793.0    0.232  -0.084
 1794.0    0.232  -0.083
 1795.0    0.232  -0.082
 1796.0    0.232  -0.081
 1797.0    0.232  -0.080
 1798.0    0.232  -0.079
 1799.0    0.233  -0.078
 1800.0    0.233  -0.077
 1801.0    0.233  -0.076
 1802.0    0.233  -0.075
 1803.0    0.233  -0.074
 1804.0    0.233  -0.073
 1805.0    0.233  -0.072
 1806.0    0.233  -0.071
 1807.0    0.234  -0.070
 1808.0    0.234  -0.069
 1809.0    0.234  -0.068
 1810.0    0.234  -0.067
 1811.0    0.234  -0.066
 1812.0    0.234  -0.065
 1813.0    0.234  -0.064
 1814.0    0.234  -0.063
 1815.0    0.234  -0.062
 1816.0    0.234  -0.061
 1817.0    0.234  -0.060
 1818.0    0.235  -0.059
 1819.0    0.235  -0.058
 1820.0    0.235  -0.057
 1821.0    0.235  -0.057
 1822.0    0.235  -0.056
 1823.0    0.235  -0.055
 1824.0    0.235  -0.054
 1825.0    0.235  -0.053
 1826.0    0.235  -0.052
 1827.0    0.235  -0.051
 1828.0    0.235  -0.050
 1829.0    0.235  -0.049
 1830.0    0.235  -0.049
 1831.0    0.235  -0.048
 1832.0    0.235  -0.047
 1833.0    0.235  -0.046
 1834.0    0.235  -0.045
 1835.0    0.235  -0.044
 1836.0    0.235  -0.043
 1837.0    0.235  -0.042
 1838.0    0.235  -0.042
 1839.0    0.235  -0.041
 1840.0    0.235  -0.040
 1841.0    0.235  -0.039
 1842.0    0.235  -0.038
 1843.0    0.235  -0.037
 1844.0    0.235  -0.037
 1845.0    0.235  -0.036
 1846.0    0.235  -0.035
 1847.0    0.235  -0.034
 1848.0    0.235  -0.033
 1849.0    0.235  -0.032
 1850.0    0.235  -0.032
 1851.0    0.235  -0.031
 1852.0    0.235  -0.030
 1853.0    0.235  -0.029
 1854.0    0.235  -0.028
 1855.0    0.235  -0.028
 1856.0    0.235  -0.027
 1857.0    0.235  -0.026
 1858.0    0.235  -0.025
 1859.0    0.235  -0.024
 1860.0    0.235  -0.024
 1861.0    0.235  -0.023
 1862.0    0.235  -0.022
 1863.0    0.235  -0.021
 1864.0    0.234  -0.020
 1865.0    0.234  -0.020
 1866.0    0.234  -0.019
 1867.0    0.234  -0.018
 1868.0    0.234  -0.017
 1869.0    0.234  -0.016
 1870.0    0.234  -0.016
 1871.0    0.234  -0.015
 1872.0    0.234  -0.014
 1873.0    0.234  -0.013
 1874.0    0.233  -0.013
 1875.0    0.233  -0.012
 1876.0    0.233  -0.011
 1877.0    0.233  -0.010
 1878.0    0.233  -0.010
 1879.0    0.233  -0.009
 1880.0    0.233  -0.008
 1881.0    0.233  -0.007
 1882.0    0.232  -0.007
 1883.0    0.232  -0.006
 1884.0    0.232  -0.005
 1885.0    0.232  -0.004
 1886.0    0.232  -0.004
 1887.0    0.232  -0.003
 1888.0    0.231  -0.002
 1889.0    0.231  -0.002
 1890.0    0.231  -0.001
 1891.0    0.231   0.000
 1892.0    0.231   0.001
 1893.0    0.230   0.001
 1894.0    0.230   0.002
 1895.0    0.230   0.003
 1896.0    0.230   0.003
 1897.0    0.230   0.004
 1898.0    0.229   0.005
 1899.0    0.229   0.006
 1900.0    0.229   0.006
 1901.0    0.229   0.007
 1902.0    0.229   0.008
 1903.0    0.228   0.008
 1904.0    0.228   0.009
 1905.0    0.228   0.010
 1906.0    0.228   0.010
 1907.0    0.227   0.011
 1908.0    0.227   0.012
 1909.0    0.227   0.012
 1910.0    0.227   0.013
 1911.0    0.226   0.014
 1912.0    0.226   0.014
 1913.0    0.226   0.015
 1914.0    0.225   0.015
 1915.0    0.225   0.016
 1916.0    0.225   0.017
 1917.0    0.225   0.017
 1918.0    0.224   0.018
 1919.0    0.224   0.019
 1920.0    0.224   0.019
 1921.0    0.223   0.020
 1922.0    0.223   0.020
 1923.0    0.223   0.021
 1924.0    0.222   0.022
 1925.0    0.222   0.022
 1926.0    0.222   0.023
 1927.0    0.221   0.023
 1928.0    0.221   0.024
 1929.0    0.221   0.025
 1930.0    0.220   0.025
 1931.0    0.220   0.026
 1932.0    0.220   0.026
 1933.0    0.219   0.027
 1934.0    0.219   0.027
 1935.0    0.218   0.028
 1936.0    0.218   0.028
 1937.0    0.218   0.029
 1938.0    0.217   0.029
 1939.0    0.217   0.030
 1940.0    0.217   0.030
 1941.0    0.216   0.031
 1942.0    0.216   0.031
 1943.0    0.215   0.032
 1944.0    0.215   0.032
 1945.0    0.215   0.033
 1946.0    0.214   0.033
 1947.0    0.214   0.034
 1948.0    0.213   0.034
 1949.0    0.213   0.035
 1950.0    0.213   0.035
 1951.0    0.212   0.036
 1952.0    0.212   0.036
 1953.0    0.211   0.037
 1954.0    0.211   0.037
 1955.0    0.210   0.038
 1956.0    0.210   0.038
 1957.0    0.210   0.038
 1958.0    0.209   0.039
 1959.0    0.209   0.039
 1960.0    0.208   0.040
 1961.0    0.208   0.040
 1962.0    0.207   0.040
 1963.0    0.207   0.041
 1964.0    0.207   0.041
 1965.0    0.206   0.042
 1966.0    0.206   0.042
 1967.0    0.205   0.042
 1968.0    0.205   0.043
 1969.0    0.204   0.043
 1970.0    0.204   0.043
 1971.0    0.203   0.044
 1972.0    0.203   0.044
 1973.0    0.202   0.044
 1974.0    0.202   0.045
 1975.0    0.202   0.045
 1976.0    0.201   0.045
 1977.0    0.201   0.046
 1978.0    0.200   0.046
 1979.0    0.200   0.046
 1980.0    0.199   0.046
 1981.0    0.199   0.047
 1982.0    0.198   0.047
 1983.0    0.198   0.047
 1984.0    0.197   0.047
 1985.0    0.197   0.048
 1986.0    0.196   0.048
 1987.0    0.196   0.048
 1988.0    0.196   0.048
 1989.0    0.195   0.049
 1990.0    0.195   0.049
 1991.0    0.194   0.049
 1992.0    0.194   0.049
 1993.0    0.193   0.050
 1994.0    0.193   0.050
 1995.0    0.192   0.050
 1996.0    0.192   0.050
 1997.0    0.191   0.050
 1998.0    0.191   0.050
 1999.0    0.190   0.051
 2000.0    0.190   0.051
 2001.0    0.190   0.051
 2002.0    0.189   0.051
 2003.0    0.189   0.051
 2004.0    0.188   0.051
 2005.0    0.188   0.051
 2006.0    0.187   0.052
 2007.0    0.187   0.052
 2008.0    0.186   0.052
 2009.0    0.186   0.052
 2010.0    0.185   0.052
 2011.0    0.185   0.052
 2012.0    0.185   0.052
 2013.0    0.184   0.052
 2014.0    0.184   0.052
 2015.0    0.183   0.053
 2016.0    0.183   0.053
 2017.0    0.182   0.053
 2018.0    0.182   0.053
 2019.0    0.182   0.053
 2020.0    0.181   0.053
 2021.0    0.181   0.053
 2022.0    0.180   0.053
 2023.0    0.180   0.053
 2024.0    0.179   0.053
 2025.0    0.179   0.053
 2026.0    0.179   0.053
 2027.0    0.178   0.053
 2028.0    0.178   0.053
 2029.0    0.177   0.053
 2030.0    0.177   0.053
 2031.0    0.177   0.053
 2032.0    0.176   0.053
 2033.0    0.176   0.053
 2034.0    0.175   0.053
 2035.0    0.175   0.053
 2036.0    0.175   0.053
 2037.0    0.174   0.053
 2038.0    0.174   0.053
 2039.0    0.174   0.053
 2040.0    0.173   0.053
 2041.0    0.173   0.053
 2042.0    0.172   0.053
 2043.0    0.172   0.053
 2044.0    0.172   0.053
 2045.0    0.171   0.053
 2046.0    0.171   0.053
 2047.0    0.171   0.053
 2048.0    0.170   0.053
 2049.0    0.170   0.053
 2050.0    0.170   0.052
 2051.0    0.169   0.052
 2052.0    0.169   0.052
 2053.0    0.169   0.052
 2054.0    0.168   0.052
 2055.0    0.168   0.052
 2056.0    0.168   0.052
 2057.0    0.167   0.052
 2058.0    0.167   0.052
 2059.0    0.167   0.052
 2060.0    0.166   0.052
 2061.0    0.166   0.052
 2062.0    0.166   0.051
 2063.0    0.165   0.051
 2064.0    0.165   0.051
 2065.0    0.165   0.051
 2066.0    0.165   0.051
 2067.0    0.164   0.051
 2068.0    0.164   0.051
 2069.0    0.164   0.051
 2070.0    0.163   0.051
 2071.0    0.163   0.050
 2072.0    0.163   0.050
 2073.0    0.163   0.050
 2074.0    0.162   0.050
 2075.0    0.162   0.050
 2076.0    0.162   0.050
 2077.0    0.162   0.050
 2078.0    0.161   0.050
 2079.0    0.161   0.049
 2080.0    0.161   0.049
 2081.0    0.161   0.049
 2082.0    0.160   0.049
 2083.0    0.160   0.049
 2084.0    0.160   0.049
 2085.0    0.160   0.049
 2086.0    0.159   0.048
