144.68523597464	-7.0257964458488495e-9
144.8739947817211	-0.004090590158153957
145.0627535888022	-0.005823315800621763
145.2515123958833	-0.00717936108347628
145.4402712029644	-0.00834498809307273
145.6290300100455	-0.009391875169033986
145.8177888171266	-0.010356567816184723
146.0065476242077	-0.011260659425389589
146.19530643128883	-0.012118151176708971
146.3840652383699	-0.012938726823899032
146.57282404545103	-0.013729411590484667
146.76158285253211	-0.014495493834016587
146.95034165961323	-0.015241074007248012
147.13910046669432	-0.01596940994903399
147.32785927377543	-0.016683143842919988
147.51661808085655	-0.017384456932085735
147.70537688793763	-0.018075178288384876
147.89413569501875	-0.01875686334463686
148.08289450209983	-0.019430851947606503
148.27165330918095	-0.02009831220225228
148.46041211626206	-0.020760274261593967
148.64917092334315	-0.021417656895243466
148.83792973042426	-0.022071288825827366
149.02668853750535	-0.02272192627801067
149.21544734458647	-0.023370267836771503
149.40420615166755	-0.024016967502792908
149.59296495874867	-0.02466264673650855
149.78172376582978	-0.025307906296924625
149.97048257291087	-0.025953338835849788
150.15924137999198	-0.026599543580250438
150.34800018707307	-0.027247145200387134
150.53675899415418	-0.02789682051032606
150.72551780123527	-0.02854933990901768
150.91427660831638	-0.029205637887013955
151.1030354153975	-0.029866946437103612
151.2917942224786	-0.030535103543816448
151.4805530295597	-0.031215774760164215
151.6693118366408	-0.03190584510164808
151.8580706437219	-0.03259621453184491
152.046829450803	-0.03328697962732739
152.2355882578841	-0.03397819603638833
152.42434706496522	-0.03466991233883133
152.6131058720463	-0.035362171716491926
152.80186467912742	-0.036055012557526946
152.9906234862085	-0.036748468928679015
153.17938229328962	-0.03744257098814858
153.36814110037074	-0.038137345352482734
153.55689990745182	-0.03883281542400398
153.74565871453294	-0.03952900168372943
153.93441752161402	-0.04022592195402211
154.12317632869514	-0.04092359163451927
154.31193513577622	-0.04162202391455393
154.50069394285734	-0.04232122996473887
154.68945274993843	-0.043021219110070834
154.87821155701954	-0.043721998986633835
155.06697036410065	-0.04442357568364737
155.25572917118174	-0.04512595387245958
155.44448797826286	-0.04582913692385418
155.63324678534394	-0.04653312701485742
155.82200559242506	-0.0472379252261416
156.01076439950617	-0.0479435316309562
156.19952320658726	-0.04864994537638314
156.38828201366837	-0.04935716475775061
156.57704082074946	-0.05006518728674206
156.76579962783057	-0.05077400975391439
156.95455843491166	-0.051483628286064675
157.14331724199278	-0.05219403839885719
157.3320760490739	-0.05290523504539803
157.52083485615498	-0.053617212660789795
157.7095936632361	-0.05432996520323091
157.89835247031718	-0.055043486191888445
158.0871112773983	-0.05575776874185477
158.27587008447938	-0.0564728055963899
158.4646288915605	-0.05718858915674117
158.6533876986416	-0.05790511150965202
158.8421465057227	-0.058622364452863104
159.0309053128038	-0.05934033951864452
159.2196641198849	-0.06005902799563191
159.408422926966	-0.0607784209490239
159.59718173404713	-0.06149850923929757
159.7859405411282	-0.06221928353956234
159.97469934820933	-0.06294073435163618
160.1634581552904	-0.06366285202097631
160.35221696237153	-0.0643856267505154
160.54097576945261	-0.0651090486134996
160.72973457653373	-0.06583310756541734
160.91849338361482	-0.06655779345505063
161.10725219069593	-0.06728309603476132
161.29601099777705	-0.06800900497000924
161.48476980485813	-0.06873550984822127
161.67352861193925	-0.06946260018699632
161.86228741902033	-0.0701902654417457
162.05104622610145	-0.07091849501276014
162.23980503318256	-0.07164727825179812
162.42856384026365	-0.07237660446816849
162.61732264734476	-0.07310646293439937
162.80608145442585	-0.0738368428914654
162.99484026150697	-0.07456773355366635
163.18359906858808	-0.07529912411310884
163.37235787566917	-0.07603100374389249
163.56111668275028	-0.07676336160595032
163.74987548983137	-0.07749618684862646
163.93863429691248	-0.07822946861395909
164.12739310399357	-0.07896319603972365
164.31615191107468	-0.07969735826223252
164.50491071815577	-0.08043194441891188
164.69366952523688	-0.08116694365067564
164.882428332318	-0.08190234510409711
165.0711871393991	-0.0826381379334005
165.2599459464802	-0.08337431130229049
165.4487047535613	-0.08411085438560553
165.6374635606424	-0.08484775637084137
165.82622236772352	-0.08558500645951242
166.0149811748046	-0.08632259386839812
166.20373998188572	-0.08706050783065947
166.3924987889668	-0.08779873759684116
166.58125759604792	-0.08853727243575275
166.770016403129	-0.08927610163528629
166.95877521021012	-0.09001521450307166
167.14753401729124	-0.09075460036712331
167.33629282437232	-0.09149424857633313
167.52505163145344	-0.09223414850090896
167.71381043853452	-0.09297428953277362
167.90256924561564	-0.09371466108583196
168.09132805269672	-0.09445525259619576
168.28008685977784	-0.09519605352241088
168.46884566685895	-0.09593705334547298
168.65760447394004	-0.0966782415690012
168.84636328102115	-0.09741960771913076
169.03512208810224	-0.09816114134458319
169.22388089518336	-0.09890283201648278
169.41263970226444	-0.09964466932825701
169.60139850934556	-0.10038664289554744
169.79015731642667	-0.10112874235584804
169.97891612350776	-0.10187095736843074
170.16767493058887	-0.10261327761429026
170.35643373766996	-0.10335569279426257
170.54519254475107	-0.10409819263196375
170.7339513518322	-0.10484076686992128
170.92271015891328	-0.1055834052713104
171.1114689659944	-0.10632609761881918
171.30022777307548	-0.10706883371430424
171.4889865801566	-0.10781160337841342
171.67774538723768	-0.10855439645007663
171.8665041943188	-0.10929720278594467
172.0552630013999	-0.11004001225999518
172.244021808481	-0.11078281476289824
172.4327806155621	-0.11152560020157556
172.6215394226432	-0.11226835849854866
172.8102982297243	-0.11301107959143404
172.9990570368054	-0.11375375343231357
173.1878158438865	-0.11449636998719634
173.37657465096763	-0.11523891923536081
173.5653334580487	-0.11598139116877476
173.75409226512983	-0.11672377579142805
173.9428510722109	-0.11746606311875107
174.13160987929203	-0.1182082431769453
174.32036868637311	-0.11895030600231053
174.50912749345423	-0.1196922416406312
174.69788630053534	-0.12043404014647553
174.88664510761643	-0.12117569158253383
175.07540391469755	-0.12191718601897139
175.26416272177863	-0.12265851353268217
175.45292152885975	-0.12339966420665636
175.64168033594083	-0.12414062812928017
175.83043914302195	-0.12488139539360596
176.01919795010306	-0.12562195609668392
176.20795675718415	-0.12636230033884235
176.39671556426526	-0.12710241822298213
176.58547437134635	-0.12784229985386186
176.77423317842747	-0.12858193533739717
176.96299198550855	-0.12932131477991513
177.15175079258967	-0.13006042828746703
177.34050959967078	-0.13079926596507924
177.52926840675187	-0.13153781791604185
177.71802721383298	-0.1322760742411818
177.90678602091407	-0.13301402503812487
178.09554482799518	-0.13375166040058342
178.2843036350763	-0.13448897041760446
178.47306244215739	-0.1352259451728506
178.6618212492385	-0.13596257474386012
178.8505800563196	-0.13669884920131634
179.0393388634007	-0.1374347586083025
179.22809767048182	-0.13817029301957615
179.4168564775629	-0.1389054424808186
179.605615284644	-0.13964019702790467
179.7943740917251	-0.14037454668616386
179.98313289880622	-0.14110848146963093
180.1718917058873	-0.14184199138031728
180.36065051296842	-0.14257506640746107
180.5494093200495	-0.14330769652678838
180.73816812713062	-0.14403987169976773
180.92692693421174	-0.14477158187287945
181.11568574129282	-0.14550281697685527
181.30444454837394	-0.14623356692595338
181.49320335545502	-0.14696382161719365
181.68196216253614	-0.1476935709296454
181.87072096961725	-0.14842280472364888
182.05947977669834	-0.149151512840097
182.24823858377943	-0.14987968509967795
182.43699739086054	-0.15060731130214366
182.62575619794166	-0.1513343812255414
182.81451500502277	-0.15206088462549958
183.00327381210386	-0.152786811234463
183.19203261918494	-0.15351215076095479
183.38079142626606	-0.15423689288882944
183.56955023334717	-0.1549610272765296
183.75830904042826	-0.15568454355633768
183.94706784750937	-0.15640743133363613
184.13582665459046	-0.15712968018615855
184.32458546167157	-0.15785127966323645
184.5133442687527	-0.15857221928506907
184.70210307583378	-0.15929248854196418
184.8908618829149	-0.16001207689359603
185.07962068999598	-0.1607309737682571
185.2683794970771	-0.16144916856211874
185.4571383041582	-0.1621666506384674
185.6458971112393	-0.16288340932696901
185.83465591832038	-0.16359943392292647
186.0234147254015	-0.16431471368651449
186.2121735324826	-0.16502923784204004
186.4009323395637	-0.16574299557719643
186.5896911466448	-0.16645597604230647
186.7784499537259	-0.1671681683495741
186.967208760807	-0.1678795615723321
187.15596756788813	-0.16859014474430306
187.3447263749692	-0.16929990685882193
187.53348518205033	-0.17000883686811083
187.7222439891314	-0.17071692368250146
187.91100279621253	-0.1714241561697095
188.09976160329364	-0.1721305231540428
188.28852041037473	-0.1728360134156859
188.47727921745584	-0.1735406156899055
188.66603802453693	-0.17424431866632642
188.85479683161805	-0.17494711098815585
189.04355563869913	-0.17564898125141465
189.23231444578025	-0.17634991800420705
189.42107325286136	-0.17704990974594217
189.60983205994245	-0.17774894492655405
189.79859086702356	-0.17844701194577378
189.98734967410465	-0.17914409915235674
190.17610848118576	-0.1798401948432854
190.36486728826685	-0.18053528726305498
190.55362609534797	-0.1812293646028526
190.74238490242908	-0.18192241499984402
190.93114370951017	-0.1826144265363504
191.11990251659128	-0.18330538723909842
191.30866132367237	-0.18399528507848278
191.49742013075348	-0.1846841079677303
191.68617893783457	-0.18537184376215654
191.87493774491568	-0.18605848025840172
192.0636965519968	-0.18674400519363082
192.25245535907789	-0.1874284062447343
192.441214166159	-0.18811167102762283
192.62997297324011	-0.1887937870963555
192.8187317803212	-0.18947474194241418
193.0074905874023	-0.1901545229938655
193.1962493944834	-0.1908331176146521
193.38500820156452	-0.19151051310372125
193.5737670086456	-0.1921866966942652
193.76252581572672	-0.19286165555292917
193.9512846228078	-0.19353537677905994
194.14004342988892	-0.1942078474038105
194.32880223697003	-0.19487905438941594
194.51756104405112	-0.19554898462838624
194.70631985113224	-0.19621762494266864
194.89507865821332	-0.19688496208286171
195.08383746529444	-0.1975509827274536
195.27259627237555	-0.1982156734819006
195.46135507945664	-0.19887902087794276
195.65011388653772	-0.19954101137269373
195.83887269361884	-0.20020163134788854
196.02763150069995	-0.20086086710903908
196.21639030778104	-0.20151870488459253
196.40514911486216	-0.20217513082516092
196.59390792194324	-0.20283013100270159
196.78266672902436	-0.20348369140954112
196.97142553610547	-0.20413579795775433
197.16018434318656	-0.20478643647824585
197.34894315026767	-0.20543559271988526
197.53770195734876	-0.20608325234860803
197.72646076442987	-0.20672940094693867
197.915219571511	-0.20737402401249766
198.10397837859207	-0.20801710695774062
198.29273718567316	-0.208658635108915
198.48149599275428	-0.20929859370524972
198.6702547998354	-0.20993696789792632
198.85901360691648	-0.2105737427495126
199.0477724139976	-0.21120890323269795
199.23653122107868	-0.21184243422387916
199.4252900281598	-0.21247432052935647
199.6140488352409	-0.21310454683501784
199.802807642322	-0.21373309774966495
199.9915664494031	-0.21435995778497133
200.1803252564842	-0.2149851113582162
200.3690840635653	-0.2156085427903295
200.55784287064643	-0.21623023630587143
200.7466016777275	-0.21685017603196982
200.93536048480863	-0.21746834599723144
201.1241192918897	-0.21808473013121435
201.31287809897083	-0.2186993122631524
201.5016369060519	-0.2193120761214101
201.69039571313303	-0.21992300533223116
201.87915452021414	-0.22053208341917194
202.06791332729523	-0.22113929380201636
202.25667213437634	-0.22174461979581478
202.44543094145743	-0.2223480446101969
202.63418974853855	-0.222949551348174
202.82294855561963	-0.22354912300548416
203.01170736270075	-0.22414674246954497
203.20046616978186	-0.22474239251850658
203.38922497686295	-0.22533605582041377
203.57798378394406	-0.22592771493212752
203.76674259102515	-0.2265173522986682
203.95550139810626	-0.22710495025191743
204.14426020518735	-0.2276904910100055
204.33301901226847	-0.22827395667617253
204.52177781934958	-0.22885532923791577
204.71053662643067	-0.22943459056596557
204.89929543351178	-0.23001172241343554
205.08805424059287	-0.2305867064147618
205.27681304767398	-0.2311595240848182
205.46557185475507	-0.23173015681794798
205.65433066183618	-0.2322985858869501
205.8430894689173	-0.23286479244215622
206.03184827599839	-0.2334287575104711
206.2206070830795	-0.2339904619943442
206.4093658901606	-0.23454988667086055
206.5981246972417	-0.23510701219067343
206.78688350432282	-0.23566181907714617
206.9756423114039	-0.23621428772520012
207.16440111848502	-0.2367643984004912
207.3531599255661	-0.23731213123829784
207.54191873264722	-0.23785746624259152
207.73067753972833	-0.23840038328497326
207.91943634680942	-0.23894086210375268
208.1081951538905	-0.23947888230287806
208.29695396097162	-0.24001442335093198
208.48571276805274	-0.24054746458015855
208.67447157513382	-0.24107798518540444
208.86323038221494	-0.2416059642231235
209.05198918929602	-0.24213138061033512
209.24074799637714	-0.2426542131236279
209.42950680345825	-0.2431744403980856
209.61826561053934	-0.24369204092631783
209.80702441762043	-0.2442069930573702
209.99578322470154	-0.24471927499571697
210.18454203178266	-0.24522886480019299
210.37330083886377	-0.24573574038297494
210.56205964594486	-0.24623987950853404
210.75081845302594	-0.2467412597925624
210.93957726010706	-0.2472398587009444
211.12833606718817	-0.2477356535486986
211.3170948742693	-0.248228621498894
211.50585368135037	-0.24871873956160742
211.69461248843146	-0.24920598459288507
211.88337129551257	-0.2496903332936095
212.0721301025937	-0.2501717622085013
212.26088890967478	-0.2506502477249807
212.44964771675586	-0.25112576607215165
212.63840652383698	-0.2515982933196821
212.8271653309181	-0.25206780537674245
213.0159241379992	-0.25253427799091627
213.2046829450803	-0.2529976867471175
213.39344175216138	-0.2534580070664965
213.5822005592425	-0.25391521420535695
213.7709593663236	-0.2543692832540525
213.95971817340472	-0.2548201891359152
214.1484769804858	-0.2552679066061232
214.3372357875669	-0.2557124102506251
214.525994594648	-0.25615367448503684
214.71475340172913	-0.2565916735535283
214.9035122088102	-0.2570263815277221
215.09227101589133	-0.25745777230558553
215.2810298229724	-0.25788581961033047
215.46978863005353	-0.2583104969892746
215.65854743713464	-0.258731777812767
215.84730624421573	-0.25914963527302914
216.03606505129684	-0.2595640423830904
216.22482385837793	-0.25997497197561564
216.41358266545905	-0.26038239670182367
216.60234147254016	-0.26078628903034906
216.79110027962125	-0.26118662124613307
216.97985908670233	-0.26158336544928595
217.16861789378345	-0.2619764935539754
217.35737670086456	-0.2623659772872847
217.54613550794565	-0.2627517881881137
217.73489431502676	-0.26313389760601846
217.92365312210785	-0.2635122767001106
218.11241192918897	-0.2638868964379201
218.30117073627008	-0.2642577275942587
218.4899295433512	-0.264624740750101
218.67868835043228	-0.2649879062914536
218.86744715751337	-0.2653471944082224
219.05620596459448	-0.26570257509308326
219.2449647716756	-0.2660540181403546
219.43372357875668	-0.26640149314486944
219.62248238583777	-0.266744969500836
219.81124119291889	-0.2670844164007261
220.	-0.26741980283413447
 
 