E =  710.000 MeV, Wght = 1.00, Syst = 0.05
  5.000    0.950000    0.071000
 15.000    0.951000    0.041000
 25.000    0.964000    0.032000
 35.000    0.971000    0.028000
 45.000    0.951000    0.025000
 55.000    0.969000    0.023000
 65.000    0.957000    0.022000
 75.000    0.963000    0.021000
 85.000    0.965000    0.021000
 95.000    0.972000    0.021000
105.000    0.972000    0.021000
115.000    0.989000    0.022000
125.000    0.979000    0.023000
135.000    0.968000    0.025000
145.000    0.962000    0.028000
155.000    0.958000    0.032000
165.000    0.964000    0.041000
175.000    1.031000    0.071000
------------------------------------------
E =  720.000 MeV, Wght = 1.00, Syst = 0.05
  5.000    1.005000    0.048000
 15.000    1.021000    0.028000
 25.000    0.991000    0.022000
 35.000    0.996000    0.019000
 45.000    0.997000    0.017000
 55.000    0.992000    0.016000
 65.000    1.001000    0.015000
 75.000    0.995000    0.014000
 85.000    1.005000    0.014000
 95.000    1.005000    0.014000
105.000    0.987000    0.014000
115.000    1.011000    0.015000
125.000    0.998000    0.016000
135.000    1.001000    0.017000
145.000    1.001000    0.019000
155.000    0.990000    0.022000
165.000    1.015000    0.029000
175.000    1.022000    0.050000
------------------------------------------
E =  730.000 MeV, Wght = 1.00, Syst = 0.05
  5.000    1.006000    0.044000
 15.000    0.988000    0.025000
 25.000    0.989000    0.020000
 35.000    1.005000    0.017000
 45.000    0.992000    0.015000
 55.000    0.992000    0.014000
 65.000    1.004000    0.013000
 75.000    0.992000    0.013000
 85.000    0.997000    0.013000
 95.000    0.996000    0.013000
105.000    1.000000    0.013000
115.000    0.991000    0.013000
125.000    0.996000    0.014000
135.000    0.993000    0.015000
145.000    1.000000    0.017000
155.000    1.001000    0.020000
165.000    0.987000    0.025000
175.000    0.987000    0.043000
------------------------------------------
E =  740.000 MeV, Wght = 1.00, Syst = 0.05
  5.000    0.995000    0.041000
 15.000    0.996000    0.024000
 25.000    0.997000    0.019000
 35.000    0.993000    0.016000
 45.000    0.992000    0.014000
 55.000    0.996000    0.013000
 65.000    0.997000    0.013000
 75.000    1.000000    0.012000
 85.000    0.990000    0.012000
 95.000    0.991000    0.012000
105.000    0.994000    0.012000
115.000    0.994000    0.012000
125.000    1.004000    0.013000
135.000    0.989000    0.014000
145.000    0.994000    0.016000
155.000    1.002000    0.018000
165.000    0.986000    0.024000
175.000    1.011000    0.042000
------------------------------------------
E =  750.000 MeV, Wght = 1.00, Syst = 0.05
  5.000    0.971000    0.040000
 15.000    0.994000    0.023000
 25.000    1.002000    0.018000
 35.000    0.993000    0.015000
 45.000    0.998000    0.014000
 55.000    0.990000    0.013000
 65.000    0.991000    0.012000
 75.000    0.988000    0.011000
 85.000    0.987000    0.011000
 95.000    0.986000    0.011000
105.000    0.997000    0.012000
115.000    0.986000    0.012000
125.000    0.984000    0.013000
135.000    0.994000    0.014000
145.000    0.998000    0.015000
155.000    0.990000    0.018000
165.000    0.993000    0.023000
175.000    0.985000    0.040000
------------------------------------------
E =  760.000 MeV, Wght = 1.00, Syst = 0.05
  5.000    1.035000    0.040000
 15.000    0.990000    0.023000
 25.000    1.010000    0.018000
 35.000    0.996000    0.015000
 45.000    0.986000    0.013000
 55.000    0.987000    0.012000
 65.000    0.991000    0.012000
 75.000    0.988000    0.011000
 85.000    0.982000    0.011000
 95.000    0.977000    0.011000
105.000    0.982000    0.011000
115.000    0.995000    0.012000
125.000    0.981000    0.012000
135.000    0.984000    0.013000
145.000    1.001000    0.015000
155.000    1.006000    0.018000
165.000    1.017000    0.024000
175.000    1.010000    0.040000
------------------------------------------
E =  770.000 MeV, Wght = 1.00, Syst = 0.05
  5.000    0.991000    0.039000
 15.000    1.009000    0.023000
 25.000    0.980000    0.018000
 35.000    1.001000    0.015000
 45.000    0.991000    0.013000
 55.000    0.994000    0.012000
 65.000    0.982000    0.012000
 75.000    0.975000    0.011000
 85.000    0.988000    0.011000
 95.000    0.980000    0.011000
105.000    0.973000    0.011000
115.000    0.982000    0.012000
125.000    0.980000    0.012000
135.000    0.994000    0.013000
145.000    0.988000    0.015000
155.000    0.989000    0.018000
165.000    1.014000    0.022000
175.000    0.997000    0.039000
------------------------------------------
E =  780.000 MeV, Wght = 1.00, Syst = 0.05
  5.000    0.993000    0.039000
 15.000    1.017000    0.023000
 25.000    1.010000    0.018000
 35.000    0.994000    0.015000
 45.000    0.992000    0.013000
 55.000    0.990000    0.012000
 65.000    0.989000    0.012000
 75.000    0.981000    0.011000
 85.000    0.976000    0.011000
 95.000    0.978000    0.011000
105.000    0.981000    0.011000
115.000    0.977000    0.011000
125.000    0.983000    0.012000
135.000    0.980000    0.013000
145.000    0.999000    0.015000
155.000    0.991000    0.018000
165.000    1.007000    0.023000
175.000    0.983000    0.038000
------------------------------------------
E =  790.000 MeV, Wght = 1.00, Syst = 0.05
  5.000    1.021000    0.040000
 15.000    0.986000    0.023000
 25.000    0.996000    0.018000
 35.000    0.994000    0.015000
 45.000    0.996000    0.013000
 55.000    0.993000    0.012000
 65.000    0.978000    0.012000
 75.000    0.966000    0.011000
 85.000    0.972000    0.011000
 95.000    0.973000    0.011000
105.000    0.975000    0.011000
115.000    0.969000    0.012000
125.000    0.973000    0.012000
135.000    0.985000    0.013000
145.000    0.979000    0.015000
155.000    0.994000    0.018000
165.000    0.988000    0.023000
175.000    0.989000    0.040000
------------------------------------------
E =  800.000 MeV, Wght = 1.00, Syst = 0.05
  5.000    0.986000    0.040000
 15.000    0.989000    0.023000
 25.000    0.993000    0.018000
 35.000    0.991000    0.015000
 45.000    0.985000    0.014000
 55.000    0.984000    0.012000
 65.000    0.977000    0.012000
 75.000    0.976000    0.011000
 85.000    0.966000    0.011000
 95.000    0.974000    0.011000
105.000    0.971000    0.011000
115.000    0.969000    0.012000
125.000    0.963000    0.012000
135.000    0.968000    0.013000
145.000    0.975000    0.015000
155.000    0.993000    0.018000
165.000    0.985000    0.023000
175.000    1.040000    0.040000
------------------------------------------
E =  810.000 MeV, Wght = 1.00, Syst = 0.05
  5.000    0.994000    0.041000
 15.000    0.981000    0.023000
 25.000    0.986000    0.018000
 35.000    0.992000    0.015000
 45.000    0.982000    0.014000
 55.000    0.988000    0.013000
 65.000    0.969000    0.012000
 75.000    0.976000    0.011000
 85.000    0.963000    0.011000
 95.000    0.973000    0.011000
105.000    0.961000    0.011000
115.000    0.950000    0.012000
125.000    0.974000    0.013000
135.000    0.968000    0.014000
145.000    0.986000    0.015000
155.000    0.987000    0.018000
165.000    0.985000    0.023000
175.000    1.021000    0.041000
------------------------------------------
E =  820.000 MeV, Wght = 1.00, Syst = 0.05
  5.000    1.003000    0.021000
 15.000    0.994000    0.012000
 25.000    0.996000    0.010000
 35.000    0.990000    0.008000
 45.000    0.978000    0.007000
 55.000    0.982000    0.007000
 65.000    0.974000    0.006000
 75.000    0.969000    0.006000
 85.000    0.969000    0.006000
 95.000    0.961000    0.006000
105.000    0.962000    0.006000
115.000    0.953000    0.006000
125.000    0.957000    0.006000
135.000    0.957000    0.007000
145.000    0.974000    0.008000
155.000    0.984000    0.009000
165.000    0.995000    0.012000
175.000    1.003000    0.021000
------------------------------------------
E =  830.000 MeV, Wght = 1.00, Syst = 0.05
  5.000    1.003000    0.022000
 15.000    0.996000    0.013000
 25.000    0.999000    0.010000
 35.000    0.993000    0.008000
 45.000    0.980000    0.007000
 55.000    0.986000    0.007000
 65.000    0.973000    0.006000
 75.000    0.966000    0.006000
 85.000    0.962000    0.006000
 95.000    0.956000    0.006000
105.000    0.955000    0.006000
115.000    0.949000    0.006000
125.000    0.955000    0.007000
135.000    0.959000    0.007000
145.000    0.968000    0.008000
155.000    0.983000    0.010000
165.000    0.991000    0.012000
175.000    0.991000    0.021000
------------------------------------------
E =  840.000 MeV, Wght = 1.00, Syst = 0.05
  5.000    1.006000    0.022000
 15.000    0.997000    0.013000
 25.000    0.997000    0.010000
 35.000    0.986000    0.009000
 45.000    0.980000    0.008000
 55.000    0.978000    0.007000
 65.000    0.976000    0.007000
 75.000    0.965000    0.006000
 85.000    0.959000    0.006000
 95.000    0.957000    0.006000
105.000    0.948000    0.006000
115.000    0.947000    0.006000
125.000    0.940000    0.007000
135.000    0.954000    0.007000
145.000    0.956000    0.008000
155.000    0.977000    0.010000
165.000    0.985000    0.013000
175.000    0.989000    0.022000
------------------------------------------
E =  850.000 MeV, Wght = 1.00, Syst = 0.05
  5.000    0.999000    0.023000
 15.000    0.996000    0.013000
 25.000    0.995000    0.010000
 35.000    0.992000    0.009000
 45.000    0.990000    0.008000
 55.000    0.979000    0.007000
 65.000    0.973000    0.007000
 75.000    0.971000    0.006000
 85.000    0.950000    0.006000
 95.000    0.959000    0.006000
105.000    0.941000    0.006000
115.000    0.935000    0.007000
125.000    0.927000    0.007000
135.000    0.945000    0.008000
145.000    0.955000    0.008000
155.000    0.976000    0.010000
165.000    0.983000    0.013000
175.000    1.016000    0.023000
------------------------------------------
E =  860.000 MeV, Wght = 1.00, Syst = 0.05
  5.000    0.998000    0.024000
 15.000    0.997000    0.014000
 25.000    0.996000    0.011000
 35.000    0.993000    0.009000
 45.000    0.986000    0.008000
 55.000    0.973000    0.007000
 65.000    0.968000    0.007000
 75.000    0.958000    0.007000
 85.000    0.954000    0.007000
 95.000    0.946000    0.006000
105.000    0.929000    0.007000
115.000    0.928000    0.007000
125.000    0.931000    0.007000
135.000    0.934000    0.008000
145.000    0.953000    0.009000
155.000    0.969000    0.010000
165.000    0.980000    0.013000
175.000    0.990000    0.023000
------------------------------------------
E =  870.000 MeV, Wght = 1.00, Syst = 0.05
  5.000    1.002000    0.024000
 15.000    1.010000    0.014000
 25.000    0.995000    0.011000
 35.000    0.995000    0.009000
 45.000    0.981000    0.008000
 55.000    0.971000    0.008000
 65.000    0.959000    0.007000
 75.000    0.959000    0.007000
 85.000    0.942000    0.007000
 95.000    0.931000    0.007000
105.000    0.925000    0.007000
115.000    0.924000    0.007000
125.000    0.915000    0.007000
135.000    0.922000    0.008000
145.000    0.948000    0.009000
155.000    0.960000    0.011000
165.000    0.987000    0.014000
175.000    0.995000    0.024000
------------------------------------------
E =  880.000 MeV, Wght = 1.00, Syst = 0.05
  5.000    0.998000    0.026000
 15.000    1.008000    0.015000
 25.000    0.999000    0.012000
 35.000    0.990000    0.010000
 45.000    0.975000    0.009000
 55.000    0.974000    0.008000
 65.000    0.957000    0.008000
 75.000    0.956000    0.007000
 85.000    0.940000    0.007000
 95.000    0.927000    0.007000
105.000    0.914000    0.007000
115.000    0.907000    0.007000
125.000    0.900000    0.007000
135.000    0.912000    0.008000
145.000    0.935000    0.009000
155.000    0.948000    0.011000
165.000    0.974000    0.014000
175.000    0.987000    0.025000
------------------------------------------
E =  890.000 MeV, Wght = 1.00, Syst = 0.05
  5.000    1.008000    0.027000
 15.000    1.003000    0.016000
 25.000    1.010000    0.012000
 35.000    0.992000    0.010000
 45.000    0.983000    0.009000
 55.000    0.968000    0.008000
 65.000    0.963000    0.008000
 75.000    0.942000    0.008000
 85.000    0.929000    0.007000
 95.000    0.920000    0.007000
105.000    0.910000    0.007000
115.000    0.893000    0.007000
125.000    0.887000    0.008000
135.000    0.893000    0.008000
145.000    0.915000    0.009000
155.000    0.953000    0.011000
165.000    0.976000    0.014000
175.000    0.992000    0.026000
------------------------------------------
E =  900.000 MeV, Wght = 1.00, Syst = 0.05
  5.000    1.005000    0.028000
 15.000    1.004000    0.016000
 25.000    0.990000    0.013000
 35.000    0.989000    0.011000
 45.000    0.978000    0.010000
 55.000    0.972000    0.009000
 65.000    0.957000    0.008000
 75.000    0.946000    0.008000
 85.000    0.928000    0.008000
 95.000    0.917000    0.008000
105.000    0.889000    0.008000
115.000    0.877000    0.008000
125.000    0.863000    0.008000
135.000    0.880000    0.009000
145.000    0.901000    0.010000
155.000    0.938000    0.012000
165.000    0.970000    0.015000
175.000    0.972000    0.026000
------------------------------------------
E =  910.000 MeV, Wght = 1.00, Syst = 0.05
  5.000    1.002000    0.030000
 15.000    0.994000    0.017000
 25.000    0.993000    0.013000
 35.000    0.981000    0.011000
 45.000    0.968000    0.010000
 55.000    0.963000    0.009000
 65.000    0.947000    0.009000
 75.000    0.939000    0.008000
 85.000    0.913000    0.008000
 95.000    0.905000    0.008000
105.000    0.879000    0.008000
115.000    0.861000    0.008000
125.000    0.849000    0.008000
135.000    0.851000    0.009000
145.000    0.892000    0.010000
155.000    0.931000    0.012000
165.000    0.973000    0.016000
175.000    0.991000    0.028000
------------------------------------------
E =  920.000 MeV, Wght = 1.00, Syst = 0.05
  5.000    1.012000    0.032000
 15.000    0.989000    0.018000
 25.000    0.992000    0.014000
 35.000    0.982000    0.012000
 45.000    0.974000    0.011000
 55.000    0.943000    0.010000
 65.000    0.928000    0.009000
 75.000    0.915000    0.009000
 85.000    0.901000    0.008000
 95.000    0.885000    0.008000
105.000    0.870000    0.008000
115.000    0.833000    0.008000
125.000    0.830000    0.009000
135.000    0.829000    0.009000
145.000    0.872000    0.010000
155.000    0.909000    0.013000
165.000    0.955000    0.017000
175.000    0.986000    0.029000
------------------------------------------
E =  930.000 MeV, Wght = 1.00, Syst = 0.05
  5.000    1.034000    0.034000
 15.000    1.004000    0.019000
 25.000    0.980000    0.015000
 35.000    0.970000    0.013000
 45.000    0.965000    0.012000
 55.000    0.935000    0.010000
 65.000    0.916000    0.010000
 75.000    0.901000    0.009000
 85.000    0.894000    0.009000
 95.000    0.867000    0.009000
105.000    0.838000    0.009000
115.000    0.820000    0.009000
125.000    0.797000    0.009000
135.000    0.809000    0.010000
145.000    0.834000    0.011000
155.000    0.899000    0.013000
165.000    0.951000    0.017000
175.000    0.986000    0.030000
------------------------------------------
E =  940.000 MeV, Wght = 1.00, Syst = 0.05
  5.000    0.973000    0.036000
 15.000    0.987000    0.021000
 25.000    0.999000    0.016000
 35.000    0.978000    0.014000
 45.000    0.961000    0.012000
 55.000    0.921000    0.011000
 65.000    0.904000    0.010000
 75.000    0.881000    0.010000
 85.000    0.872000    0.009000
 95.000    0.847000    0.009000
105.000    0.809000    0.009000
115.000    0.789000    0.009000
125.000    0.766000    0.009000
135.000    0.785000    0.010000
145.000    0.819000    0.011000
155.000    0.881000    0.014000
165.000    0.927000    0.018000
175.000    0.989000    0.032000
------------------------------------------
E =  950.000 MeV, Wght = 1.00, Syst = 0.05
  5.000    0.997000    0.039000
 15.000    1.008000    0.023000
 25.000    0.984000    0.018000
 35.000    0.961000    0.015000
 45.000    0.926000    0.013000
 55.000    0.898000    0.012000
 65.000    0.868000    0.011000
 75.000    0.846000    0.010000
 85.000    0.833000    0.010000
 95.000    0.806000    0.009000
105.000    0.799000    0.009000
115.000    0.747000    0.009000
125.000    0.728000    0.010000
135.000    0.749000    0.010000
145.000    0.806000    0.012000
155.000    0.853000    0.014000
165.000    0.939000    0.019000
175.000    0.975000    0.034000
------------------------------------------
E =  960.000 MeV, Wght = 1.00, Syst = 0.05
  5.000    1.004000    0.042000
 15.000    0.994000    0.025000
 25.000    0.971000    0.019000
 35.000    0.964000    0.016000
 45.000    0.914000    0.014000
 55.000    0.867000    0.012000
 65.000    0.829000    0.011000
 75.000    0.822000    0.011000
 85.000    0.804000    0.010000
 95.000    0.791000    0.010000
105.000    0.746000    0.010000
115.000    0.717000    0.010000
125.000    0.685000    0.010000
135.000    0.703000    0.011000
145.000    0.731000    0.012000
155.000    0.833000    0.015000
165.000    0.915000    0.020000
175.000    0.978000    0.036000
------------------------------------------
E =  970.000 MeV, Wght = 1.00, Syst = 0.05
  5.000    0.999000    0.046000
 15.000    0.990000    0.027000
 25.000    0.979000    0.021000
 35.000    0.915000    0.017000
 45.000    0.874000    0.015000
 55.000    0.842000    0.013000
 65.000    0.803000    0.012000
 75.000    0.780000    0.011000
 85.000    0.772000    0.011000
 95.000    0.775000    0.010000
105.000    0.726000    0.010000
115.000    0.683000    0.010000
125.000    0.649000    0.011000
135.000    0.668000    0.011000
145.000    0.711000    0.013000
155.000    0.807000    0.016000
165.000    0.912000    0.021000
175.000    0.975000    0.038000
------------------------------------------
E =  980.000 MeV, Wght = 1.00, Syst = 0.05
  5.000    0.959000    0.050000
 15.000    1.005000    0.030000
 25.000    0.966000    0.023000
 35.000    0.899000    0.018000
 45.000    0.838000    0.015000
 55.000    0.790000    0.014000
 65.000    0.758000    0.012000
 75.000    0.738000    0.011000
 85.000    0.727000    0.011000
 95.000    0.733000    0.011000
105.000    0.690000    0.011000
115.000    0.645000    0.011000
125.000    0.617000    0.011000
135.000    0.621000    0.012000
145.000    0.667000    0.013000
155.000    0.817000    0.017000
165.000    0.891000    0.023000
175.000    0.993000    0.041000
------------------------------------------
E =  990.000 MeV, Wght = 1.00, Syst = 0.05
  5.000    0.955000    0.055000
 15.000    0.963000    0.032000
 25.000    0.935000    0.024000
 35.000    0.869000    0.019000
 45.000    0.805000    0.016000
 55.000    0.719000    0.014000
 65.000    0.713000    0.012000
 75.000    0.697000    0.012000
 85.000    0.705000    0.011000
 95.000    0.686000    0.011000
105.000    0.644000    0.011000
115.000    0.615000    0.011000
125.000    0.572000    0.011000
135.000    0.596000    0.012000
145.000    0.643000    0.014000
155.000    0.740000    0.017000
165.000    0.869000    0.024000
175.000    0.973000    0.043000
------------------------------------------
E = 1000.000 MeV, Wght = 1.00, Syst = 0.05
  5.000    0.997000    0.062000
 15.000    0.965000    0.035000
 25.000    0.927000    0.026000
 35.000    0.864000    0.021000
 45.000    0.760000    0.017000
 55.000    0.690000    0.014000
 65.000    0.691000    0.013000
 75.000    0.660000    0.012000
 85.000    0.664000    0.011000
 95.000    0.662000    0.011000
105.000    0.648000    0.011000
115.000    0.594000    0.011000
125.000    0.553000    0.012000
135.000    0.542000    0.013000
145.000    0.587000    0.014000
155.000    0.711000    0.018000
165.000    0.841000    0.025000
175.000    0.943000    0.046000
------------------------------------------
E = 1010.000 MeV, Wght = 1.00, Syst = 0.05
  5.000    1.060000    0.070000
 15.000    0.935000    0.037000
 25.000    0.897000    0.028000
 35.000    0.820000    0.021000
 45.000    0.728000    0.017000
 55.000    0.668000    0.014000
 65.000    0.628000    0.013000
 75.000    0.619000    0.012000
 85.000    0.643000    0.011000
 95.000    0.658000    0.011000
105.000    0.622000    0.011000
115.000    0.574000    0.012000
125.000    0.537000    0.012000
135.000    0.504000    0.013000
145.000    0.558000    0.015000
155.000    0.682000    0.019000
165.000    0.858000    0.027000
175.000    0.971000    0.049000
------------------------------------------
E = 1020.000 MeV, Wght = 1.00, Syst = 0.05
  5.000    1.014000    0.076000
 15.000    0.936000    0.041000
 25.000    0.873000    0.029000
 35.000    0.791000    0.022000
 45.000    0.678000    0.017000
 55.000    0.603000    0.014000
 65.000    0.603000    0.013000
 75.000    0.598000    0.012000
 85.000    0.623000    0.011000
 95.000    0.632000    0.011000
105.000    0.601000    0.012000
115.000    0.567000    0.012000
125.000    0.522000    0.012000
135.000    0.506000    0.013000
145.000    0.553000    0.015000
155.000    0.685000    0.020000
165.000    0.837000    0.028000
175.000    0.970000    0.051000
------------------------------------------
E = 1030.000 MeV, Wght = 1.00, Syst = 0.05
  5.000    0.931000    0.077000
 15.000    0.949000    0.045000
 25.000    0.833000    0.029000
 35.000    0.731000    0.022000
 45.000    0.633000    0.017000
 55.000    0.603000    0.014000
 65.000    0.565000    0.013000
 75.000    0.589000    0.012000
 85.000    0.608000    0.011000
 95.000    0.608000    0.011000
105.000    0.606000    0.012000
115.000    0.564000    0.012000
125.000    0.510000    0.013000
135.000    0.491000    0.014000
145.000    0.543000    0.016000
155.000    0.670000    0.020000
165.000    0.864000    0.029000
175.000    0.979000    0.056000
------------------------------------------
E = 1040.000 MeV, Wght = 1.00, Syst = 0.05
  5.000    1.023000    0.083000
 15.000    0.930000    0.045000
 25.000    0.842000    0.030000
 35.000    0.733000    0.022000
 45.000    0.637000    0.017000
 55.000    0.593000    0.014000
 65.000    0.560000    0.012000
 75.000    0.583000    0.012000
 85.000    0.595000    0.011000
 95.000    0.633000    0.012000
105.000    0.594000    0.012000
115.000    0.567000    0.012000
125.000    0.511000    0.013000
135.000    0.459000    0.014000
145.000    0.513000    0.016000
155.000    0.633000    0.021000
165.000    0.799000    0.030000
175.000    0.952000    0.057000
------------------------------------------
E = 1050.000 MeV, Wght = 1.00, Syst = 0.05
  5.000    1.011000    0.094000
 15.000    0.887000    0.046000
 25.000    0.809000    0.030000
 35.000    0.683000    0.021000
 45.000    0.654000    0.017000
 55.000    0.580000    0.014000
 65.000    0.574000    0.012000
 75.000    0.570000    0.012000
 85.000    0.602000    0.011000
 95.000    0.619000    0.012000
105.000    0.582000    0.012000
115.000    0.564000    0.013000
125.000    0.509000    0.013000
135.000    0.496000    0.015000
145.000    0.548000    0.017000
155.000    0.675000    0.022000
165.000    0.850000    0.032000
175.000    0.968000    0.059000
------------------------------------------
E = 1060.000 MeV, Wght = 1.00, Syst = 0.05
  5.000    0.948000    0.090000
 15.000    0.870000    0.045000
 25.000    0.802000    0.030000
 35.000    0.701000    0.021000
 45.000    0.640000    0.016000
 55.000    0.606000    0.014000
 65.000    0.571000    0.012000
 75.000    0.592000    0.011000
 85.000    0.602000    0.011000
 95.000    0.609000    0.012000
105.000    0.604000    0.012000
115.000    0.552000    0.013000
125.000    0.521000    0.014000
135.000    0.495000    0.015000
145.000    0.538000    0.018000
155.000    0.618000    0.022000
165.000    0.843000    0.033000
175.000    0.966000    0.062000
------------------------------------------
E = 1070.000 MeV, Wght = 1.00, Syst = 0.05
  5.000    0.921000    0.086000
 15.000    0.888000    0.044000
 25.000    0.773000    0.028000
 35.000    0.717000    0.020000
 45.000    0.658000    0.016000
 55.000    0.613000    0.014000
 65.000    0.591000    0.012000
 75.000    0.601000    0.011000
 85.000    0.609000    0.011000
 95.000    0.620000    0.012000
105.000    0.614000    0.012000
115.000    0.589000    0.013000
125.000    0.531000    0.014000
135.000    0.495000    0.016000
145.000    0.555000    0.018000
155.000    0.681000    0.024000
165.000    0.840000    0.034000
175.000    0.990000    0.063000
------------------------------------------
E = 1080.000 MeV, Wght = 1.00, Syst = 0.05
  5.000    1.058000    0.086000
 15.000    0.884000    0.042000
 25.000    0.817000    0.027000
 35.000    0.719000    0.019000
 45.000    0.680000    0.016000
 55.000    0.618000    0.013000
 65.000    0.613000    0.012000
 75.000    0.615000    0.011000
 85.000    0.623000    0.011000
 95.000    0.609000    0.012000
105.000    0.640000    0.012000
115.000    0.590000    0.013000
125.000    0.549000    0.014000
135.000    0.502000    0.016000
145.000    0.547000    0.019000
155.000    0.663000    0.024000
165.000    0.849000    0.035000
175.000    0.943000    0.064000
------------------------------------------
E = 1090.000 MeV, Wght = 1.00, Syst = 0.05
  5.000    0.966000    0.080000
 15.000    0.896000    0.040000
 25.000    0.830000    0.027000
 35.000    0.756000    0.019000
 45.000    0.679000    0.015000
 55.000    0.647000    0.013000
 65.000    0.634000    0.012000
 75.000    0.632000    0.011000
 85.000    0.639000    0.011000
 95.000    0.633000    0.012000
105.000    0.629000    0.013000
115.000    0.594000    0.013000
125.000    0.538000    0.015000
135.000    0.533000    0.017000
145.000    0.550000    0.020000
155.000    0.661000    0.025000
165.000    0.812000    0.037000
175.000    0.993000    0.072000
------------------------------------------
E = 1100.000 MeV, Wght = 1.00, Syst = 0.05
  5.000    0.904000    0.077000
 15.000    0.878000    0.039000
 25.000    0.819000    0.026000
 35.000    0.771000    0.019000
 45.000    0.690000    0.015000
 55.000    0.661000    0.013000
 65.000    0.638000    0.012000
 75.000    0.646000    0.011000
 85.000    0.657000    0.011000
 95.000    0.649000    0.012000
105.000    0.649000    0.013000
115.000    0.608000    0.014000
125.000    0.601000    0.016000
135.000    0.536000    0.017000
145.000    0.536000    0.020000
155.000    0.655000    0.027000
165.000    0.813000    0.039000
175.000    0.997000    0.073000
------------------------------------------
E = 1110.000 MeV, Wght = 1.00, Syst = 0.05
  5.000    0.975000    0.073000
 15.000    0.889000    0.038000
 25.000    0.811000    0.025000
 35.000    0.770000    0.018000
 45.000    0.722000    0.015000
 55.000    0.684000    0.013000
 65.000    0.663000    0.012000
 75.000    0.666000    0.011000
 85.000    0.657000    0.011000
 95.000    0.677000    0.012000
105.000    0.671000    0.013000
115.000    0.633000    0.014000
125.000    0.564000    0.016000
135.000    0.553000    0.018000
145.000    0.564000    0.022000
155.000    0.687000    0.028000
165.000    0.882000    0.040000
175.000    0.898000    0.076000
------------------------------------------
E = 1120.000 MeV, Wght = 1.00, Syst = 0.05
  5.000    0.924000    0.074000
 15.000    0.900000    0.038000
 25.000    0.820000    0.025000
 35.000    0.789000    0.018000
 45.000    0.727000    0.015000
 55.000    0.707000    0.013000
 65.000    0.668000    0.012000
 75.000    0.669000    0.011000
 85.000    0.682000    0.011000
 95.000    0.699000    0.012000
105.000    0.683000    0.013000
115.000    0.636000    0.014000
125.000    0.590000    0.016000
135.000    0.536000    0.019000
145.000    0.595000    0.023000
155.000    0.641000    0.029000
165.000    0.811000    0.042000
175.000    0.855000    0.079000
------------------------------------------
E = 1130.000 MeV, Wght = 1.00, Syst = 0.05
  5.000    1.021000    0.073000
 15.000    0.909000    0.037000
 25.000    0.816000    0.024000
 35.000    0.774000    0.018000
 45.000    0.748000    0.015000
 55.000    0.712000    0.013000
 65.000    0.701000    0.012000
 75.000    0.688000    0.011000
 85.000    0.682000    0.012000
 95.000    0.725000    0.012000
105.000    0.693000    0.013000
115.000    0.670000    0.015000
125.000    0.595000    0.017000
135.000    0.564000    0.019000
145.000    0.587000    0.024000
155.000    0.644000    0.030000
165.000    0.750000    0.043000
175.000    0.994000    0.090000
------------------------------------------
E = 1140.000 MeV, Wght = 1.00, Syst = 0.05
  5.000    0.956000    0.073000
 15.000    0.876000    0.036000
 25.000    0.801000    0.024000
 35.000    0.782000    0.018000
 45.000    0.759000    0.015000
 55.000    0.734000    0.013000
 65.000    0.725000    0.012000
 75.000    0.709000    0.011000
 85.000    0.696000    0.012000
 95.000    0.713000    0.012000
105.000    0.701000    0.013000
115.000    0.684000    0.015000
125.000    0.624000    0.017000
135.000    0.594000    0.020000
145.000    0.610000    0.024000
155.000    0.668000    0.032000
165.000    0.760000    0.044000
175.000    0.960000    0.086000
------------------------------------------
E = 1150.000 MeV, Wght = 1.00, Syst = 0.05
  5.000    0.923000    0.075000
 15.000    0.849000    0.036000
 25.000    0.818000    0.024000
 35.000    0.780000    0.018000
 45.000    0.760000    0.015000
 55.000    0.725000    0.013000
 65.000    0.723000    0.012000
 75.000    0.717000    0.012000
 85.000    0.695000    0.012000
 95.000    0.728000    0.013000
105.000    0.710000    0.014000
115.000    0.690000    0.015000
125.000    0.651000    0.018000
135.000    0.603000    0.020000
145.000    0.601000    0.025000
155.000    0.681000    0.033000
165.000    0.763000    0.048000
175.000    0.846000    0.088000
------------------------------------------
E = 1160.000 MeV, Wght = 1.00, Syst = 0.05
  5.000    0.989000    0.074000
 15.000    0.888000    0.035000
 25.000    0.820000    0.024000
 35.000    0.770000    0.018000
 45.000    0.767000    0.015000
 55.000    0.746000    0.013000
 65.000    0.722000    0.012000
 75.000    0.717000    0.012000
 85.000    0.718000    0.012000
 95.000    0.720000    0.013000
105.000    0.740000    0.014000
115.000    0.713000    0.016000
125.000    0.696000    0.018000
135.000    0.627000    0.021000
145.000    0.625000    0.026000
155.000    0.649000    0.034000
165.000    0.845000    0.051000
175.000    0.962000    0.095000
------------------------------------------
E = 1170.000 MeV, Wght = 1.00, Syst = 0.05
  5.000    0.894000    0.070000
 15.000    0.923000    0.037000
 25.000    0.819000    0.024000
 35.000    0.790000    0.018000
 45.000    0.765000    0.015000
 55.000    0.733000    0.013000
 65.000    0.729000    0.012000
 75.000    0.729000    0.012000
 85.000    0.733000    0.012000
 95.000    0.733000    0.013000
105.000    0.739000    0.014000
115.000    0.707000    0.016000
125.000    0.706000    0.018000
135.000    0.666000    0.022000
145.000    0.668000    0.026000
155.000    0.694000    0.034000
165.000    0.831000    0.051000
175.000    0.944000    0.095000
------------------------------------------
E = 1180.000 MeV, Wght = 1.00, Syst = 0.05
  5.000    1.005000    0.074000
 15.000    0.868000    0.036000
 25.000    0.804000    0.024000
 35.000    0.786000    0.018000
 45.000    0.762000    0.015000
 55.000    0.735000    0.013000
 65.000    0.743000    0.013000
 75.000    0.719000    0.012000
 85.000    0.726000    0.012000
 95.000    0.738000    0.013000
105.000    0.735000    0.015000
115.000    0.734000    0.016000
125.000    0.727000    0.019000
135.000    0.707000    0.022000
145.000    0.689000    0.027000
155.000    0.714000    0.035000
165.000    0.868000    0.051000
175.000    0.865000    0.093000
------------------------------------------
E = 1190.000 MeV, Wght = 1.00, Syst = 0.05
  5.000    1.009000    0.079000
 15.000    0.871000    0.038000
 25.000    0.774000    0.024000
 35.000    0.758000    0.018000
 45.000    0.744000    0.015000
 55.000    0.743000    0.014000
 65.000    0.733000    0.013000
 75.000    0.731000    0.012000
 85.000    0.732000    0.013000
 95.000    0.749000    0.013000
105.000    0.757000    0.015000
115.000    0.773000    0.017000
125.000    0.721000    0.019000
135.000    0.694000    0.023000
145.000    0.783000    0.028000
155.000    0.756000    0.035000
165.000    0.888000    0.052000
175.000    0.921000    0.100000
------------------------------------------
E = 1200.000 MeV, Wght = 1.00, Syst = 0.05
  5.000    0.926000    0.075000
 15.000    0.859000    0.037000
 25.000    0.803000    0.025000
 35.000    0.746000    0.018000
 45.000    0.744000    0.015000
 55.000    0.746000    0.014000
 65.000    0.724000    0.013000
 75.000    0.733000    0.013000
 85.000    0.740000    0.013000
 95.000    0.746000    0.014000
105.000    0.763000    0.015000
115.000    0.759000    0.017000
125.000    0.750000    0.019000
135.000    0.725000    0.023000
145.000    0.737000    0.028000
155.000    0.773000    0.035000
165.000    0.864000    0.050000
175.000    0.899000    0.098000
------------------------------------------
E = 1210.000 MeV, Wght = 1.00, Syst = 0.05
  5.000    0.894000    0.074000
 15.000    0.879000    0.039000
 25.000    0.787000    0.025000
 35.000    0.779000    0.019000
 45.000    0.742000    0.016000
 55.000    0.725000    0.014000
 65.000    0.736000    0.013000
 75.000    0.720000    0.013000
 85.000    0.736000    0.013000
 95.000    0.749000    0.014000
105.000    0.778000    0.016000
115.000    0.789000    0.017000
125.000    0.761000    0.020000
135.000    0.736000    0.023000
145.000    0.745000    0.028000
155.000    0.814000    0.036000
165.000    0.914000    0.052000
175.000    0.938000    0.096000
------------------------------------------
E = 1220.000 MeV, Wght = 1.00, Syst = 0.05
  5.000    0.964000    0.082000
 15.000    0.845000    0.039000
 25.000    0.763000    0.025000
 35.000    0.749000    0.019000
 45.000    0.733000    0.016000
 55.000    0.747000    0.014000
 65.000    0.720000    0.013000
 75.000    0.728000    0.013000
 85.000    0.721000    0.013000
 95.000    0.747000    0.014000
105.000    0.792000    0.016000
115.000    0.772000    0.018000
125.000    0.784000    0.020000
135.000    0.777000    0.023000
145.000    0.816000    0.030000
155.000    0.832000    0.037000
165.000    0.928000    0.053000
175.000    0.938000    0.096000
------------------------------------------
E = 1230.000 MeV, Wght = 1.00, Syst = 0.05
  5.000    0.855000    0.078000
 15.000    0.825000    0.039000
 25.000    0.756000    0.025000
 35.000    0.748000    0.019000
 45.000    0.704000    0.016000
 55.000    0.742000    0.014000
 65.000    0.728000    0.014000
 75.000    0.738000    0.013000
 85.000    0.739000    0.014000
 95.000    0.759000    0.015000
105.000    0.786000    0.016000
115.000    0.804000    0.018000
125.000    0.801000    0.021000
135.000    0.788000    0.024000
145.000    0.797000    0.029000
155.000    0.850000    0.038000
165.000    0.889000    0.051000
175.000    1.035000    0.097000
------------------------------------------
E = 1240.000 MeV, Wght = 1.00, Syst = 0.05
  5.000    0.979000    0.087000
 15.000    0.822000    0.039000
 25.000    0.743000    0.025000
 35.000    0.739000    0.019000
 45.000    0.731000    0.016000
 55.000    0.711000    0.015000
 65.000    0.719000    0.014000
 75.000    0.718000    0.014000
 85.000    0.749000    0.014000
 95.000    0.748000    0.015000
105.000    0.778000    0.016000
115.000    0.785000    0.018000
125.000    0.799000    0.021000
135.000    0.800000    0.024000
145.000    0.798000    0.029000
155.000    0.857000    0.037000
165.000    0.899000    0.053000
175.000    0.899000    0.091000
------------------------------------------
E = 1250.000 MeV, Wght = 1.00, Syst = 0.05
  5.000    0.882000    0.082000
 15.000    0.809000    0.039000
 25.000    0.741000    0.026000
 35.000    0.733000    0.019000
 45.000    0.703000    0.016000
 55.000    0.721000    0.015000
 65.000    0.702000    0.014000
 75.000    0.734000    0.014000
 85.000    0.761000    0.014000
 95.000    0.772000    0.015000
105.000    0.780000    0.017000
115.000    0.824000    0.019000
125.000    0.824000    0.021000
135.000    0.793000    0.025000
145.000    0.819000    0.030000
155.000    0.817000    0.037000
165.000    1.031000    0.054000
175.000    0.918000    0.090000
------------------------------------------
E = 1260.000 MeV, Wght = 1.00, Syst = 0.05
  5.000    0.945000    0.084000
 15.000    0.829000    0.040000
 25.000    0.718000    0.025000
 35.000    0.716000    0.020000
 45.000    0.705000    0.016000
 55.000    0.716000    0.015000
 65.000    0.731000    0.014000
 75.000    0.722000    0.014000
 85.000    0.738000    0.014000
 95.000    0.753000    0.015000
105.000    0.794000    0.017000
115.000    0.816000    0.019000
125.000    0.827000    0.022000
135.000    0.834000    0.025000
145.000    0.825000    0.030000
155.000    0.861000    0.037000
165.000    0.950000    0.052000
175.000    1.011000    0.096000
------------------------------------------
E = 1270.000 MeV, Wght = 1.00, Syst = 0.05
  5.000    0.972000    0.087000
 15.000    0.831000    0.040000
 25.000    0.683000    0.025000
 35.000    0.678000    0.019000
 45.000    0.698000    0.017000
 55.000    0.727000    0.015000
 65.000    0.721000    0.014000
 75.000    0.719000    0.014000
 85.000    0.724000    0.015000
 95.000    0.744000    0.016000
105.000    0.793000    0.017000
115.000    0.822000    0.019000
125.000    0.838000    0.022000
135.000    0.836000    0.025000
145.000    0.833000    0.030000
155.000    0.895000    0.038000
165.000    0.938000    0.051000
175.000    0.898000    0.094000
------------------------------------------
E = 1280.000 MeV, Wght = 1.00, Syst = 0.05
  5.000    0.934000    0.090000
 15.000    0.834000    0.041000
 25.000    0.702000    0.026000
 35.000    0.701000    0.020000
 45.000    0.700000    0.017000
 55.000    0.707000    0.015000
 65.000    0.709000    0.015000
 75.000    0.717000    0.015000
 85.000    0.724000    0.015000
 95.000    0.762000    0.016000
105.000    0.792000    0.017000
115.000    0.813000    0.019000
125.000    0.829000    0.022000
135.000    0.852000    0.026000
145.000    0.851000    0.031000
155.000    0.894000    0.038000
165.000    0.948000    0.052000
175.000    0.889000    0.093000
------------------------------------------
E = 1290.000 MeV, Wght = 1.00, Syst = 0.05
  5.000    0.961000    0.093000
 15.000    0.766000    0.040000
 25.000    0.696000    0.026000
 35.000    0.690000    0.020000
 45.000    0.693000    0.017000
 55.000    0.704000    0.015000
 65.000    0.707000    0.015000
 75.000    0.701000    0.015000
 85.000    0.744000    0.015000
 95.000    0.755000    0.016000
105.000    0.798000    0.018000
115.000    0.822000    0.020000
125.000    0.853000    0.023000
135.000    0.866000    0.026000
145.000    0.881000    0.031000
155.000    0.919000    0.038000
165.000    0.950000    0.053000
175.000    1.003000    0.090000
------------------------------------------
E = 1300.000 MeV, Wght = 1.00, Syst = 0.05
  5.000    0.952000    0.089000
 15.000    0.766000    0.040000
 25.000    0.695000    0.026000
 35.000    0.650000    0.020000
 45.000    0.680000    0.017000
 55.000    0.699000    0.016000
 65.000    0.697000    0.015000
 75.000    0.696000    0.015000
 85.000    0.724000    0.015000
 95.000    0.772000    0.016000
105.000    0.794000    0.018000
115.000    0.815000    0.020000
125.000    0.887000    0.023000
135.000    0.847000    0.027000
145.000    0.905000    0.031000
155.000    0.921000    0.040000
165.000    0.927000    0.051000
175.000    0.964000    0.093000
------------------------------------------
E = 1310.000 MeV, Wght = 1.00, Syst = 0.05
  5.000    0.874000    0.085000
 15.000    0.737000    0.041000
 25.000    0.684000    0.026000
 35.000    0.651000    0.020000
 45.000    0.670000    0.017000
 55.000    0.667000    0.016000
 65.000    0.698000    0.015000
 75.000    0.696000    0.015000
 85.000    0.723000    0.016000
 95.000    0.731000    0.017000
105.000    0.786000    0.018000
115.000    0.854000    0.021000
125.000    0.844000    0.023000
135.000    0.885000    0.027000
145.000    0.883000    0.031000
155.000    0.907000    0.039000
165.000    0.970000    0.051000
175.000    1.007000    0.095000
------------------------------------------
E = 1320.000 MeV, Wght = 1.00, Syst = 0.05
  5.000    0.961000    0.101000
 15.000    0.766000    0.042000
 25.000    0.666000    0.026000
 35.000    0.666000    0.020000
 45.000    0.670000    0.017000
 55.000    0.680000    0.016000
 65.000    0.703000    0.016000
 75.000    0.714000    0.016000
 85.000    0.739000    0.016000
 95.000    0.762000    0.017000
105.000    0.783000    0.019000
115.000    0.841000    0.021000
125.000    0.884000    0.024000
135.000    0.878000    0.027000
145.000    0.911000    0.031000
155.000    0.944000    0.039000
165.000    0.964000    0.052000
175.000    0.930000    0.092000
------------------------------------------
E = 1330.000 MeV, Wght = 1.00, Syst = 0.05
  5.000    0.924000    0.101000
 15.000    0.744000    0.043000
 25.000    0.690000    0.027000
 35.000    0.622000    0.020000
 45.000    0.639000    0.017000
 55.000    0.677000    0.016000
 65.000    0.667000    0.016000
 75.000    0.696000    0.016000
 85.000    0.714000    0.016000
 95.000    0.767000    0.017000
105.000    0.792000    0.019000
115.000    0.831000    0.021000
125.000    0.881000    0.024000
135.000    0.882000    0.027000
145.000    0.920000    0.032000
155.000    0.968000    0.039000
165.000    0.990000    0.052000
175.000    0.949000    0.093000
------------------------------------------
E = 1340.000 MeV, Wght = 1.00, Syst = 0.05
  5.000    0.952000    0.097000
 15.000    0.669000    0.042000
 25.000    0.600000    0.026000
 35.000    0.639000    0.020000
 45.000    0.665000    0.017000
 55.000    0.681000    0.017000
 65.000    0.665000    0.016000
 75.000    0.695000    0.016000
 85.000    0.737000    0.017000
 95.000    0.723000    0.017000
105.000    0.806000    0.019000
115.000    0.843000    0.021000
125.000    0.882000    0.024000
135.000    0.888000    0.027000
145.000    0.920000    0.032000
155.000    0.953000    0.040000
165.000    0.963000    0.054000
175.000    0.976000    0.094000
------------------------------------------
E = 1350.000 MeV, Wght = 1.00, Syst = 0.05
  5.000    0.920000    0.103000
 15.000    0.733000    0.042000
 25.000    0.608000    0.026000
 35.000    0.616000    0.020000
 45.000    0.649000    0.018000
 55.000    0.658000    0.016000
 65.000    0.674000    0.016000
 75.000    0.692000    0.016000
 85.000    0.715000    0.017000
 95.000    0.765000    0.018000
105.000    0.817000    0.020000
115.000    0.833000    0.021000
125.000    0.867000    0.024000
135.000    0.897000    0.028000
145.000    0.909000    0.033000
155.000    0.930000    0.040000
165.000    0.967000    0.051000
175.000    1.004000    0.092000
------------------------------------------
E = 1360.000 MeV, Wght = 1.00, Syst = 0.05
  5.000    0.908000    0.101000
 15.000    0.659000    0.041000
 25.000    0.602000    0.026000
 35.000    0.585000    0.021000
 45.000    0.599000    0.018000
 55.000    0.658000    0.017000
 65.000    0.691000    0.016000
 75.000    0.685000    0.016000
 85.000    0.693000    0.017000
 95.000    0.766000    0.018000
105.000    0.784000    0.020000
115.000    0.843000    0.022000
125.000    0.880000    0.025000
135.000    0.899000    0.028000
145.000    0.922000    0.033000
155.000    0.947000    0.040000
165.000    0.918000    0.052000
175.000    0.942000    0.094000
------------------------------------------
E = 1370.000 MeV, Wght = 1.00, Syst = 0.05
  5.000    0.828000    0.095000
 15.000    0.664000    0.042000
 25.000    0.595000    0.026000
 35.000    0.617000    0.021000
 45.000    0.607000    0.018000
 55.000    0.641000    0.017000
 65.000    0.664000    0.017000
 75.000    0.704000    0.017000
 85.000    0.711000    0.017000
 95.000    0.770000    0.018000
105.000    0.818000    0.020000
115.000    0.858000    0.022000
125.000    0.864000    0.025000
135.000    0.877000    0.028000
145.000    0.965000    0.033000
155.000    0.953000    0.040000
165.000    0.973000    0.053000
175.000    1.001000    0.096000
------------------------------------------
E = 1380.000 MeV, Wght = 1.00, Syst = 0.05
  5.000    0.886000    0.097000
 15.000    0.636000    0.042000
 25.000    0.587000    0.026000
 35.000    0.574000    0.020000
 45.000    0.626000    0.018000
 55.000    0.658000    0.017000
 65.000    0.670000    0.017000
 75.000    0.678000    0.017000
 85.000    0.716000    0.017000
 95.000    0.743000    0.019000
105.000    0.809000    0.020000
115.000    0.839000    0.022000
125.000    0.896000    0.025000
135.000    0.924000    0.029000
145.000    0.922000    0.034000
155.000    0.918000    0.039000
165.000    1.002000    0.053000
175.000    1.064000    0.098000
------------------------------------------
E = 1390.000 MeV, Wght = 1.00, Syst = 0.05
  5.000    0.846000    0.098000
 15.000    0.619000    0.043000
 25.000    0.610000    0.027000
 35.000    0.584000    0.020000
 45.000    0.599000    0.018000
 55.000    0.643000    0.017000
 65.000    0.651000    0.017000
 75.000    0.671000    0.017000
 85.000    0.692000    0.018000
 95.000    0.738000    0.019000
105.000    0.809000    0.021000
115.000    0.874000    0.023000
125.000    0.852000    0.025000
135.000    0.939000    0.030000
145.000    0.902000    0.033000
155.000    0.947000    0.040000
165.000    0.948000    0.052000
175.000    1.000000    0.092000
------------------------------------------
E = 1400.000 MeV, Wght = 1.00, Syst = 0.05
  5.000    0.943000    0.106000
 15.000    0.647000    0.043000
 25.000    0.559000    0.027000
 35.000    0.577000    0.021000
 45.000    0.610000    0.018000
 55.000    0.638000    0.017000
 65.000    0.650000    0.017000
 75.000    0.689000    0.017000
 85.000    0.703000    0.018000
 95.000    0.748000    0.019000
105.000    0.770000    0.021000
115.000    0.859000    0.023000
125.000    0.905000    0.026000
135.000    0.903000    0.029000
145.000    0.941000    0.034000
155.000    0.972000    0.041000
165.000    0.969000    0.052000
175.000    1.018000    0.096000
------------------------------------------
E = 1410.000 MeV, Wght = 1.00, Syst = 0.05
  5.000    0.861000    0.104000
 15.000    0.657000    0.042000
 25.000    0.545000    0.026000
 35.000    0.551000    0.021000
 45.000    0.575000    0.018000
 55.000    0.622000    0.017000
 65.000    0.639000    0.017000
 75.000    0.694000    0.018000
 85.000    0.706000    0.018000
 95.000    0.757000    0.019000
105.000    0.819000    0.021000
115.000    0.853000    0.024000
125.000    0.894000    0.026000
135.000    0.903000    0.030000
145.000    0.972000    0.034000
155.000    0.989000    0.042000
165.000    1.017000    0.055000
175.000    1.036000    0.095000
------------------------------------------
E = 1420.000 MeV, Wght = 1.00, Syst = 0.05
  5.000    0.931000    0.103000
 15.000    0.670000    0.043000
 25.000    0.567000    0.027000
 35.000    0.549000    0.020000
 45.000    0.568000    0.018000
 55.000    0.618000    0.017000
 65.000    0.659000    0.018000
 75.000    0.686000    0.018000
 85.000    0.689000    0.019000
 95.000    0.747000    0.020000
105.000    0.806000    0.021000
115.000    0.860000    0.024000
125.000    0.901000    0.026000
135.000    0.943000    0.030000
145.000    0.951000    0.035000
155.000    0.934000    0.040000
165.000    0.957000    0.052000
175.000    1.034000    0.095000
------------------------------------------
E = 1430.000 MeV, Wght = 1.00, Syst = 0.05
  5.000    0.945000    0.112000
 15.000    0.602000    0.043000
 25.000    0.529000    0.026000
 35.000    0.555000    0.021000
 45.000    0.555000    0.018000
 55.000    0.605000    0.018000
 65.000    0.664000    0.018000
 75.000    0.682000    0.018000
 85.000    0.677000    0.019000
 95.000    0.725000    0.020000
105.000    0.788000    0.022000
115.000    0.843000    0.024000
125.000    0.890000    0.027000
135.000    0.913000    0.030000
145.000    0.953000    0.034000
155.000    0.992000    0.041000
165.000    0.964000    0.052000
175.000    1.023000    0.094000
------------------------------------------
E = 1440.000 MeV, Wght = 1.00, Syst = 0.05
  5.000    0.996000    0.114000
 15.000    0.573000    0.043000
 25.000    0.526000    0.026000
 35.000    0.534000    0.021000
 45.000    0.557000    0.018000
 55.000    0.616000    0.018000
 65.000    0.641000    0.018000
 75.000    0.653000    0.018000
 85.000    0.694000    0.019000
 95.000    0.739000    0.020000
105.000    0.786000    0.022000
115.000    0.849000    0.024000
125.000    0.875000    0.027000
135.000    0.944000    0.031000
145.000    0.952000    0.035000
155.000    0.998000    0.041000
165.000    1.029000    0.054000
175.000    1.016000    0.095000
------------------------------------------
E = 1450.000 MeV, Wght = 1.00, Syst = 0.05
  5.000    0.823000    0.105000
 15.000    0.581000    0.042000
 25.000    0.514000    0.026000
 35.000    0.510000    0.020000
 45.000    0.579000    0.018000
 55.000    0.631000    0.018000
 65.000    0.632000    0.018000
 75.000    0.652000    0.019000
 85.000    0.679000    0.019000
 95.000    0.735000    0.021000
105.000    0.798000    0.022000
115.000    0.867000    0.025000
125.000    0.871000    0.026000
135.000    0.929000    0.031000
145.000    0.927000    0.035000
155.000    0.988000    0.042000
165.000    0.979000    0.053000
175.000    0.967000    0.091000
------------------------------------------
E = 1460.000 MeV, Wght = 1.00, Syst = 0.05
  5.000    0.772000    0.109000
 15.000    0.653000    0.043000
 25.000    0.509000    0.026000
 35.000    0.512000    0.020000
 45.000    0.580000    0.019000
 55.000    0.606000    0.018000
 65.000    0.624000    0.018000
 75.000    0.651000    0.019000
 85.000    0.687000    0.019000
 95.000    0.747000    0.021000
105.000    0.794000    0.022000
115.000    0.851000    0.025000
125.000    0.895000    0.027000
135.000    0.910000    0.030000
145.000    0.975000    0.035000
155.000    0.992000    0.042000
165.000    0.991000    0.052000
175.000    0.977000    0.094000
------------------------------------------
E = 1470.000 MeV, Wght = 1.00, Syst = 0.05
  5.000    0.805000    0.103000
 15.000    0.572000    0.042000
 25.000    0.512000    0.026000
 35.000    0.510000    0.020000
 45.000    0.549000    0.019000
 55.000    0.609000    0.018000
 65.000    0.609000    0.018000
 75.000    0.652000    0.019000
 85.000    0.688000    0.020000
 95.000    0.745000    0.021000
105.000    0.772000    0.023000
115.000    0.825000    0.024000
125.000    0.886000    0.028000
135.000    0.952000    0.031000
145.000    0.953000    0.036000
155.000    0.980000    0.042000
165.000    0.973000    0.054000
175.000    1.031000    0.098000
------------------------------------------
E = 1480.000 MeV, Wght = 1.00, Syst = 0.05
  5.000    0.836000    0.110000
 15.000    0.592000    0.044000
 25.000    0.501000    0.026000
 35.000    0.509000    0.021000
 45.000    0.551000    0.019000
 55.000    0.577000    0.018000
 65.000    0.641000    0.019000
 75.000    0.648000    0.019000
 85.000    0.677000    0.020000
 95.000    0.722000    0.021000
105.000    0.773000    0.023000
115.000    0.878000    0.026000
125.000    0.883000    0.028000
135.000    0.942000    0.032000
145.000    0.955000    0.035000
155.000    0.992000    0.042000
165.000    1.048000    0.053000
175.000    1.001000    0.092000
------------------------------------------
E = 1490.000 MeV, Wght = 1.00, Syst = 0.05
  5.000    0.764000    0.109000
 15.000    0.534000    0.042000
 25.000    0.471000    0.026000
 35.000    0.482000    0.020000
 45.000    0.514000    0.019000
 55.000    0.562000    0.018000
 65.000    0.637000    0.019000
 75.000    0.643000    0.019000
 85.000    0.675000    0.020000
 95.000    0.714000    0.022000
105.000    0.784000    0.023000
115.000    0.816000    0.025000
125.000    0.908000    0.028000
135.000    0.932000    0.032000
145.000    0.960000    0.035000
155.000    0.908000    0.042000
165.000    0.960000    0.052000
175.000    1.028000    0.095000
------------------------------------------
E = 1500.000 MeV, Wght = 1.00, Syst = 0.05
  5.000    0.755000    0.108000
 15.000    0.574000    0.042000
 25.000    0.515000    0.027000
 35.000    0.524000    0.021000
 45.000    0.543000    0.019000
 55.000    0.595000    0.019000
 65.000    0.593000    0.019000
 75.000    0.636000    0.020000
 85.000    0.694000    0.021000
 95.000    0.719000    0.022000
105.000    0.753000    0.023000
115.000    0.814000    0.025000
125.000    0.874000    0.028000
135.000    0.916000    0.032000
145.000    0.967000    0.036000
155.000    0.957000    0.041000
165.000    0.977000    0.054000
175.000    1.048000    0.095000
------------------------------------------
