E =  730.000 MeV, E_lo =  660.000 MeV, E_hi =  800.000 MeV
Systematic = 0.05, Preliminary = 0, CBELSA_2014_GOTTSCHALL_PRL112-012003
 36.87  0.25600E+00  0.22800E+00
 47.93  0.21100E+00  0.54000E-01
 57.99  0.12300E+00  0.44000E-01
 66.42 -0.10000E-01  0.41000E-01
 74.34 -0.23000E-01  0.40000E-01
 82.53 -0.40000E-02  0.39000E-01
 90.00 -0.13000E-01  0.41000E-01
 97.47  0.33000E-01  0.39000E-01
105.66  0.68000E-01  0.40000E-01
113.58  0.18600E+00  0.42000E-01
122.00  0.27200E+00  0.43000E-01
132.07  0.26200E+00  0.57000E-01
143.13  0.47700E+00  0.53000E-01
158.43  0.80900E+00  0.80000E-01
------------------------------------------------------------------------
E = 1030.000 MeV, E_lo =  960.000 MeV, E_hi = 1100.000 MeV
Systematic = 0.05, Preliminary = 0, CBELSA_2014_GOTTSCHALL_PRL112-012003
 36.87 -0.31400E+00  0.53000E-01
 47.93 -0.15800E+00  0.49000E-01
 57.99  0.40000E-02  0.51000E-01
 66.42  0.79000E-01  0.47000E-01
 74.34  0.12700E+00  0.49000E-01
 82.53  0.88000E-01  0.48000E-01
 90.00 -0.90000E-01  0.51000E-01
 97.47 -0.31800E+00  0.50000E-01
105.66 -0.61100E+00  0.50000E-01
113.58 -0.67300E+00  0.47000E-01
122.00 -0.75200E+00  0.43000E-01
132.07 -0.72500E+00  0.43000E-01
143.13 -0.59900E+00  0.46000E-01
158.43 -0.13600E+00  0.61000E-01
------------------------------------------------------------------------
E = 1400.000 MeV, E_lo = 1350.000 MeV, E_hi = 1450.000 MeV
Systematic = 0.05, Preliminary = 0, CBELSA_2014_GOTTSCHALL_PRL112-012003
 21.56 -0.16000E+00  0.11000E+00
 36.87 -0.25500E+00  0.54000E-01
 47.93 -0.25300E+00  0.76000E-01
 57.99 -0.21200E+00  0.12900E+00
 66.42 -0.23400E+00  0.10600E+00
 74.34 -0.41800E+00  0.76000E-01
 82.53 -0.62500E+00  0.69000E-01
 90.00 -0.60600E+00  0.81000E-01
 97.47 -0.72000E+00  0.79000E-01
105.66 -0.51000E+00  0.95000E-01
113.58 -0.46900E+00  0.75000E-01
122.00 -0.46500E+00  0.76000E-01
132.07 -0.51500E+00  0.71000E-01
143.13 -0.34200E+00  0.67000E-01
158.43  0.16000E+00  0.66000E-01
------------------------------------------------------------------------
E = 1500.000 MeV, E_lo = 1450.000 MeV, E_hi = 1550.000 MeV
Systematic = 0.05, Preliminary = 0, CBELSA_2014_GOTTSCHALL_PRL112-012003
 21.56 -0.74000E-01  0.98000E-01
 36.87 -0.18300E+00  0.55000E-01
 47.93 -0.14300E+00  0.83000E-01
 57.99 -0.42800E+00  0.17200E+00
 66.42 -0.55300E+00  0.18200E+00
 74.34 -0.77800E+00  0.19600E+00
 82.53 -0.83800E+00  0.71000E-01
 90.00 -0.78000E+00  0.60000E-01
 97.47 -0.61400E+00  0.73000E-01
105.66 -0.61300E+00  0.69000E-01
113.58 -0.41000E+00  0.75000E-01
122.00 -0.32100E+00  0.73000E-01
132.07 -0.39200E+00  0.79000E-01
143.13 -0.48500E+00  0.76000E-01
158.43  0.89000E-01  0.67000E-01
------------------------------------------------------------------------
E = 1600.000 MeV, E_lo = 1550.000 MeV, E_hi = 1650.000 MeV
Systematic = 0.05, Preliminary = 0, CBELSA_2014_GOTTSCHALL_PRL112-012003
 21.56 -0.11500E+00  0.11000E+00
 36.87 -0.22000E-01  0.56000E-01
 47.93 -0.23200E+00  0.81000E-01
 57.99  0.98000E-01  0.16000E+00
 66.42 -0.10540E+01 -0.36800E+00
 74.34 -0.12490E+01 -0.15500E+00
 82.53 -0.10270E+01 -0.86000E-01
 90.00 -0.88500E+00  0.67000E-01
 97.47 -0.65500E+00  0.66000E-01
105.66 -0.61000E+00  0.83000E-01
113.58 -0.32600E+00  0.79000E-01
122.00 -0.24500E+00  0.89000E-01
132.07 -0.36700E+00  0.85000E-01
143.13 -0.39500E+00  0.94000E-01
158.43  0.13000E-01  0.84000E-01
------------------------------------------------------------------------
E = 2100.000 MeV, E_lo = 1900.000 MeV, E_hi = 2300.000 MeV
Systematic = 0.05, Preliminary = 0, CBELSA_2014_GOTTSCHALL_PRL112-012003
 21.56  0.21100E+00  0.65000E-01
 36.87  0.24300E+00  0.50000E-01
 47.93  0.14000E+00  0.76000E-01
 57.99 -0.13700E+00  0.12400E+00
 66.42 -0.37300E+00  0.18100E+00
 74.34 -0.71500E+00  0.10300E+00
 82.53 -0.96600E+00  0.10800E+00
 90.00 -0.80100E+00  0.84000E-01
 97.47 -0.79000E+00  0.95000E-01
105.66 -0.41500E+00  0.70000E-01
113.58 -0.28800E+00  0.91000E-01
122.00  0.40000E-02  0.10700E+00
132.07 -0.70000E-01  0.18000E+00
143.13 -0.52000E+00  0.23400E+00
158.43 -0.10210E+01 -0.19300E+00
------------------------------------------------------------------------
