E =  551.0 MeV, E_lo =  537.5 MeV, E_hi =  564.5 MeV
Systematic = 0.05, Preliminary = 0, GRAAL_2005_Bartalini_EPJA26-399
 67.40  0.43100E+00  0.50000E-01
 78.70  0.59200E+00  0.41000E-01
 89.90  0.67000E+00  0.40000E-01
101.20  0.69400E+00  0.44000E-01
112.90  0.73600E+00  0.41000E-01
125.80  0.83600E+00  0.49000E-01
139.10  0.79600E+00  0.61000E-01
152.90  0.69800E+00  0.11900E+00
-------------------------------------------------------------------
E =  578.0 MeV, E_lo =  564.5 MeV, E_hi =  591.5 MeV
Systematic = 0.05, Preliminary = 0, GRAAL_2005_Bartalini_EPJA26-399
 59.30  0.41700E+00  0.14900E+00
 66.80  0.46300E+00  0.34000E-01
 78.80  0.60100E+00  0.33000E-01
 89.90  0.72100E+00  0.32000E-01
101.20  0.78300E+00  0.31000E-01
112.80  0.75000E+00  0.35000E-01
125.90  0.81000E+00  0.38000E-01
139.20  0.80000E+00  0.47000E-01
153.10  0.69600E+00  0.92000E-01
-------------------------------------------------------------------
E =  615.0 MeV, E_lo =  591.5 MeV, E_hi =  628.5 MeV
Systematic = 0.05, Preliminary = 0, GRAAL_2005_Bartalini_EPJA26-399
 58.20  0.33000E+00  0.68000E-01
 66.90  0.54600E+00  0.36000E-01
 78.80  0.66500E+00  0.33000E-01
 89.90  0.77400E+00  0.33000E-01
101.00  0.80700E+00  0.33000E-01
112.80  0.83500E+00  0.35000E-01
125.90  0.83000E+00  0.37000E-01
139.20  0.74300E+00  0.46000E-01
153.60  0.54300E+00  0.79000E-01
-------------------------------------------------------------------
E =  666.0 MeV, E_lo =  640.5 MeV, E_hi =  691.5 MeV
Systematic = 0.05, Preliminary = 0, GRAAL_2005_Bartalini_EPJA26-399
 44.70  0.63400E+00  0.47000E-01
 52.80  0.66100E+00  0.24000E-01
 61.70  0.74300E+00  0.26000E-01
 70.40  0.80100E+00  0.23000E-01
 78.60  0.82100E+00  0.22000E-01
 86.30  0.82400E+00  0.22000E-01
 94.00  0.83700E+00  0.22000E-01
102.20  0.84400E+00  0.25000E-01
110.80  0.85400E+00  0.27000E-01
119.30  0.81100E+00  0.25000E-01
130.70  0.74800E+00  0.29000E-01
139.70  0.62200E+00  0.27000E-01
150.20  0.44700E+00  0.30000E-01
161.00  0.18600E+00  0.55000E-01
170.70 -0.19000E-01  0.13300E+00
-------------------------------------------------------------------
E =  703.0 MeV, E_lo =  684.5 MeV, E_hi =  721.5 MeV
Systematic = 0.05, Preliminary = 0, GRAAL_2005_Bartalini_EPJA26-399
 44.70  0.76100E+00  0.33000E-01
 52.80  0.82000E+00  0.27000E-01
 61.80  0.82500E+00  0.23000E-01
 70.40  0.87200E+00  0.26000E-01
 78.60  0.87200E+00  0.23000E-01
 86.30  0.84700E+00  0.24000E-01
 94.00  0.85400E+00  0.24000E-01
102.20  0.85700E+00  0.25000E-01
110.80  0.82200E+00  0.24000E-01
119.20  0.76600E+00  0.27000E-01
130.70  0.68200E+00  0.23000E-01
139.80  0.57900E+00  0.21000E-01
150.20  0.35000E+00  0.25000E-01
161.00  0.13200E+00  0.43000E-01
170.50  0.11500E+00  0.15700E+00
-------------------------------------------------------------------
E =  736.0 MeV, E_lo =  719.5 MeV, E_hi =  752.5 MeV
Systematic = 0.05, Preliminary = 0, GRAAL_2005_Bartalini_EPJA26-399
 44.70  0.76900E+00  0.31000E-01
 52.70  0.84200E+00  0.24000E-01
 61.70  0.86300E+00  0.23000E-01
 70.40  0.87300E+00  0.23000E-01
 78.60  0.86500E+00  0.22000E-01
 86.30  0.87300E+00  0.22000E-01
 94.00  0.86600E+00  0.25000E-01
102.20  0.83900E+00  0.23000E-01
110.80  0.81400E+00  0.26000E-01
119.20  0.77300E+00  0.23000E-01
130.60  0.63900E+00  0.20000E-01
139.90  0.51500E+00  0.18000E-01
150.30  0.30600E+00  0.19000E-01
160.90  0.21000E+00  0.41000E-01
170.50  0.41000E-01  0.83000E-01
-------------------------------------------------------------------
E =  769.0 MeV, E_lo =  752.5 MeV, E_hi =  785.5 MeV
Systematic = 0.05, Preliminary = 0, GRAAL_2005_Bartalini_EPJA26-399
 44.70  0.77600E+00  0.28000E-01
 52.70  0.79600E+00  0.24000E-01
 61.70  0.82500E+00  0.21000E-01
 70.30  0.84000E+00  0.21000E-01
 78.60  0.83100E+00  0.23000E-01
 86.20  0.83800E+00  0.23000E-01
 94.00  0.79500E+00  0.22000E-01
102.20  0.77400E+00  0.22000E-01
110.80  0.73300E+00  0.20000E-01
119.20  0.68000E+00  0.23000E-01
130.70  0.58300E+00  0.20000E-01
139.90  0.47300E+00  0.18000E-01
150.40  0.31500E+00  0.18000E-01
160.90  0.15100E+00  0.26000E-01
170.50  0.13800E+00  0.84000E-01
-------------------------------------------------------------------
E =  801.0 MeV, E_lo =  785.0 MeV, E_hi =  817.0 MeV
Systematic = 0.05, Preliminary = 0, GRAAL_2005_Bartalini_EPJA26-399
 44.70  0.76800E+00  0.29000E-01
 52.70  0.76000E+00  0.21000E-01
 61.70  0.75600E+00  0.21000E-01
 70.40  0.77000E+00  0.23000E-01
 78.60  0.76200E+00  0.21000E-01
 86.30  0.75700E+00  0.21000E-01
 94.00  0.71900E+00  0.20000E-01
102.20  0.68700E+00  0.20000E-01
110.80  0.63100E+00  0.21000E-01
119.20  0.58300E+00  0.19000E-01
131.00  0.50900E+00  0.19000E-01
139.90  0.42200E+00  0.15000E-01
150.30  0.28200E+00  0.16000E-01
160.80  0.19100E+00  0.36000E-01
170.40  0.71000E-01  0.83000E-01
-------------------------------------------------------------------
E =  826.0 MeV, E_lo =  813.5 MeV, E_hi =  838.5 MeV
Systematic = 0.05, Preliminary = 0, GRAAL_2005_Bartalini_EPJA26-399
 44.80  0.63300E+00  0.30000E-01
 52.80  0.66000E+00  0.22000E-01
 61.70  0.68500E+00  0.22000E-01
 70.40  0.69100E+00  0.19000E-01
 78.60  0.66800E+00  0.19000E-01
 86.30  0.66400E+00  0.23000E-01
 94.00  0.63600E+00  0.19000E-01
102.20  0.59100E+00  0.18000E-01
110.80  0.52700E+00  0.16000E-01
119.20  0.49300E+00  0.18000E-01
131.00  0.42600E+00  0.16000E-01
140.00  0.37000E+00  0.14000E-01
150.40  0.28400E+00  0.15000E-01
160.80  0.22700E+00  0.19000E-01
170.40 -0.52000E-01  0.60000E-01
-------------------------------------------------------------------
E =  862.0 MeV, E_lo =  844.0 MeV, E_hi =  880.0 MeV
Systematic = 0.05, Preliminary = 0, GRAAL_2005_Bartalini_EPJA26-399
 44.80  0.59300E+00  0.29000E-01
 52.80  0.55900E+00  0.28000E-01
 61.80  0.56100E+00  0.23000E-01
 70.40  0.60300E+00  0.18000E-01
 78.60  0.59300E+00  0.19000E-01
 86.30  0.57500E+00  0.20000E-01
 94.00  0.53100E+00  0.18000E-01
102.20  0.50200E+00  0.16000E-01
110.80  0.43000E+00  0.16000E-01
119.20  0.39300E+00  0.17000E-01
130.90  0.36200E+00  0.15000E-01
140.00  0.33400E+00  0.14000E-01
150.40  0.27400E+00  0.14000E-01
160.80  0.15200E+00  0.18000E-01
170.40  0.20000E-01  0.59000E-01
-------------------------------------------------------------------
E =  895.0 MeV, E_lo =  878.5 MeV, E_hi =  911.5 MeV
Systematic = 0.05, Preliminary = 0, GRAAL_2005_Bartalini_EPJA26-399
 44.80  0.51500E+00  0.34000E-01
 52.70  0.48100E+00  0.21000E-01
 61.70  0.49000E+00  0.18000E-01
 70.40  0.49700E+00  0.17000E-01
 78.60  0.46800E+00  0.18000E-01
 86.30  0.46000E+00  0.16000E-01
 94.00  0.41500E+00  0.15000E-01
102.30  0.37100E+00  0.15000E-01
110.90  0.30200E+00  0.17000E-01
119.30  0.28700E+00  0.16000E-01
130.90  0.28100E+00  0.14000E-01
140.00  0.29400E+00  0.13000E-01
150.40  0.28500E+00  0.14000E-01
160.70  0.18500E+00  0.19000E-01
170.10  0.46000E-01  0.81000E-01
-------------------------------------------------------------------
E =  929.0 MeV, E_lo =  912.0 MeV, E_hi =  946.0 MeV
Systematic = 0.05, Preliminary = 0, GRAAL_2005_Bartalini_EPJA26-399
 44.70  0.60500E+00  0.28000E-01
 52.60  0.56700E+00  0.20000E-01
 61.70  0.47400E+00  0.19000E-01
 70.40  0.40300E+00  0.17000E-01
 78.60  0.35000E+00  0.18000E-01
 86.30  0.30300E+00  0.17000E-01
 94.10  0.22300E+00  0.18000E-01
102.30  0.15300E+00  0.14000E-01
110.90  0.11000E+00  0.13000E-01
119.40  0.10500E+00  0.15000E-01
130.80  0.16800E+00  0.15000E-01
140.00  0.22900E+00  0.12000E-01
150.40  0.26700E+00  0.13000E-01
160.70  0.20300E+00  0.18000E-01
170.10  0.13500E+00  0.74000E-01
-------------------------------------------------------------------
E =  961.0 MeV, E_lo =  945.0 MeV, E_hi =  977.0 MeV
Systematic = 0.05, Preliminary = 0, GRAAL_2005_Bartalini_EPJA26-399
 44.80  0.76700E+00  0.27000E-01
 52.50  0.68800E+00  0.21000E-01
 61.50  0.56200E+00  0.19000E-01
 70.30  0.40100E+00  0.17000E-01
 78.60  0.24400E+00  0.16000E-01
 86.40  0.11900E+00  0.15000E-01
 94.10 -0.30000E-02  0.14000E-01
102.30 -0.79000E-01  0.14000E-01
110.90 -0.12700E+00  0.13000E-01
119.50 -0.81000E-01  0.14000E-01
130.80  0.25000E-01  0.12000E-01
140.00  0.13100E+00  0.11000E-01
150.30  0.21700E+00  0.13000E-01
160.60  0.19300E+00  0.17000E-01
170.20  0.83000E-01  0.57000E-01
-------------------------------------------------------------------
E =  992.0 MeV, E_lo =  976.5 MeV, E_hi = 1007.5 MeV
Systematic = 0.05, Preliminary = 0, GRAAL_2005_Bartalini_EPJA26-399
 44.80  0.81500E+00  0.27000E-01
 52.50  0.78500E+00  0.22000E-01
 61.50  0.67200E+00  0.21000E-01
 70.30  0.43500E+00  0.16000E-01
 78.60  0.23800E+00  0.17000E-01
 86.30  0.13000E-01  0.14000E-01
 94.10 -0.16900E+00  0.14000E-01
102.40 -0.29400E+00  0.15000E-01
111.00 -0.30500E+00  0.14000E-01
119.60 -0.27700E+00  0.15000E-01
130.70 -0.11000E+00  0.14000E-01
140.00  0.34000E-01  0.11000E-01
150.30  0.14000E+00  0.12000E-01
160.60  0.16900E+00  0.16000E-01
170.00  0.29000E-01  0.59000E-01
-------------------------------------------------------------------
E = 1023.0 MeV, E_lo = 1007.5 MeV, E_hi = 1038.5 MeV
Systematic = 0.05, Preliminary = 0, GRAAL_2005_Bartalini_EPJA26-399
 44.90  0.88100E+00  0.24000E-01
 52.50  0.82300E+00  0.22000E-01
 61.50  0.70100E+00  0.23000E-01
 70.20  0.51100E+00  0.17000E-01
 78.50  0.23100E+00  0.15000E-01
 86.30 -0.76000E-01  0.15000E-01
 94.10 -0.32900E+00  0.15000E-01
102.40 -0.46000E+00  0.17000E-01
111.00 -0.47000E+00  0.15000E-01
119.70 -0.38800E+00  0.16000E-01
130.70 -0.23700E+00  0.13000E-01
140.00 -0.97000E-01  0.12000E-01
150.30  0.39000E-01  0.11000E-01
160.60  0.75000E-01  0.18000E-01
169.80  0.98000E-01  0.72000E-01
-------------------------------------------------------------------
E = 1054.0 MeV, E_lo = 1038.5 MeV, E_hi = 1069.5 MeV
Systematic = 0.05, Preliminary = 0, GRAAL_2005_Bartalini_EPJA26-399
 44.90  0.84300E+00  0.24000E-01
 52.50  0.80500E+00  0.22000E-01
 61.50  0.72000E+00  0.23000E-01
 70.20  0.53500E+00  0.20000E-01
 78.50  0.22800E+00  0.19000E-01
 86.30 -0.14300E+00  0.16000E-01
 94.10 -0.43300E+00  0.17000E-01
102.40 -0.57500E+00  0.18000E-01
111.00 -0.58100E+00  0.18000E-01
119.90 -0.48600E+00  0.20000E-01
130.60 -0.31000E+00  0.15000E-01
140.00 -0.18100E+00  0.13000E-01
150.40 -0.68000E-01  0.13000E-01
160.70 -0.40000E-02  0.15000E-01
169.90 -0.30000E-02  0.54000E-01
-------------------------------------------------------------------
E = 1085.0 MeV, E_lo = 1069.5 MeV, E_hi = 1100.5 MeV
Systematic = 0.05, Preliminary = 0, GRAAL_2005_Bartalini_EPJA26-399
 45.00  0.84400E+00  0.29000E-01
 52.50  0.80600E+00  0.23000E-01
 61.50  0.69800E+00  0.19000E-01
 70.20  0.52200E+00  0.20000E-01
 78.40  0.22100E+00  0.19000E-01
 86.20 -0.13800E+00  0.17000E-01
 94.10 -0.52200E+00  0.22000E-01
102.40 -0.66700E+00  0.19000E-01
111.00 -0.65000E+00  0.19000E-01
119.90 -0.51500E+00  0.21000E-01
130.70 -0.36000E+00  0.15000E-01
140.00 -0.29400E+00  0.16000E-01
150.40 -0.14500E+00  0.13000E-01
160.80 -0.86000E-01  0.16000E-01
169.80 -0.58000E-01  0.53000E-01
-------------------------------------------------------------------
E = 1114.0 MeV, E_lo = 1099.5 MeV, E_hi = 1028.5 MeV
Systematic = 0.05, Preliminary = 0, GRAAL_2005_Bartalini_EPJA26-399
 45.00  0.89400E+00  0.36000E-01
 52.70  0.76500E+00  0.25000E-01
 61.50  0.71200E+00  0.23000E-01
 70.10  0.51600E+00  0.22000E-01
 78.40  0.20200E+00  0.23000E-01
 86.20 -0.19200E+00  0.24000E-01
 94.00 -0.52300E+00  0.25000E-01
102.30 -0.68400E+00  0.31000E-01
110.90 -0.66700E+00  0.23000E-01
119.60 -0.55200E+00  0.27000E-01
130.90 -0.36200E+00  0.19000E-01
140.00 -0.26000E+00  0.16000E-01
150.40 -0.17800E+00  0.16000E-01
160.90 -0.95000E-01  0.25000E-01
169.80 -0.11700E+00  0.79000E-01
-------------------------------------------------------------------
E = 1144.0 MeV, E_lo = 1129.0 MeV, E_hi = 1159.0 MeV
Systematic = 0.05, Preliminary = 0, GRAAL_2005_Bartalini_EPJA26-399
 45.00  0.81000E+00  0.41000E-01
 52.70  0.81000E+00  0.26000E-01
 61.50  0.65900E+00  0.24000E-01
 70.10  0.53100E+00  0.25000E-01
 78.40  0.24900E+00  0.25000E-01
 86.20 -0.16500E+00  0.29000E-01
 94.00 -0.51000E+00  0.27000E-01
102.40 -0.70600E+00  0.29000E-01
110.90 -0.65200E+00  0.25000E-01
119.70 -0.55600E+00  0.31000E-01
130.90 -0.32000E+00  0.23000E-01
140.10 -0.22100E+00  0.16000E-01
150.60 -0.16000E+00  0.18000E-01
161.00 -0.89000E-01  0.23000E-01
169.80 -0.55000E-01  0.80000E-01
-------------------------------------------------------------------
E = 1175.0 MeV, E_lo = 1159.5 MeV, E_hi = 1090.5 MeV
Systematic = 0.05, Preliminary = 0, GRAAL_2005_Bartalini_EPJA26-399
 45.10  0.88600E+00  0.42000E-01
 52.70  0.78300E+00  0.31000E-01
 61.60  0.70000E+00  0.26000E-01
 70.20  0.54400E+00  0.27000E-01
 78.40  0.29900E+00  0.33000E-01
 86.10 -0.10200E+00  0.41000E-01
 94.00 -0.40600E+00  0.28000E-01
102.30 -0.69300E+00  0.28000E-01
110.90 -0.64900E+00  0.27000E-01
119.90 -0.47700E+00  0.36000E-01
130.90 -0.25200E+00  0.22000E-01
140.10 -0.14300E+00  0.16000E-01
150.60 -0.63000E-01  0.17000E-01
160.90 -0.12000E-01  0.24000E-01
169.80  0.10000E+00  0.79000E-01
-------------------------------------------------------------------
E = 1202.0 MeV, E_lo = 1188.5 MeV, E_hi = 1215.5 MeV
Systematic = 0.05, Preliminary = 0, GRAAL_2005_Bartalini_EPJA26-399
 45.10  0.83200E+00  0.45000E-01
 52.80  0.79700E+00  0.30000E-01
 61.60  0.72300E+00  0.27000E-01
 70.30  0.57200E+00  0.27000E-01
 78.40  0.35600E+00  0.27000E-01
 86.20  0.29000E-01  0.28000E-01
 94.00 -0.34800E+00  0.29000E-01
102.30 -0.61400E+00  0.28000E-01
110.80 -0.61700E+00  0.27000E-01
120.00 -0.50300E+00  0.36000E-01
130.90 -0.14700E+00  0.20000E-01
140.10 -0.24000E-01  0.16000E-01
150.60 -0.50000E-02  0.18000E-01
161.00  0.16000E-01  0.21000E-01
169.70 -0.64000E-01  0.97000E-01
-------------------------------------------------------------------
E = 1232.0 MeV, E_lo = 1217.0 MeV, E_hi = 1247.0 MeV
Systematic = 0.05, Preliminary = 0, GRAAL_2005_Bartalini_EPJA26-399
 45.20  0.83900E+00  0.48000E-01
 52.80  0.88100E+00  0.32000E-01
 61.60  0.72500E+00  0.29000E-01
 70.20  0.53200E+00  0.27000E-01
 78.50  0.44600E+00  0.27000E-01
 86.20  0.10600E+00  0.30000E-01
 94.00 -0.19700E+00  0.41000E-01
102.30 -0.48000E+00  0.41000E-01
110.90 -0.51500E+00  0.27000E-01
120.40 -0.38300E+00  0.33000E-01
130.90 -0.32000E-01  0.18000E-01
140.20  0.63000E-01  0.16000E-01
150.70  0.93000E-01  0.17000E-01
161.00  0.58000E-01  0.20000E-01
169.70 -0.47000E-01  0.78000E-01
-------------------------------------------------------------------
E = 1261.0 MeV, E_lo = 1246.5 MeV, E_hi = 1275.5 MeV
Systematic = 0.05, Preliminary = 0, GRAAL_2005_Bartalini_EPJA26-399
 45.20  0.87800E+00  0.49000E-01
 52.60  0.85800E+00  0.31000E-01
 61.60  0.72100E+00  0.31000E-01
 70.20  0.57600E+00  0.28000E-01
 78.50  0.39000E+00  0.28000E-01
 86.20  0.19100E+00  0.30000E-01
 93.90 -0.10600E+00  0.28000E-01
102.30 -0.41100E+00  0.29000E-01
110.90 -0.40400E+00  0.28000E-01
120.50 -0.24300E+00  0.35000E-01
130.90  0.45000E-01  0.18000E-01
140.20  0.18100E+00  0.15000E-01
150.70  0.17200E+00  0.16000E-01
161.00  0.10600E+00  0.23000E-01
169.70  0.53000E-01  0.64000E-01
-------------------------------------------------------------------
E = 1288.0 MeV, E_lo = 1274.5 MeV, E_hi = 1301.5 MeV
Systematic = 0.05, Preliminary = 0, GRAAL_2005_Bartalini_EPJA26-399
 45.20  0.96500E+00  0.51000E-01
 52.60  0.88600E+00  0.37000E-01
 61.70  0.76100E+00  0.30000E-01
 70.40  0.61900E+00  0.28000E-01
 78.50  0.48100E+00  0.28000E-01
 86.20  0.25700E+00  0.31000E-01
 94.00 -0.26000E-01  0.32000E-01
102.20 -0.27700E+00  0.28000E-01
110.80 -0.31400E+00  0.31000E-01
120.80 -0.22000E+00  0.34000E-01
130.90  0.14400E+00  0.18000E-01
140.30  0.26700E+00  0.18000E-01
150.70  0.25300E+00  0.17000E-01
161.00  0.12400E+00  0.19000E-01
169.70 -0.58000E-01  0.59000E-01
-------------------------------------------------------------------
E = 1317.0 MeV, E_lo = 1302.5 MeV, E_hi = 1331.5 MeV
Systematic = 0.05, Preliminary = 0, GRAAL_2005_Bartalini_EPJA26-399
 45.30  0.94900E+00  0.56000E-01
 52.70  0.86500E+00  0.35000E-01
 61.60  0.79000E+00  0.32000E-01
 70.40  0.62200E+00  0.30000E-01
 78.60  0.47700E+00  0.29000E-01
 86.30  0.28200E+00  0.29000E-01
 94.00  0.10100E+00  0.28000E-01
102.10 -0.15400E+00  0.28000E-01
110.80 -0.19000E+00  0.33000E-01
120.80 -0.24000E-01  0.41000E-01
130.90  0.21800E+00  0.18000E-01
140.30  0.30400E+00  0.16000E-01
150.70  0.28100E+00  0.18000E-01
161.00  0.17800E+00  0.22000E-01
169.70  0.31000E-01  0.70000E-01
-------------------------------------------------------------------
E = 1344.0 MeV, E_lo = 1331.5 MeV, E_hi = 1357.5 MeV
Systematic = 0.05, Preliminary = 0, GRAAL_2005_Bartalini_EPJA26-399
 45.10  0.99000E+00  0.69000E-01
 52.70  0.86400E+00  0.39000E-01
 61.60  0.75200E+00  0.44000E-01
 70.40  0.59300E+00  0.34000E-01
 78.60  0.50200E+00  0.30000E-01
 86.20  0.33800E+00  0.28000E-01
 94.00  0.17500E+00  0.27000E-01
102.20 -0.13000E-01  0.27000E-01
110.80 -0.17800E+00  0.28000E-01
121.00  0.17000E-01  0.35000E-01
130.90  0.31600E+00  0.18000E-01
140.30  0.39400E+00  0.16000E-01
150.70  0.33300E+00  0.20000E-01
160.90  0.18700E+00  0.18000E-01
169.80  0.93000E-01  0.57000E-01
-------------------------------------------------------------------
E = 1371.0 MeV, E_lo = 1357.5 MeV, E_hi = 1384.5 MeV
Systematic = 0.05, Preliminary = 0, GRAAL_2005_Bartalini_EPJA26-399
 52.50  0.84600E+00  0.35000E-01
 61.70  0.72200E+00  0.35000E-01
 70.50  0.56800E+00  0.32000E-01
 78.70  0.49500E+00  0.29000E-01
 86.30  0.44000E+00  0.34000E-01
 94.00  0.26300E+00  0.32000E-01
102.10  0.25000E-01  0.27000E-01
110.60 -0.60000E-01  0.29000E-01
121.10  0.11500E+00  0.35000E-01
130.90  0.38600E+00  0.19000E-01
140.30  0.44400E+00  0.18000E-01
150.80  0.38200E+00  0.18000E-01
161.00  0.21100E+00  0.19000E-01
169.70  0.18000E-01  0.56000E-01
-------------------------------------------------------------------
E = 1398.0 MeV, E_lo = 1384.5 MeV, E_hi = 1411.5 MeV
Systematic = 0.05, Preliminary = 0, GRAAL_2005_Bartalini_EPJA26-399
 52.60  0.89400E+00  0.46000E-01
 61.60  0.72200E+00  0.39000E-01
 70.60  0.61500E+00  0.32000E-01
 78.80  0.49800E+00  0.30000E-01
 86.30  0.40900E+00  0.29000E-01
 94.00  0.28400E+00  0.26000E-01
102.10  0.15500E+00  0.29000E-01
110.70  0.28000E-01  0.31000E-01
121.30  0.13800E+00  0.35000E-01
130.90  0.41800E+00  0.21000E-01
140.40  0.47300E+00  0.20000E-01
150.70  0.42300E+00  0.19000E-01
161.00  0.24100E+00  0.20000E-01
169.70  0.72000E-01  0.53000E-01
-------------------------------------------------------------------
E = 1425.0 MeV, E_lo = 1411.5 MeV, E_hi = 1438.5 MeV
Systematic = 0.05, Preliminary = 0, GRAAL_2005_Bartalini_EPJA26-399
 52.40  0.91800E+00  0.39000E-01
 61.70  0.63300E+00  0.38000E-01
 70.60  0.57800E+00  0.34000E-01
 78.70  0.47500E+00  0.34000E-01
 86.30  0.46000E+00  0.31000E-01
 94.00  0.40500E+00  0.32000E-01
102.20  0.24300E+00  0.26000E-01
110.60  0.10600E+00  0.29000E-01
121.50  0.17900E+00  0.44000E-01
130.90  0.41800E+00  0.19000E-01
140.40  0.51600E+00  0.20000E-01
150.70  0.43500E+00  0.20000E-01
160.90  0.26200E+00  0.21000E-01
169.80  0.12800E+00  0.63000E-01
-------------------------------------------------------------------
E = 1450.0 MeV, E_lo = 1437.5 MeV, E_hi = 1462.5 MeV
Systematic = 0.05, Preliminary = 0, GRAAL_2005_Bartalini_EPJA26-399
 52.40  0.74400E+00  0.48000E-01
 61.80  0.51800E+00  0.46000E-01
 70.70  0.51400E+00  0.38000E-01
 78.80  0.55200E+00  0.34000E-01
 86.30  0.48100E+00  0.31000E-01
 94.00  0.32100E+00  0.29000E-01
102.10  0.27900E+00  0.31000E-01
110.50  0.15700E+00  0.34000E-01
121.50  0.30800E+00  0.38000E-01
130.90  0.50100E+00  0.25000E-01
140.40  0.57800E+00  0.20000E-01
150.70  0.46100E+00  0.21000E-01
160.90  0.27300E+00  0.23000E-01
169.70  0.57000E-01  0.55000E-01
-------------------------------------------------------------------
E = 1475.0 MeV, E_lo = 1462.5 MeV, E_hi = 1487.5 MeV
Systematic = 0.05, Preliminary = 0, GRAAL_2005_Bartalini_EPJA26-399
 52.50  0.82900E+00  0.51000E-01
 61.60  0.52100E+00  0.75000E-01
 70.80  0.45700E+00  0.45000E-01
 78.80  0.48400E+00  0.36000E-01
 86.30  0.50800E+00  0.33000E-01
 94.00  0.46900E+00  0.31000E-01
102.00  0.36400E+00  0.33000E-01
110.50  0.24400E+00  0.37000E-01
121.50  0.23100E+00  0.44000E-01
130.90  0.52000E+00  0.23000E-01
140.40  0.60600E+00  0.21000E-01
150.80  0.50500E+00  0.22000E-01
160.90  0.32300E+00  0.25000E-01
169.70  0.23000E-01  0.77000E-01
-------------------------------------------------------------------
