E =  240.000 MeV, E_lo =  235.000 MeV, E_hi =  245.000 MeV
Systematic = 0.041, Preliminary = 0, TAPSA2_2001_Leukel
 10.7  0.077 0.174
 20.9  0.273 0.111
 30.3  0.252 0.086
 39.8  0.237 0.086
 49.5  0.251 0.088
 60.5  0.469 0.081
 70.1  0.292 0.081
 80.4  0.368 0.081
 90.2  0.369 0.065
100.0  0.457 0.057
110.1  0.353 0.050
120.1  0.320 0.048
129.8  0.204 0.053
139.7  0.260 0.060
149.8  0.253 0.073
160.4  0.062 0.072
169.4 -0.067 0.081
----------------------------------------------------------
E =  250.000 MeV, E_lo =  245.000 MeV, E_hi =  255.000 MeV
Systematic = 0.041, Preliminary = 0, TAPSA2_2001_Leukel
 11.0  0.049 0.099
 20.6 -0.085 0.081
 30.3  0.286 0.058
 39.7  0.368 0.055
 49.5  0.376 0.061
 60.5  0.475 0.060
 70.2  0.331 0.050
 80.2  0.348 0.045
 90.2  0.394 0.037
100.0  0.428 0.035
109.9  0.340 0.033
120.1  0.292 0.032
129.9  0.221 0.035
139.8  0.265 0.039
149.7  0.167 0.048
160.3  0.112 0.049
169.4  0.073 0.056
----------------------------------------------------------
E =  260.000 MeV, E_lo =  255.000 MeV, E_hi =  265.000 MeV
Systematic = 0.041, Preliminary = 0, TAPSA2_2001_Leukel
 10.8  0.100 0.081
 20.6  0.234 0.062
 30.3  0.299 0.046
 39.7  0.352 0.043
 49.3  0.380 0.054
 60.6  0.364 0.053
 70.5  0.389 0.040
 80.3  0.398 0.033
 90.1  0.364 0.028
 99.9  0.328 0.028
110.0  0.338 0.029
120.0  0.403 0.028
129.8  0.338 0.030
139.8  0.270 0.034
149.7  0.195 0.043
160.3  0.196 0.046
169.4  0.149 0.048
----------------------------------------------------------
E =  270.000 MeV, E_lo =  265.000 MeV, E_hi =  275.000 MeV
Systematic = 0.041, Preliminary = 0, TAPSA2_2001_Leukel
 10.9 -0.092 0.060
 20.4  0.198 0.048
 30.3  0.285 0.037
 39.8  0.351 0.035
 49.3  0.490 0.043
 60.7  0.494 0.044
 70.6  0.401 0.030
 80.3  0.448 0.023
 90.1  0.453 0.021
 99.7  0.361 0.021
109.9  0.423 0.023
120.1  0.368 0.024
129.9  0.334 0.025
139.7  0.264 0.028
149.6  0.249 0.035
160.2  0.180 0.040
169.5  0.036 0.041
----------------------------------------------------------
E =  280.000 MeV, E_lo =  275.000 MeV, E_hi =  285.000 MeV
Systematic = 0.041, Preliminary = 0, TAPSA2_2001_Leukel
 10.8  0.077 0.044
 20.5  0.155 0.037
 30.1  0.269 0.029
 39.8  0.348 0.027
 49.3  0.400 0.034
 60.6  0.448 0.036
 70.9  0.471 0.022
 80.3  0.460 0.018
 90.0  0.457 0.016
 99.8  0.439 0.016
109.7  0.417 0.019
120.1  0.405 0.020
130.0  0.378 0.020
139.7  0.286 0.023
149.6  0.252 0.029
160.3  0.115 0.034
169.6  0.003 0.034
----------------------------------------------------------
E =  290.000 MeV, E_lo =  285.000 MeV, E_hi =  295.000 MeV
Systematic = 0.041, Preliminary = 0, TAPSA2_2001_Leukel
 10.8  0.105 0.035
 20.3  0.175 0.029
 30.1  0.318 0.024
 39.7  0.332 0.022
 49.2  0.428 0.027
 60.7  0.432 0.029
 70.8  0.463 0.018
 80.2  0.443 0.014
 90.1  0.436 0.013
 99.7  0.434 0.013
109.6  0.436 0.016
120.1  0.390 0.018
130.1  0.347 0.017
139.6  0.364 0.019
149.6  0.298 0.025
160.3  0.159 0.031
169.6 -0.029 0.030
----------------------------------------------------------
E =  300.000 MeV, E_lo =  295.000 MeV, E_hi =  305.000 MeV
Systematic = 0.041, Preliminary = 0, TAPSA2_2001_Leukel
 10.6  0.011 0.046
 20.3  0.130 0.039
 30.1  0.261 0.033
 39.8  0.371 0.030
 49.3  0.470 0.037
 60.6  0.596 0.042
 70.8  0.477 0.025
 80.3  0.505 0.019
 90.1  0.500 0.017
 99.7  0.458 0.018
109.5  0.495 0.023
120.0  0.417 0.026
130.1  0.477 0.025
139.6  0.340 0.028
149.6  0.304 0.037
160.1  0.113 0.046
169.6  0.036 0.045
----------------------------------------------------------
E =  310.000 MeV, E_lo =  305.000 MeV, E_hi =  315.000 MeV
Systematic = 0.041, Preliminary = 0, TAPSA2_2001_Leukel
 10.7  0.030 0.032
 20.3  0.162 0.027
 30.1  0.283 0.023
 39.9  0.345 0.021
 49.3  0.437 0.025
 60.5  0.497 0.028
 70.8  0.490 0.017
 80.3  0.516 0.013
 90.1  0.518 0.012
 99.6  0.514 0.013
109.4  0.522 0.017
120.0  0.426 0.020
130.2  0.440 0.018
139.5  0.354 0.021
149.5  0.284 0.029
160.2  0.206 0.037
169.7  0.051 0.034
----------------------------------------------------------
E =  320.000 MeV, E_lo =  315.000 MeV, E_hi =  325.000 MeV
Systematic = 0.041, Preliminary = 0, TAPSA2_2001_Leukel
 10.7  0.003 0.029
 20.3  0.188 0.026
 30.0  0.278 0.022
 39.8  0.337 0.020
 49.4  0.450 0.023
 60.5  0.507 0.026
 70.8  0.503 0.016
 80.3  0.535 0.012
 90.1  0.534 0.011
 99.6  0.507 0.012
109.3  0.523 0.016
120.0  0.527 0.021
130.2  0.466 0.018
139.5  0.380 0.020
149.4  0.294 0.029
160.2  0.238 0.040
169.8  0.083 0.035
----------------------------------------------------------
E =  330.000 MeV, E_lo =  325.000 MeV, E_hi =  335.000 MeV
Systematic = 0.041, Preliminary = 0, TAPSA2_2001_Leukel
 10.7  0.086 0.026
 20.3  0.146 0.023
 30.1  0.297 0.019
 39.9  0.319 0.018
 49.4  0.401 0.020
 60.4  0.519 0.022
 70.7  0.515 0.014
 80.3  0.524 0.011
 90.0  0.558 0.010
 99.6  0.544 0.011
109.3  0.546 0.015
119.9  0.495 0.019
130.2  0.459 0.017
139.5  0.458 0.018
149.3  0.348 0.028
160.3  0.241 0.039
169.8  0.090 0.034
----------------------------------------------------------
E =  340.000 MeV, E_lo =  335.000 MeV, E_hi =  345.000 MeV
Systematic = 0.041, Preliminary = 0, TAPSA2_2001_Leukel
 10.8  0.088 0.025
 20.4  0.160 0.021
 30.1  0.275 0.018
 39.9  0.341 0.017
 49.4  0.421 0.019
 60.5  0.441 0.020
 70.7  0.505 0.013
 80.3  0.541 0.010
 90.0  0.556 0.009
 99.6  0.574 0.010
109.3  0.559 0.013
119.9  0.525 0.019
130.3  0.501 0.016
139.5  0.432 0.017
149.3  0.421 0.027
160.2  0.192 0.039
169.8  0.022 0.033
----------------------------------------------------------
E =  350.000 MeV, E_lo =  345.000 MeV, E_hi =  355.000 MeV
Systematic = 0.041, Preliminary = 0, TAPSA2_2001_Leukel
 10.8  0.043 0.026
 20.3  0.159 0.022
 30.1  0.310 0.018
 39.8  0.370 0.017
 49.4  0.406 0.020
 60.7  0.505 0.020
 70.7  0.526 0.013
 80.3  0.548 0.010
 90.0  0.559 0.009
 99.6  0.579 0.010
109.3  0.581 0.014
119.8  0.577 0.019
130.3  0.558 0.017
139.5  0.461 0.018
149.1  0.425 0.029
160.3  0.241 0.043
169.8  0.073 0.035
----------------------------------------------------------
E =  360.000 MeV, E_lo =  355.000 MeV, E_hi =  365.000 MeV
Systematic = 0.041, Preliminary = 0, TAPSA2_2001_Leukel
 11.0 -0.002 0.044
 20.4  0.056 0.036
 30.1  0.274 0.029
 39.8  0.389 0.027
 49.3  0.411 0.032
 60.8  0.479 0.032
 70.6  0.558 0.021
 80.3  0.588 0.017
 90.1  0.575 0.015
 99.6  0.589 0.017
109.3  0.590 0.023
119.6  0.555 0.033
130.3  0.503 0.029
139.5  0.491 0.030
149.0  0.343 0.049
160.3  0.164 0.072
169.8  0.102 0.060
----------------------------------------------------------
E =  370.000 MeV, E_lo =  365.000 MeV, E_hi =  375.000 MeV
Systematic = 0.041, Preliminary = 0, TAPSA2_2001_Leukel
 11.0  0.075 0.057
 20.4  0.119 0.046
 30.0  0.246 0.037
 39.7  0.324 0.034
 49.3  0.504 0.042
 60.9  0.617 0.041
 70.6  0.537 0.027
 80.3  0.561 0.022
 90.1  0.593 0.019
 99.6  0.606 0.021
109.3  0.598 0.029
119.6  0.590 0.041
130.4  0.543 0.037
139.5  0.500 0.039
148.9  0.563 0.066
160.4  0.229 0.096
169.8  0.116 0.084
----------------------------------------------------------
E =  380.000 MeV, E_lo =  375.000 MeV, E_hi =  385.000 MeV
Systematic = 0.041, Preliminary = 0, TAPSA2_2001_Leukel
 11.1  0.116 0.056
 20.4  0.132 0.043
 30.1  0.292 0.034
 39.7  0.350 0.032
 49.3  0.432 0.039
 60.9  0.503 0.038
 70.5  0.557 0.026
 80.3  0.624 0.021
 90.1  0.636 0.018
 99.6  0.661 0.020
109.2  0.604 0.027
119.6  0.628 0.039
130.3  0.559 0.037
139.5  0.537 0.038
149.0  0.642 0.060
160.4  0.424 0.103
169.8  0.180 0.087
----------------------------------------------------------
E =  390.000 MeV, E_lo =  385.000 MeV, E_hi =  395.000 MeV
Systematic = 0.041, Preliminary = 0, TAPSA2_2001_Leukel
 11.2  0.138 0.117
 20.5  0.008 0.088
 30.2  0.214 0.068
 39.7  0.322 0.064
 49.2  0.403 0.080
 60.8  0.510 0.079
 70.5  0.485 0.052
 80.4  0.579 0.042
 90.1  0.570 0.038
 99.6  0.615 0.041
109.3  0.612 0.053
119.5  0.687 0.076
130.3  0.650 0.074
139.5  0.595 0.077
148.9  0.676 0.127
160.3 -0.277 0.204
169.7  0.263 0.180
----------------------------------------------------------
E =  400.000 MeV, E_lo =  395.000 MeV, E_hi =  405.000 MeV
Systematic = 0.041, Preliminary = 0, TAPSA2_2001_Leukel
 11.3  0.244 0.115
 20.5  0.271 0.082
 30.1  0.238 0.064
 39.7  0.306 0.061
 49.3  0.468 0.075
 61.0  0.436 0.075
 70.5  0.598 0.051
 80.4  0.553 0.041
 90.1  0.592 0.036
 99.6  0.635 0.039
109.3  0.600 0.050
119.4  0.588 0.072
130.3  0.705 0.072
139.6  0.647 0.074
148.9  0.317 0.123
160.2  0.258 0.206
169.8  0.159 0.176
----------------------------------------------------------
E =  410.000 MeV, E_lo =  405.000 MeV, E_hi =  415.000 MeV
Systematic = 0.041, Preliminary = 0, TAPSA2_2001_Leukel
 11.3 -0.013 0.099
 20.5  0.356 0.071
 30.1  0.198 0.054
 39.6  0.303 0.051
 49.2  0.393 0.065
 61.0  0.484 0.064
 70.4  0.589 0.044
 80.5  0.593 0.035
 90.2  0.584 0.030
 99.6  0.664 0.032
109.3  0.650 0.042
119.4  0.632 0.060
130.2  0.602 0.062
139.6  0.502 0.064
148.8  0.429 0.104
160.3  0.518 0.172
169.8  0.299 0.157
----------------------------------------------------------
E =  420.000 MeV, E_lo =  415.000 MeV, E_hi =  425.000 MeV
Systematic = 0.041, Preliminary = 0, TAPSA2_2001_Leukel
 11.4  0.078 0.107
 20.5  0.207 0.076
 30.2  0.252 0.056
 39.6  0.257 0.055
 49.2  0.494 0.070
 61.0  0.379 0.069
 70.4  0.508 0.050
 80.4  0.534 0.039
 90.2  0.591 0.033
 99.6  0.598 0.034
109.3  0.629 0.044
119.5  0.691 0.063
130.2  0.612 0.066
139.4  0.486 0.072
148.8  0.639 0.110
159.9  0.468 0.205
169.7  0.224 0.184
----------------------------------------------------------
E =  430.000 MeV, E_lo =  425.000 MeV, E_hi =  435.000 MeV
Systematic = 0.041, Preliminary = 0, TAPSA2_2001_Leukel
 11.6 -0.022 0.110
 20.6  0.170 0.073
 30.2  0.181 0.054
 39.6  0.385 0.052
 49.2  0.388 0.066
 60.9  0.482 0.068
 70.4  0.442 0.049
 80.4  0.561 0.038
 90.3  0.555 0.032
 99.6  0.684 0.033
109.3  0.602 0.042
119.4  0.721 0.058
130.2  0.701 0.063
139.6  0.575 0.067
148.8  0.540 0.108
160.1  0.466 0.204
169.7  0.047 0.195
----------------------------------------------------------
E =  440.000 MeV, E_lo =  435.000 MeV, E_hi =  445.000 MeV
Systematic = 0.041, Preliminary = 0, TAPSA2_2001_Leukel
 11.3 -0.230 0.101
 20.7  0.033 0.064
 30.2  0.174 0.047
 39.6  0.260 0.046
 49.3  0.317 0.060
 60.9  0.466 0.061
 70.4  0.527 0.044
 80.4  0.572 0.034
 90.3  0.551 0.028
 99.6  0.602 0.029
109.4  0.597 0.037
119.4  0.657 0.050
130.2  0.642 0.057
139.6  0.637 0.061
149.0  0.739 0.103
159.8  0.692 0.185
169.9  0.237 0.199
----------------------------------------------------------
