   W         E1+(p)
 (MeV)     Re      Im
 1487.0   0.001  -0.002
 1488.0   0.001  -0.003
 1489.0   0.001  -0.004
 1490.0   0.002  -0.004
 1491.0   0.002  -0.005
 1492.0   0.002  -0.006
 1493.0   0.003  -0.006
 1494.0   0.003  -0.007
 1495.0   0.003  -0.007
 1496.0   0.003  -0.008
 1497.0   0.004  -0.008
 1498.0   0.004  -0.008
 1499.0   0.004  -0.009
 1500.0   0.004  -0.009
 1501.0   0.005  -0.010
 1502.0   0.005  -0.010
 1503.0   0.005  -0.011
 1504.0   0.005  -0.011
 1505.0   0.006  -0.011
 1506.0   0.006  -0.012
 1507.0   0.006  -0.012
 1508.0   0.006  -0.013
 1509.0   0.007  -0.013
 1510.0   0.007  -0.013
 1511.0   0.007  -0.014
 1512.0   0.008  -0.014
 1513.0   0.008  -0.015
 1514.0   0.008  -0.015
 1515.0   0.009  -0.015
 1516.0   0.009  -0.016
 1517.0   0.009  -0.016
 1518.0   0.010  -0.017
 1519.0   0.010  -0.017
 1520.0   0.010  -0.017
 1521.0   0.011  -0.018
 1522.0   0.011  -0.018
 1523.0   0.012  -0.018
 1524.0   0.012  -0.019
 1525.0   0.012  -0.019
 1526.0   0.013  -0.020
 1527.0   0.013  -0.020
 1528.0   0.014  -0.020
 1529.0   0.014  -0.021
 1530.0   0.014  -0.021
 1531.0   0.015  -0.021
 1532.0   0.015  -0.022
 1533.0   0.016  -0.022
 1534.0   0.016  -0.023
 1535.0   0.017  -0.023
 1536.0   0.017  -0.023
 1537.0   0.018  -0.024
 1538.0   0.018  -0.024
 1539.0   0.019  -0.024
 1540.0   0.019  -0.025
 1541.0   0.020  -0.025
 1542.0   0.020  -0.025
 1543.0   0.021  -0.026
 1544.0   0.021  -0.026
 1545.0   0.022  -0.026
 1546.0   0.022  -0.027
 1547.0   0.023  -0.027
 1548.0   0.023  -0.028
 1549.0   0.024  -0.028
 1550.0   0.024  -0.028
 1551.0   0.025  -0.028
 1552.0   0.026  -0.029
 1553.0   0.026  -0.029
 1554.0   0.027  -0.029
 1555.0   0.027  -0.030
 1556.0   0.028  -0.030
 1557.0   0.029  -0.030
 1558.0   0.029  -0.031
 1559.0   0.030  -0.031
 1560.0   0.031  -0.031
 1561.0   0.031  -0.031
 1562.0   0.032  -0.032
 1563.0   0.033  -0.032
 1564.0   0.033  -0.032
 1565.0   0.034  -0.033
 1566.0   0.035  -0.033
 1567.0   0.035  -0.033
 1568.0   0.036  -0.033
 1569.0   0.037  -0.034
 1570.0   0.037  -0.034
 1571.0   0.038  -0.034
 1572.0   0.039  -0.034
 1573.0   0.040  -0.034
 1574.0   0.040  -0.035
 1575.0   0.041  -0.035
 1576.0   0.042  -0.035
 1577.0   0.043  -0.035
 1578.0   0.043  -0.035
 1579.0   0.044  -0.036
 1580.0   0.045  -0.036
 1581.0   0.046  -0.036
 1582.0   0.046  -0.036
 1583.0   0.047  -0.036
 1584.0   0.048  -0.036
 1585.0   0.049  -0.036
 1586.0   0.049  -0.037
 1587.0   0.050  -0.037
 1588.0   0.051  -0.037
 1589.0   0.052  -0.037
 1590.0   0.053  -0.037
 1591.0   0.053  -0.037
 1592.0   0.054  -0.037
 1593.0   0.055  -0.037
 1594.0   0.056  -0.037
 1595.0   0.057  -0.037
 1596.0   0.058  -0.037
 1597.0   0.058  -0.037
 1598.0   0.059  -0.037
 1599.0   0.060  -0.037
 1600.0   0.061  -0.037
 1601.0   0.062  -0.037
 1602.0   0.063  -0.037
 1603.0   0.063  -0.037
 1604.0   0.064  -0.037
 1605.0   0.065  -0.037
 1606.0   0.066  -0.037
 1607.0   0.067  -0.037
 1608.0   0.068  -0.037
 1609.0   0.069  -0.037
 1610.0   0.069  -0.037
 1611.0   0.070  -0.037
 1612.0   0.071  -0.037
 1613.0   0.072  -0.037
 1614.0   0.073  -0.037
 1615.0   0.074  -0.037
 1616.0   0.074  -0.037
 1617.0   0.075  -0.036
 1618.0   0.076  -0.036
 1619.0   0.077  -0.036
 1620.0   0.078  -0.036
 1621.0   0.079  -0.036
 1622.0   0.080  -0.036
 1623.0   0.080  -0.036
 1624.0   0.081  -0.035
 1625.0   0.082  -0.035
 1626.0   0.083  -0.035
 1627.0   0.084  -0.035
 1628.0   0.085  -0.035
 1629.0   0.086  -0.034
 1630.0   0.086  -0.034
 1631.0   0.087  -0.034
 1632.0   0.088  -0.034
 1633.0   0.089  -0.033
 1634.0   0.090  -0.033
 1635.0   0.091  -0.033
 1636.0   0.091  -0.033
 1637.0   0.092  -0.032
 1638.0   0.093  -0.032
 1639.0   0.094  -0.032
 1640.0   0.095  -0.032
 1641.0   0.096  -0.031
 1642.0   0.096  -0.031
 1643.0   0.097  -0.031
 1644.0   0.098  -0.030
 1645.0   0.099  -0.030
 1646.0   0.100  -0.030
 1647.0   0.101  -0.029
 1648.0   0.101  -0.029
 1649.0   0.102  -0.029
 1650.0   0.103  -0.028
 1651.0   0.104  -0.028
 1652.0   0.105  -0.028
 1653.0   0.105  -0.027
 1654.0   0.106  -0.027
 1655.0   0.107  -0.026
 1656.0   0.108  -0.026
 1657.0   0.109  -0.026
 1658.0   0.109  -0.025
 1659.0   0.110  -0.025
 1660.0   0.111  -0.024
 1661.0   0.112  -0.024
 1662.0   0.112  -0.024
 1663.0   0.113  -0.023
 1664.0   0.114  -0.023
 1665.0   0.115  -0.022
 1666.0   0.115  -0.022
 1667.0   0.116  -0.021
 1668.0   0.117  -0.021
 1669.0   0.118  -0.020
 1670.0   0.118  -0.020
 1671.0   0.119  -0.019
 1672.0   0.120  -0.019
 1673.0   0.121  -0.018
 1674.0   0.121  -0.018
 1675.0   0.122  -0.017
 1676.0   0.123  -0.017
 1677.0   0.124  -0.016
 1678.0   0.124  -0.016
 1679.0   0.125  -0.015
 1680.0   0.126  -0.015
 1681.0   0.126  -0.014
 1682.0   0.127  -0.014
 1683.0   0.128  -0.013
 1684.0   0.128  -0.013
 1685.0   0.129  -0.012
 1686.0   0.130  -0.012
 1687.0   0.130  -0.011
 1688.0   0.131  -0.010
 1689.0   0.132  -0.010
 1690.0   0.132  -0.009
 1691.0   0.133  -0.009
 1692.0   0.134  -0.008
 1693.0   0.134  -0.008
 1694.0   0.135  -0.007
 1695.0   0.136  -0.006
 1696.0   0.136  -0.006
 1697.0   0.137  -0.005
 1698.0   0.138  -0.005
 1699.0   0.138  -0.004
 1700.0   0.139  -0.003
 1701.0   0.139  -0.003
 1702.0   0.140  -0.002
 1703.0   0.141  -0.001
 1704.0   0.141  -0.001
 1705.0   0.142   0.000
 1706.0   0.142   0.001
 1707.0   0.143   0.001
 1708.0   0.143   0.002
 1709.0   0.144   0.002
 1710.0   0.145   0.003
 1711.0   0.145   0.004
 1712.0   0.146   0.004
 1713.0   0.146   0.005
 1714.0   0.147   0.006
 1715.0   0.147   0.006
 1716.0   0.148   0.007
 1717.0   0.148   0.008
 1718.0   0.149   0.009
 1719.0   0.149   0.009
 1720.0   0.150   0.010
 1721.0   0.150   0.011
 1722.0   0.151   0.011
 1723.0   0.151   0.012
 1724.0   0.152   0.013
 1725.0   0.152   0.013
 1726.0   0.153   0.014
 1727.0   0.153   0.015
 1728.0   0.154   0.016
 1729.0   0.154   0.016
 1730.0   0.155   0.017
 1731.0   0.155   0.018
 1732.0   0.155   0.019
 1733.0   0.156   0.019
 1734.0   0.156   0.020
 1735.0   0.157   0.021
 1736.0   0.157   0.021
 1737.0   0.158   0.022
 1738.0   0.158   0.023
 1739.0   0.158   0.024
 1740.0   0.159   0.024
 1741.0   0.159   0.025
 1742.0   0.159   0.026
 1743.0   0.160   0.027
 1744.0   0.160   0.028
 1745.0   0.160   0.028
 1746.0   0.161   0.029
 1747.0   0.161   0.030
 1748.0   0.162   0.031
 1749.0   0.162   0.031
 1750.0   0.162   0.032
 1751.0   0.162   0.033
 1752.0   0.163   0.034
 1753.0   0.163   0.035
 1754.0   0.163   0.035
 1755.0   0.164   0.036
 1756.0   0.164   0.037
 1757.0   0.164   0.038
 1758.0   0.164   0.038
 1759.0   0.165   0.039
 1760.0   0.165   0.040
 1761.0   0.165   0.041
 1762.0   0.165   0.042
 1763.0   0.166   0.042
 1764.0   0.166   0.043
 1765.0   0.166   0.044
 1766.0   0.166   0.045
 1767.0   0.166   0.046
 1768.0   0.167   0.046
 1769.0   0.167   0.047
 1770.0   0.167   0.048
 1771.0   0.167   0.049
 1772.0   0.167   0.050
 1773.0   0.167   0.050
 1774.0   0.168   0.051
 1775.0   0.168   0.052
 1776.0   0.168   0.053
 1777.0   0.168   0.054
 1778.0   0.168   0.055
 1779.0   0.168   0.055
 1780.0   0.168   0.056
 1781.0   0.168   0.057
 1782.0   0.168   0.058
 1783.0   0.168   0.059
 1784.0   0.169   0.059
 1785.0   0.169   0.060
 1786.0   0.169   0.061
 1787.0   0.169   0.062
 1788.0   0.169   0.063
 1789.0   0.169   0.063
 1790.0   0.169   0.064
 1791.0   0.169   0.065
 1792.0   0.169   0.066
 1793.0   0.169   0.067
 1794.0   0.169   0.067
 1795.0   0.169   0.068
 1796.0   0.169   0.069
 1797.0   0.169   0.070
 1798.0   0.169   0.070
 1799.0   0.169   0.071
 1800.0   0.168   0.072
 1801.0   0.168   0.073
 1802.0   0.168   0.074
 1803.0   0.168   0.074
 1804.0   0.168   0.075
 1805.0   0.168   0.076
 1806.0   0.168   0.077
 1807.0   0.168   0.077
 1808.0   0.168   0.078
 1809.0   0.168   0.079
 1810.0   0.167   0.080
 1811.0   0.167   0.081
 1812.0   0.167   0.081
 1813.0   0.167   0.082
 1814.0   0.167   0.083
 1815.0   0.167   0.083
 1816.0   0.166   0.084
 1817.0   0.166   0.085
 1818.0   0.166   0.086
 1819.0   0.166   0.086
 1820.0   0.165   0.087
 1821.0   0.165   0.088
 1822.0   0.165   0.089
 1823.0   0.165   0.089
 1824.0   0.165   0.090
 1825.0   0.164   0.091
 1826.0   0.164   0.091
 1827.0   0.164   0.092
 1828.0   0.163   0.093
 1829.0   0.163   0.093
 1830.0   0.163   0.094
 1831.0   0.163   0.095
 1832.0   0.162   0.095
 1833.0   0.162   0.096
 1834.0   0.162   0.097
 1835.0   0.161   0.097
 1836.0   0.161   0.098
 1837.0   0.161   0.099
 1838.0   0.160   0.099
 1839.0   0.160   0.100
 1840.0   0.160   0.100
 1841.0   0.159   0.101
 1842.0   0.159   0.102
 1843.0   0.158   0.102
 1844.0   0.158   0.103
 1845.0   0.158   0.103
 1846.0   0.157   0.104
 1847.0   0.157   0.105
 1848.0   0.156   0.105
 1849.0   0.156   0.106
 1850.0   0.156   0.106
 1851.0   0.155   0.107
 1852.0   0.155   0.107
 1853.0   0.154   0.108
 1854.0   0.154   0.108
 1855.0   0.153   0.109
 1856.0   0.153   0.109
 1857.0   0.153   0.110
 1858.0   0.152   0.110
 1859.0   0.152   0.111
 1860.0   0.151   0.111
 1861.0   0.151   0.112
 1862.0   0.150   0.112
 1863.0   0.150   0.113
 1864.0   0.149   0.113
 1865.0   0.149   0.114
 1866.0   0.148   0.114
 1867.0   0.148   0.114
 1868.0   0.147   0.115
 1869.0   0.147   0.115
 1870.0   0.146   0.116
 1871.0   0.146   0.116
 1872.0   0.145   0.116
 1873.0   0.145   0.117
 1874.0   0.144   0.117
 1875.0   0.144   0.118
 1876.0   0.143   0.118
 1877.0   0.143   0.118
 1878.0   0.142   0.119
 1879.0   0.142   0.119
 1880.0   0.141   0.119
 1881.0   0.140   0.120
 1882.0   0.140   0.120
 1883.0   0.139   0.120
 1884.0   0.139   0.120
 1885.0   0.138   0.121
 1886.0   0.138   0.121
 1887.0   0.137   0.121
 1888.0   0.137   0.121
 1889.0   0.136   0.122
 1890.0   0.136   0.122
 1891.0   0.135   0.122
 1892.0   0.134   0.122
 1893.0   0.134   0.123
 1894.0   0.133   0.123
 1895.0   0.133   0.123
 1896.0   0.132   0.123
 1897.0   0.132   0.123
 1898.0   0.131   0.124
 1899.0   0.131   0.124
 1900.0   0.130   0.124
 1901.0   0.130   0.124
 1902.0   0.129   0.124
 1903.0   0.128   0.124
 1904.0   0.128   0.124
 1905.0   0.127   0.125
 1906.0   0.127   0.125
 1907.0   0.126   0.125
 1908.0   0.126   0.125
 1909.0   0.125   0.125
 1910.0   0.125   0.125
 1911.0   0.124   0.125
 1912.0   0.124   0.125
 1913.0   0.123   0.125
 1914.0   0.122   0.125
 1915.0   0.122   0.125
 1916.0   0.121   0.125
 1917.0   0.121   0.125
 1918.0   0.120   0.125
 1919.0   0.120   0.125
 1920.0   0.119   0.125
 1921.0   0.119   0.125
 1922.0   0.118   0.125
 1923.0   0.118   0.125
 1924.0   0.117   0.125
 1925.0   0.117   0.125
 1926.0   0.116   0.125
 1927.0   0.116   0.125
 1928.0   0.115   0.125
 1929.0   0.115   0.125
 1930.0   0.114   0.125
 1931.0   0.114   0.125
 1932.0   0.113   0.125
 1933.0   0.113   0.125
 1934.0   0.112   0.125
 1935.0   0.112   0.125
 1936.0   0.111   0.125
 1937.0   0.111   0.124
 1938.0   0.110   0.124
 1939.0   0.110   0.124
 1940.0   0.109   0.124
 1941.0   0.109   0.124
 1942.0   0.108   0.124
 1943.0   0.108   0.124
 1944.0   0.107   0.124
 1945.0   0.107   0.123
 1946.0   0.107   0.123
 1947.0   0.106   0.123
 1948.0   0.106   0.123
 1949.0   0.105   0.123
 1950.0   0.105   0.123
 1951.0   0.104   0.122
 1952.0   0.104   0.122
 1953.0   0.103   0.122
 1954.0   0.103   0.122
 1955.0   0.103   0.122
 1956.0   0.102   0.122
 1957.0   0.102   0.121
 1958.0   0.101   0.121
 1959.0   0.101   0.121
 1960.0   0.101   0.121
 1961.0   0.100   0.120
 1962.0   0.100   0.120
 1963.0   0.099   0.120
 1964.0   0.099   0.120
 1965.0   0.099   0.120
 1966.0   0.098   0.119
 1967.0   0.098   0.119
 1968.0   0.098   0.119
 1969.0   0.097   0.119
 1970.0   0.097   0.118
 1971.0   0.097   0.118
 1972.0   0.096   0.118
 1973.0   0.096   0.118
 1974.0   0.096   0.117
 1975.0   0.095   0.117
 1976.0   0.095   0.117
 1977.0   0.095   0.116
 1978.0   0.094   0.116
 1979.0   0.094   0.116
 1980.0   0.094   0.116
 1981.0   0.093   0.115
 1982.0   0.093   0.115
 1983.0   0.093   0.115
 1984.0   0.092   0.114
 1985.0   0.092   0.114
 1986.0   0.092   0.114
 1987.0   0.092   0.114
 1988.0   0.091   0.113
 1989.0   0.091   0.113
 1990.0   0.091   0.113
 1991.0   0.091   0.112
 1992.0   0.090   0.112
 1993.0   0.090   0.112
 1994.0   0.090   0.111
 1995.0   0.089   0.111
 1996.0   0.089   0.111
 1997.0   0.089   0.110
 1998.0   0.089   0.110
 1999.0   0.089   0.110
 2000.0   0.088   0.109
 2001.0   0.088   0.109
 2002.0   0.088   0.109
 2003.0   0.088   0.108
 2004.0   0.087   0.108
 2005.0   0.087   0.108
 2006.0   0.087   0.107
 2007.0   0.087   0.107
 2008.0   0.087   0.107
 2009.0   0.086   0.106
 2010.0   0.086   0.106
 2011.0   0.086   0.106
 2012.0   0.086   0.105
 2013.0   0.086   0.105
 2014.0   0.086   0.105
 2015.0   0.085   0.104
 2016.0   0.085   0.104
 2017.0   0.085   0.104
 2018.0   0.085   0.103
 2019.0   0.085   0.103
 2020.0   0.085   0.103
 2021.0   0.084   0.102
 2022.0   0.084   0.102
 2023.0   0.084   0.102
 2024.0   0.084   0.101
 2025.0   0.084   0.101
 2026.0   0.084   0.101
 2027.0   0.084   0.100
 2028.0   0.084   0.100
 2029.0   0.083   0.100
 2030.0   0.083   0.099
 2031.0   0.083   0.099
 2032.0   0.083   0.099
 2033.0   0.083   0.098
 2034.0   0.083   0.098
 2035.0   0.083   0.098
 2036.0   0.083   0.097
 2037.0   0.083   0.097
 2038.0   0.083   0.097
 2039.0   0.082   0.096
 2040.0   0.082   0.096
 2041.0   0.082   0.095
 2042.0   0.082   0.095
 2043.0   0.082   0.095
 2044.0   0.082   0.094
 2045.0   0.082   0.094
 2046.0   0.082   0.094
 2047.0   0.082   0.093
 2048.0   0.082   0.093
 2049.0   0.082   0.093
 2050.0   0.082   0.092
 2051.0   0.082   0.092
 2052.0   0.082   0.092
 2053.0   0.082   0.091
 2054.0   0.082   0.091
 2055.0   0.082   0.091
 2056.0   0.082   0.090
 2057.0   0.082   0.090
 2058.0   0.082   0.090
 2059.0   0.081   0.089
 2060.0   0.081   0.089
 2061.0   0.081   0.089
 2062.0   0.081   0.088
 2063.0   0.081   0.088
 2064.0   0.081   0.088
 2065.0   0.081   0.087
 2066.0   0.081   0.087
 2067.0   0.081   0.087
 2068.0   0.081   0.086
 2069.0   0.081   0.086
 2070.0   0.081   0.086
 2071.0   0.081   0.085
 2072.0   0.081   0.085
 2073.0   0.081   0.085
 2074.0   0.081   0.084
 2075.0   0.081   0.084
 2076.0   0.081   0.084
 2077.0   0.081   0.083
 2078.0   0.082   0.083
 2079.0   0.082   0.083
 2080.0   0.082   0.082
 2081.0   0.082   0.082
 2082.0   0.082   0.082
 2083.0   0.082   0.081
 2084.0   0.082   0.081
 2085.0   0.082   0.081
 2086.0   0.082   0.080
 2087.0   0.082   0.080
 2088.0   0.082   0.080
 2089.0   0.082   0.079
 2090.0   0.082   0.079
 2091.0   0.082   0.079
 2092.0   0.082   0.079
 2093.0   0.082   0.078
 2094.0   0.082   0.078
 2095.0   0.082   0.078
 2096.0   0.082   0.077
 2097.0   0.082   0.077
 2098.0   0.082   0.077
 2099.0   0.082   0.076
 2100.0   0.083   0.076
 2101.0   0.083   0.076
 2102.0   0.083   0.075
 2103.0   0.083   0.075
 2104.0   0.083   0.075
 2105.0   0.083   0.075
 2106.0   0.083   0.074
 2107.0   0.083   0.074
 2108.0   0.083   0.074
 2109.0   0.083   0.073
 2110.0   0.083   0.073
 2111.0   0.083   0.073
 2112.0   0.083   0.072
 2113.0   0.084   0.072
 2114.0   0.084   0.072
 2115.0   0.084   0.072
 2116.0   0.084   0.071
 2117.0   0.084   0.071
 2118.0   0.084   0.071
 2119.0   0.084   0.070
 2120.0   0.084   0.070
 2121.0   0.084   0.070
 2122.0   0.084   0.070
 2123.0   0.084   0.069
 2124.0   0.085   0.069
 2125.0   0.085   0.069
 2126.0   0.085   0.068
 2127.0   0.085   0.068
 2128.0   0.085   0.068
 2129.0   0.085   0.068
 2130.0   0.085   0.067
 2131.0   0.085   0.067
 2132.0   0.085   0.067
 2133.0   0.085   0.067
 2134.0   0.086   0.066
 2135.0   0.086   0.066
 2136.0   0.086   0.066
 2137.0   0.086   0.065
 2138.0   0.086   0.065
 2139.0   0.086   0.065
 2140.0   0.086   0.065
 2141.0   0.086   0.064
 2142.0   0.087   0.064
 2143.0   0.087   0.064
 2144.0   0.087   0.064
 2145.0   0.087   0.063
 2146.0   0.087   0.063
 2147.0   0.087   0.063
 2148.0   0.087   0.063
 2149.0   0.087   0.062
 2150.0   0.088   0.062
 2151.0   0.088   0.062
 2152.0   0.088   0.062
 2153.0   0.088   0.061
 2154.0   0.088   0.061
 2155.0   0.088   0.061
 2156.0   0.088   0.061
 2157.0   0.088   0.060
 2158.0   0.089   0.060
 2159.0   0.089   0.060
 2160.0   0.089   0.060
 2161.0   0.089   0.059
 2162.0   0.089   0.059
 2163.0   0.089   0.059
 2164.0   0.089   0.059
 2165.0   0.090   0.058
 2166.0   0.090   0.058
 2167.0   0.090   0.058
 2168.0   0.090   0.058
 2169.0   0.090   0.058
 2170.0   0.090   0.057
 2171.0   0.090   0.057
 2172.0   0.091   0.057
 2173.0   0.091   0.057
 2174.0   0.091   0.056
 2175.0   0.091   0.056
 2176.0   0.091   0.056
 2177.0   0.091   0.056
 2178.0   0.091   0.055
 2179.0   0.092   0.055
 2180.0   0.092   0.055
 2181.0   0.092   0.055
 2182.0   0.092   0.055
 2183.0   0.092   0.054
 2184.0   0.092   0.054
 2185.0   0.093   0.054
 2186.0   0.093   0.054
 2187.0   0.093   0.053
 2188.0   0.093   0.053
 2189.0   0.093   0.053
 2190.0   0.093   0.053
 2191.0   0.093   0.053
 2192.0   0.094   0.052
 2193.0   0.094   0.052
 2194.0   0.094   0.052
 2195.0   0.094   0.052
 2196.0   0.094   0.052
 2197.0   0.094   0.051
 2198.0   0.095   0.051
 2199.0   0.095   0.051
 2200.0   0.095   0.051
