   W          M3-(p)
 (MeV)      Re      Im
 1487.0    0.000   0.000
 1488.0    0.000   0.000
 1489.0    0.000   0.000
 1490.0    0.000   0.000
 1491.0    0.000   0.000
 1492.0    0.000   0.000
 1493.0    0.000   0.000
 1494.0    0.000   0.000
 1495.0    0.000   0.000
 1496.0    0.000   0.000
 1497.0    0.000   0.000
 1498.0    0.000   0.000
 1499.0    0.000   0.000
 1500.0    0.000   0.000
 1501.0    0.000   0.000
 1502.0    0.000   0.000
 1503.0    0.000   0.000
 1504.0    0.001   0.000
 1505.0    0.001   0.000
 1506.0    0.001   0.000
 1507.0    0.001   0.000
 1508.0    0.001   0.000
 1509.0    0.001   0.000
 1510.0    0.001   0.000
 1511.0    0.001   0.000
 1512.0    0.001   0.000
 1513.0    0.001   0.000
 1514.0    0.001   0.000
 1515.0    0.001   0.000
 1516.0    0.001   0.000
 1517.0    0.001   0.000
 1518.0    0.001   0.000
 1519.0    0.001   0.000
 1520.0    0.002   0.000
 1521.0    0.002   0.000
 1522.0    0.002   0.000
 1523.0    0.002   0.000
 1524.0    0.002   0.000
 1525.0    0.002   0.000
 1526.0    0.002   0.000
 1527.0    0.002   0.000
 1528.0    0.002   0.000
 1529.0    0.002   0.000
 1530.0    0.002   0.000
 1531.0    0.003   0.000
 1532.0    0.003   0.000
 1533.0    0.003   0.000
 1534.0    0.003   0.001
 1535.0    0.003   0.001
 1536.0    0.003   0.001
 1537.0    0.003   0.001
 1538.0    0.003   0.001
 1539.0    0.003   0.001
 1540.0    0.003   0.001
 1541.0    0.004   0.001
 1542.0    0.004   0.001
 1543.0    0.004   0.001
 1544.0    0.004   0.001
 1545.0    0.004   0.001
 1546.0    0.004   0.001
 1547.0    0.004   0.001
 1548.0    0.004   0.001
 1549.0    0.005   0.001
 1550.0    0.005   0.001
 1551.0    0.005   0.001
 1552.0    0.005   0.001
 1553.0    0.005   0.001
 1554.0    0.005   0.001
 1555.0    0.005   0.001
 1556.0    0.006   0.001
 1557.0    0.006   0.001
 1558.0    0.006   0.002
 1559.0    0.006   0.002
 1560.0    0.006   0.002
 1561.0    0.006   0.002
 1562.0    0.007   0.002
 1563.0    0.007   0.002
 1564.0    0.007   0.002
 1565.0    0.007   0.002
 1566.0    0.007   0.002
 1567.0    0.007   0.002
 1568.0    0.008   0.002
 1569.0    0.008   0.002
 1570.0    0.008   0.003
 1571.0    0.008   0.003
 1572.0    0.008   0.003
 1573.0    0.009   0.003
 1574.0    0.009   0.003
 1575.0    0.009   0.003
 1576.0    0.009   0.003
 1577.0    0.009   0.003
 1578.0    0.010   0.003
 1579.0    0.010   0.004
 1580.0    0.010   0.004
 1581.0    0.010   0.004
 1582.0    0.010   0.004
 1583.0    0.011   0.004
 1584.0    0.011   0.004
 1585.0    0.011   0.004
 1586.0    0.011   0.005
 1587.0    0.012   0.005
 1588.0    0.012   0.005
 1589.0    0.012   0.005
 1590.0    0.012   0.005
 1591.0    0.012   0.006
 1592.0    0.013   0.006
 1593.0    0.013   0.006
 1594.0    0.013   0.006
 1595.0    0.013   0.006
 1596.0    0.014   0.007
 1597.0    0.014   0.007
 1598.0    0.014   0.007
 1599.0    0.014   0.007
 1600.0    0.015   0.008
 1601.0    0.015   0.008
 1602.0    0.015   0.008
 1603.0    0.015   0.009
 1604.0    0.015   0.009
 1605.0    0.016   0.009
 1606.0    0.016   0.010
 1607.0    0.016   0.010
 1608.0    0.016   0.010
 1609.0    0.017   0.011
 1610.0    0.017   0.011
 1611.0    0.017   0.011
 1612.0    0.017   0.012
 1613.0    0.017   0.012
 1614.0    0.018   0.013
 1615.0    0.018   0.013
 1616.0    0.018   0.013
 1617.0    0.018   0.014
 1618.0    0.018   0.014
 1619.0    0.019   0.015
 1620.0    0.019   0.015
 1621.0    0.019   0.016
 1622.0    0.019   0.016
 1623.0    0.019   0.017
 1624.0    0.019   0.017
 1625.0    0.020   0.018
 1626.0    0.020   0.019
 1627.0    0.020   0.019
 1628.0    0.020   0.020
 1629.0    0.020   0.020
 1630.0    0.020   0.021
 1631.0    0.020   0.022
 1632.0    0.020   0.022
 1633.0    0.020   0.023
 1634.0    0.020   0.024
 1635.0    0.020   0.024
 1636.0    0.020   0.025
 1637.0    0.020   0.026
 1638.0    0.020   0.026
 1639.0    0.020   0.027
 1640.0    0.019   0.028
 1641.0    0.019   0.028
 1642.0    0.019   0.029
 1643.0    0.019   0.030
 1644.0    0.019   0.031
 1645.0    0.018   0.031
 1646.0    0.018   0.032
 1647.0    0.018   0.033
 1648.0    0.017   0.034
 1649.0    0.017   0.034
 1650.0    0.017   0.035
 1651.0    0.016   0.036
 1652.0    0.016   0.037
 1653.0    0.015   0.037
 1654.0    0.015   0.038
 1655.0    0.014   0.039
 1656.0    0.013   0.040
 1657.0    0.013   0.040
 1658.0    0.012   0.041
 1659.0    0.011   0.042
 1660.0    0.011   0.042
 1661.0    0.010   0.043
 1662.0    0.009   0.043
 1663.0    0.008   0.044
 1664.0    0.007   0.045
 1665.0    0.006   0.045
 1666.0    0.006   0.046
 1667.0    0.005   0.046
 1668.0    0.004   0.046
 1669.0    0.003   0.047
 1670.0    0.002   0.047
 1671.0    0.001   0.047
 1672.0    0.000   0.048
 1673.0   -0.001   0.048
 1674.0   -0.002   0.048
 1675.0   -0.003   0.048
 1676.0   -0.004   0.049
 1677.0   -0.006   0.049
 1678.0   -0.007   0.049
 1679.0   -0.008   0.049
 1680.0   -0.009   0.049
 1681.0   -0.010   0.049
 1682.0   -0.011   0.049
 1683.0   -0.012   0.049
 1684.0   -0.013   0.048
 1685.0   -0.014   0.048
 1686.0   -0.015   0.048
 1687.0   -0.016   0.048
 1688.0   -0.017   0.047
 1689.0   -0.018   0.047
 1690.0   -0.019   0.047
 1691.0   -0.020   0.046
 1692.0   -0.021   0.046
 1693.0   -0.022   0.045
 1694.0   -0.023   0.045
 1695.0   -0.024   0.045
 1696.0   -0.025   0.044
 1697.0   -0.026   0.043
 1698.0   -0.027   0.043
 1699.0   -0.028   0.042
 1700.0   -0.029   0.042
 1701.0   -0.029   0.041
 1702.0   -0.030   0.040
 1703.0   -0.031   0.040
 1704.0   -0.032   0.039
 1705.0   -0.033   0.038
 1706.0   -0.033   0.038
 1707.0   -0.034   0.037
 1708.0   -0.035   0.036
 1709.0   -0.035   0.035
 1710.0   -0.036   0.035
 1711.0   -0.037   0.034
 1712.0   -0.037   0.033
 1713.0   -0.038   0.032
 1714.0   -0.038   0.031
 1715.0   -0.039   0.031
 1716.0   -0.039   0.030
 1717.0   -0.040   0.029
 1718.0   -0.040   0.028
 1719.0   -0.041   0.027
 1720.0   -0.041   0.026
 1721.0   -0.042   0.026
 1722.0   -0.042   0.025
 1723.0   -0.042   0.024
 1724.0   -0.043   0.023
 1725.0   -0.043   0.022
 1726.0   -0.043   0.021
 1727.0   -0.044   0.020
 1728.0   -0.044   0.019
 1729.0   -0.044   0.019
 1730.0   -0.044   0.018
 1731.0   -0.045   0.017
 1732.0   -0.045   0.016
 1733.0   -0.045   0.015
 1734.0   -0.045   0.014
 1735.0   -0.046   0.013
 1736.0   -0.046   0.012
 1737.0   -0.046   0.012
 1738.0   -0.046   0.011
 1739.0   -0.046   0.010
 1740.0   -0.046   0.009
 1741.0   -0.046   0.008
 1742.0   -0.047   0.007
 1743.0   -0.047   0.006
 1744.0   -0.047   0.006
 1745.0   -0.047   0.005
 1746.0   -0.047   0.004
 1747.0   -0.047   0.003
 1748.0   -0.047   0.002
 1749.0   -0.047   0.001
 1750.0   -0.047   0.000
 1751.0   -0.047  -0.001
 1752.0   -0.047  -0.001
 1753.0   -0.047  -0.002
 1754.0   -0.047  -0.003
 1755.0   -0.047  -0.004
 1756.0   -0.047  -0.005
 1757.0   -0.047  -0.006
 1758.0   -0.046  -0.007
 1759.0   -0.046  -0.007
 1760.0   -0.046  -0.008
 1761.0   -0.046  -0.009
 1762.0   -0.046  -0.010
 1763.0   -0.046  -0.011
 1764.0   -0.046  -0.012
 1765.0   -0.046  -0.012
 1766.0   -0.045  -0.013
 1767.0   -0.045  -0.014
 1768.0   -0.045  -0.015
 1769.0   -0.045  -0.016
 1770.0   -0.045  -0.017
 1771.0   -0.045  -0.017
 1772.0   -0.044  -0.018
 1773.0   -0.044  -0.019
 1774.0   -0.044  -0.020
 1775.0   -0.044  -0.021
 1776.0   -0.043  -0.022
 1777.0   -0.043  -0.022
 1778.0   -0.043  -0.023
 1779.0   -0.043  -0.024
 1780.0   -0.042  -0.025
 1781.0   -0.042  -0.026
 1782.0   -0.042  -0.026
 1783.0   -0.041  -0.027
 1784.0   -0.041  -0.028
 1785.0   -0.041  -0.029
 1786.0   -0.040  -0.030
 1787.0   -0.040  -0.030
 1788.0   -0.040  -0.031
 1789.0   -0.039  -0.032
 1790.0   -0.039  -0.033
 1791.0   -0.039  -0.034
 1792.0   -0.038  -0.034
 1793.0   -0.038  -0.035
 1794.0   -0.037  -0.036
 1795.0   -0.037  -0.037
 1796.0   -0.037  -0.037
 1797.0   -0.036  -0.038
 1798.0   -0.036  -0.039
 1799.0   -0.035  -0.040
 1800.0   -0.035  -0.040
 1801.0   -0.034  -0.041
 1802.0   -0.034  -0.042
 1803.0   -0.033  -0.043
 1804.0   -0.033  -0.043
 1805.0   -0.032  -0.044
 1806.0   -0.032  -0.045
 1807.0   -0.031  -0.046
 1808.0   -0.031  -0.046
 1809.0   -0.030  -0.047
 1810.0   -0.030  -0.048
 1811.0   -0.029  -0.048
 1812.0   -0.029  -0.049
 1813.0   -0.028  -0.050
 1814.0   -0.028  -0.050
 1815.0   -0.027  -0.051
 1816.0   -0.026  -0.052
 1817.0   -0.026  -0.052
 1818.0   -0.025  -0.053
 1819.0   -0.025  -0.054
 1820.0   -0.024  -0.054
 1821.0   -0.023  -0.055
 1822.0   -0.023  -0.056
 1823.0   -0.022  -0.056
 1824.0   -0.021  -0.057
 1825.0   -0.021  -0.058
 1826.0   -0.020  -0.058
 1827.0   -0.019  -0.059
 1828.0   -0.019  -0.059
 1829.0   -0.018  -0.060
 1830.0   -0.017  -0.060
 1831.0   -0.017  -0.061
 1832.0   -0.016  -0.062
 1833.0   -0.015  -0.062
 1834.0   -0.015  -0.063
 1835.0   -0.014  -0.063
 1836.0   -0.013  -0.064
 1837.0   -0.013  -0.064
 1838.0   -0.012  -0.065
 1839.0   -0.011  -0.065
 1840.0   -0.010  -0.066
 1841.0   -0.010  -0.066
 1842.0   -0.009  -0.067
 1843.0   -0.008  -0.067
 1844.0   -0.007  -0.068
 1845.0   -0.007  -0.068
 1846.0   -0.006  -0.069
 1847.0   -0.005  -0.069
 1848.0   -0.004  -0.070
 1849.0   -0.004  -0.070
 1850.0   -0.003  -0.070
 1851.0   -0.002  -0.071
 1852.0   -0.001  -0.071
 1853.0    0.000  -0.072
 1854.0    0.000  -0.072
 1855.0    0.001  -0.072
 1856.0    0.002  -0.073
 1857.0    0.003  -0.073
 1858.0    0.004  -0.074
 1859.0    0.004  -0.074
 1860.0    0.005  -0.074
 1861.0    0.006  -0.075
 1862.0    0.007  -0.075
 1863.0    0.007  -0.075
 1864.0    0.008  -0.075
 1865.0    0.009  -0.076
 1866.0    0.010  -0.076
 1867.0    0.011  -0.076
 1868.0    0.011  -0.077
 1869.0    0.012  -0.077
 1870.0    0.013  -0.077
 1871.0    0.014  -0.077
 1872.0    0.015  -0.078
 1873.0    0.016  -0.078
 1874.0    0.016  -0.078
 1875.0    0.017  -0.078
 1876.0    0.018  -0.079
 1877.0    0.019  -0.079
 1878.0    0.020  -0.079
 1879.0    0.020  -0.079
 1880.0    0.021  -0.079
 1881.0    0.022  -0.079
 1882.0    0.023  -0.080
 1883.0    0.024  -0.080
 1884.0    0.024  -0.080
 1885.0    0.025  -0.080
 1886.0    0.026  -0.080
 1887.0    0.027  -0.080
 1888.0    0.027  -0.080
 1889.0    0.028  -0.081
 1890.0    0.029  -0.081
 1891.0    0.030  -0.081
 1892.0    0.031  -0.081
 1893.0    0.031  -0.081
 1894.0    0.032  -0.081
 1895.0    0.033  -0.081
 1896.0    0.034  -0.081
 1897.0    0.034  -0.081
 1898.0    0.035  -0.081
 1899.0    0.036  -0.081
 1900.0    0.037  -0.081
 1901.0    0.038  -0.081
 1902.0    0.038  -0.081
 1903.0    0.039  -0.082
 1904.0    0.040  -0.082
 1905.0    0.041  -0.082
 1906.0    0.041  -0.082
 1907.0    0.042  -0.082
 1908.0    0.043  -0.082
 1909.0    0.043  -0.082
 1910.0    0.044  -0.082
 1911.0    0.045  -0.082
 1912.0    0.046  -0.082
 1913.0    0.046  -0.082
 1914.0    0.047  -0.081
 1915.0    0.048  -0.081
 1916.0    0.048  -0.081
 1917.0    0.049  -0.081
 1918.0    0.050  -0.081
 1919.0    0.051  -0.081
 1920.0    0.051  -0.081
 1921.0    0.052  -0.081
 1922.0    0.053  -0.081
 1923.0    0.053  -0.081
 1924.0    0.054  -0.081
 1925.0    0.055  -0.081
 1926.0    0.055  -0.081
 1927.0    0.056  -0.081
 1928.0    0.057  -0.081
 1929.0    0.057  -0.081
 1930.0    0.058  -0.080
 1931.0    0.059  -0.080
 1932.0    0.059  -0.080
 1933.0    0.060  -0.080
 1934.0    0.061  -0.080
 1935.0    0.061  -0.080
 1936.0    0.062  -0.080
 1937.0    0.063  -0.080
 1938.0    0.063  -0.080
 1939.0    0.064  -0.080
 1940.0    0.064  -0.079
 1941.0    0.065  -0.079
 1942.0    0.066  -0.079
 1943.0    0.066  -0.079
 1944.0    0.067  -0.079
 1945.0    0.067  -0.079
 1946.0    0.068  -0.079
 1947.0    0.069  -0.079
 1948.0    0.069  -0.078
 1949.0    0.070  -0.078
 1950.0    0.070  -0.078
 1951.0    0.071  -0.078
 1952.0    0.072  -0.078
 1953.0    0.072  -0.078
 1954.0    0.073  -0.078
 1955.0    0.073  -0.077
 1956.0    0.074  -0.077
 1957.0    0.074  -0.077
 1958.0    0.075  -0.077
 1959.0    0.075  -0.077
 1960.0    0.076  -0.077
 1961.0    0.077  -0.076
 1962.0    0.077  -0.076
 1963.0    0.078  -0.076
 1964.0    0.078  -0.076
 1965.0    0.079  -0.076
 1966.0    0.079  -0.076
 1967.0    0.080  -0.076
 1968.0    0.080  -0.075
 1969.0    0.081  -0.075
 1970.0    0.081  -0.075
 1971.0    0.082  -0.075
 1972.0    0.082  -0.075
 1973.0    0.083  -0.075
 1974.0    0.083  -0.074
 1975.0    0.084  -0.074
 1976.0    0.084  -0.074
 1977.0    0.085  -0.074
 1978.0    0.085  -0.074
 1979.0    0.086  -0.073
 1980.0    0.086  -0.073
 1981.0    0.087  -0.073
 1982.0    0.087  -0.073
 1983.0    0.088  -0.073
 1984.0    0.088  -0.073
 1985.0    0.089  -0.072
 1986.0    0.089  -0.072
 1987.0    0.090  -0.072
 1988.0    0.090  -0.072
 1989.0    0.090  -0.072
 1990.0    0.091  -0.072
 1991.0    0.091  -0.071
 1992.0    0.092  -0.071
 1993.0    0.092  -0.071
 1994.0    0.093  -0.071
 1995.0    0.093  -0.071
 1996.0    0.094  -0.070
 1997.0    0.094  -0.070
 1998.0    0.094  -0.070
 1999.0    0.095  -0.070
 2000.0    0.095  -0.070
 2001.0    0.096  -0.070
 2002.0    0.096  -0.069
 2003.0    0.097  -0.069
 2004.0    0.097  -0.069
 2005.0    0.097  -0.069
 2006.0    0.098  -0.069
 2007.0    0.098  -0.068
 2008.0    0.099  -0.068
 2009.0    0.099  -0.068
 2010.0    0.099  -0.068
 2011.0    0.100  -0.068
 2012.0    0.100  -0.068
 2013.0    0.101  -0.067
 2014.0    0.101  -0.067
 2015.0    0.101  -0.067
 2016.0    0.102  -0.067
 2017.0    0.102  -0.067
 2018.0    0.103  -0.067
 2019.0    0.103  -0.066
 2020.0    0.103  -0.066
 2021.0    0.104  -0.066
 2022.0    0.104  -0.066
 2023.0    0.104  -0.066
 2024.0    0.105  -0.065
 2025.0    0.105  -0.065
 2026.0    0.106  -0.065
 2027.0    0.106  -0.065
 2028.0    0.106  -0.065
 2029.0    0.107  -0.065
 2030.0    0.107  -0.064
 2031.0    0.107  -0.064
 2032.0    0.108  -0.064
 2033.0    0.108  -0.064
 2034.0    0.108  -0.064
 2035.0    0.109  -0.064
 2036.0    0.109  -0.063
 2037.0    0.109  -0.063
 2038.0    0.110  -0.063
 2039.0    0.110  -0.063
 2040.0    0.110  -0.063
 2041.0    0.111  -0.063
 2042.0    0.111  -0.062
 2043.0    0.111  -0.062
 2044.0    0.112  -0.062
 2045.0    0.112  -0.062
 2046.0    0.112  -0.062
 2047.0    0.113  -0.062
 2048.0    0.113  -0.061
 2049.0    0.113  -0.061
 2050.0    0.114  -0.061
 2051.0    0.114  -0.061
 2052.0    0.114  -0.061
 2053.0    0.115  -0.061
 2054.0    0.115  -0.060
 2055.0    0.115  -0.060
 2056.0    0.116  -0.060
 2057.0    0.116  -0.060
 2058.0    0.116  -0.060
 2059.0    0.117  -0.060
 2060.0    0.117  -0.059
 2061.0    0.117  -0.059
 2062.0    0.118  -0.059
 2063.0    0.118  -0.059
 2064.0    0.118  -0.059
 2065.0    0.118  -0.059
 2066.0    0.119  -0.058
 2067.0    0.119  -0.058
 2068.0    0.119  -0.058
 2069.0    0.120  -0.058
 2070.0    0.120  -0.058
 2071.0    0.120  -0.058
 2072.0    0.121  -0.057
 2073.0    0.121  -0.057
 2074.0    0.121  -0.057
 2075.0    0.121  -0.057
 2076.0    0.122  -0.057
 2077.0    0.122  -0.057
 2078.0    0.122  -0.057
 2079.0    0.123  -0.056
 2080.0    0.123  -0.056
 2081.0    0.123  -0.056
 2082.0    0.123  -0.056
 2083.0    0.124  -0.056
 2084.0    0.124  -0.056
 2085.0    0.124  -0.056
 2086.0    0.125  -0.055
 2087.0    0.125  -0.055
 2088.0    0.125  -0.055
 2089.0    0.125  -0.055
 2090.0    0.126  -0.055
 2091.0    0.126  -0.055
 2092.0    0.126  -0.055
 2093.0    0.126  -0.054
 2094.0    0.127  -0.054
 2095.0    0.127  -0.054
 2096.0    0.127  -0.054
 2097.0    0.128  -0.054
 2098.0    0.128  -0.054
 2099.0    0.128  -0.054
 2100.0    0.128  -0.053
 2101.0    0.129  -0.053
 2102.0    0.129  -0.053
 2103.0    0.129  -0.053
 2104.0    0.129  -0.053
 2105.0    0.130  -0.053
 2106.0    0.130  -0.053
 2107.0    0.130  -0.052
 2108.0    0.130  -0.052
 2109.0    0.131  -0.052
 2110.0    0.131  -0.052
 2111.0    0.131  -0.052
 2112.0    0.131  -0.052
 2113.0    0.132  -0.052
 2114.0    0.132  -0.051
 2115.0    0.132  -0.051
 2116.0    0.132  -0.051
 2117.0    0.133  -0.051
 2118.0    0.133  -0.051
 2119.0    0.133  -0.051
 2120.0    0.133  -0.051
 2121.0    0.134  -0.051
 2122.0    0.134  -0.050
 2123.0    0.134  -0.050
 2124.0    0.134  -0.050
 2125.0    0.135  -0.050
 2126.0    0.135  -0.050
 2127.0    0.135  -0.050
 2128.0    0.135  -0.050
 2129.0    0.136  -0.050
 2130.0    0.136  -0.049
 2131.0    0.136  -0.049
 2132.0    0.136  -0.049
 2133.0    0.136  -0.049
 2134.0    0.137  -0.049
 2135.0    0.137  -0.049
 2136.0    0.137  -0.049
 2137.0    0.137  -0.049
 2138.0    0.138  -0.048
 2139.0    0.138  -0.048
 2140.0    0.138  -0.048
 2141.0    0.138  -0.048
 2142.0    0.139  -0.048
 2143.0    0.139  -0.048
 2144.0    0.139  -0.048
 2145.0    0.139  -0.048
 2146.0    0.139  -0.048
 2147.0    0.140  -0.047
 2148.0    0.140  -0.047
 2149.0    0.140  -0.047
 2150.0    0.140  -0.047
 2151.0    0.141  -0.047
 2152.0    0.141  -0.047
 2153.0    0.141  -0.047
 2154.0    0.141  -0.047
 2155.0    0.141  -0.047
 2156.0    0.142  -0.046
 2157.0    0.142  -0.046
 2158.0    0.142  -0.046
 2159.0    0.142  -0.046
 2160.0    0.142  -0.046
 2161.0    0.143  -0.046
 2162.0    0.143  -0.046
 2163.0    0.143  -0.046
 2164.0    0.143  -0.046
 2165.0    0.144  -0.045
 2166.0    0.144  -0.045
 2167.0    0.144  -0.045
 2168.0    0.144  -0.045
 2169.0    0.144  -0.045
 2170.0    0.145  -0.045
 2171.0    0.145  -0.045
 2172.0    0.145  -0.045
 2173.0    0.145  -0.045
 2174.0    0.145  -0.044
 2175.0    0.146  -0.044
 2176.0    0.146  -0.044
 2177.0    0.146  -0.044
 2178.0    0.146  -0.044
 2179.0    0.146  -0.044
 2180.0    0.147  -0.044
 2181.0    0.147  -0.044
 2182.0    0.147  -0.044
 2183.0    0.147  -0.044
 2184.0    0.148  -0.043
 2185.0    0.148  -0.043
 2186.0    0.148  -0.043
 2187.0    0.148  -0.043
 2188.0    0.148  -0.043
 2189.0    0.149  -0.043
 2190.0    0.149  -0.043
 2191.0    0.149  -0.043
 2192.0    0.149  -0.043
 2193.0    0.149  -0.043
 2194.0    0.149  -0.042
 2195.0    0.150  -0.042
 2196.0    0.150  -0.042
 2197.0    0.150  -0.042
 2198.0    0.150  -0.042
 2199.0    0.150  -0.042
 2200.0    0.151  -0.042
