E =  146.000 MeV, E_lo =  145.000 MeV, E_hi =  147.000 MeV
Systematic = 0.050000, Preliminary = 0, PSEUDO_MAID
 25.000     6.267000     8.862000
 35.000    -6.267000     8.862000
 45.000     2.089000     3.814000
 55.000    -1.253000     2.858000
 65.000     1.253000     2.021000
 75.000    -0.895000     2.393000
 85.000    -0.570000     1.897000
 95.000     0.272000     1.308000
105.000     2.686000     1.488000
115.000     1.044000     1.834000
125.000     1.709000     1.385000
135.000     4.178000     2.174000
145.000     0.783000     1.579000
155.000    -0.482000     1.743000
165.000    -0.696000     2.102000
175.000    -6.267000     8.862000
----------------------------------------------------------
E =  148.000 MeV, E_lo =  147.000 MeV, E_hi =  149.000 MeV
Systematic = 0.050000, Preliminary = 0, PSEUDO_MAID
 15.000    -6.173000     8.731000
 25.000     0.882000     2.357000
 35.000     2.646000     2.539000
 55.000     2.374000     1.834000
 65.000     2.646000     2.539000
 75.000    -1.684000     1.364000
 85.000     1.601000     1.227000
 95.000     2.058000     1.188000
105.000     1.502000     1.045000
115.000     1.610000     0.941000
125.000    -0.325000     1.003000
135.000     0.686000     0.926000
145.000     2.646000     1.135000
155.000    -0.639000     1.153000
165.000    -1.764000     1.716000
175.000     2.469000     2.103000
----------------------------------------------------------
E =  150.000 MeV, E_lo =  149.000 MeV, E_hi =  151.000 MeV
Systematic = 0.050000, Preliminary = 0, PSEUDO_MAID
 15.000    -2.027000     3.700000
 25.000     1.216000     2.773000
 35.000     1.216000     1.387000
 45.000     0.507000     1.245000
 55.000    -0.405000     1.113000
 65.000     2.115000     0.949000
 75.000     1.073000     1.059000
 85.000     1.216000     0.877000
 95.000     0.760000     0.766000
105.000     1.106000     0.761000
115.000     0.811000     0.792000
125.000     1.373000     0.792000
135.000     0.973000     0.871000
145.000     0.276000     0.918000
155.000     0.405000     1.113000
165.000     0.553000     1.302000
175.000    -2.432000     2.071000
----------------------------------------------------------
E =  152.000 MeV, E_lo =  151.000 MeV, E_hi =  153.000 MeV
Systematic = 0.050000, Preliminary = 0, PSEUDO_MAID
  5.000     2.995000     3.349000
 15.000    -1.634000     1.872000
 25.000    -1.997000     1.823000
 35.000     0.730000     0.942000
 45.000     0.749000     1.067000
 55.000     1.576000     1.005000
 65.000     1.929000     0.819000
 75.000    -0.200000     0.774000
 85.000     1.308000     0.657000
 95.000     0.834000     0.680000
105.000     0.557000     0.649000
115.000     1.254000     0.660000
125.000     0.363000     0.739000
135.000     1.011000     0.692000
145.000     1.080000     0.779000
155.000     1.075000     0.975000
165.000    -0.513000     1.016000
175.000    -1.711000     1.665000
----------------------------------------------------------
E =  154.000 MeV, E_lo =  153.000 MeV, E_hi =  155.000 MeV
Systematic = 0.050000, Preliminary = 0, PSEUDO_MAID
  5.000     3.542000     3.079000
 15.000     1.968000     1.796000
 25.000     2.074000     1.029000
 35.000     0.120000     0.843000
 45.000     0.381000     0.751000
 55.000     1.117000     0.698000
 65.000     1.005000     0.618000
 75.000     0.843000     0.625000
 85.000     0.829000     0.542000
 95.000     0.750000     0.530000
105.000     1.110000     0.521000
115.000     0.586000     0.518000
125.000     1.518000     0.595000
135.000     0.590000     0.542000
145.000     0.151000     0.669000
155.000     0.264000     0.722000
165.000     0.257000     0.871000
175.000     0.537000     1.787000
----------------------------------------------------------
E =  156.000 MeV, E_lo =  155.000 MeV, E_hi =  157.000 MeV
Systematic = 0.050000, Preliminary = 0, PSEUDO_MAID
  5.000     1.939000     3.541000
 15.000     0.895000     1.154000
 25.000     2.618000     1.009000
 35.000     0.594000     0.835000
 45.000     0.646000     0.650000
 55.000     0.114000     0.576000
 65.000     0.291000     0.532000
 75.000     1.797000     0.522000
 85.000     0.543000     0.477000
 95.000     1.083000     0.491000
105.000     0.951000     0.477000
115.000     0.998000     0.454000
125.000    -0.266000     0.471000
135.000     0.845000     0.528000
145.000     0.646000     0.541000
155.000    -0.132000     0.620000
165.000     0.114000     0.815000
175.000     0.970000     1.703000
----------------------------------------------------------
E =  158.000 MeV, E_lo =  157.000 MeV, E_hi =  159.000 MeV
Systematic = 0.050000, Preliminary = 0, PSEUDO_MAID
  5.000    -1.147000     2.615000
 25.000    -0.094000     0.734000
 35.000    -0.779000     0.643000
 45.000     0.488000     0.594000
 55.000     1.110000     0.525000
 65.000     0.351000     0.474000
 75.000     1.557000     0.467000
 85.000     0.662000     0.400000
 95.000     0.941000     0.423000
105.000     1.238000     0.389000
115.000     1.072000     0.399000
125.000     1.238000     0.389000
135.000     0.496000     0.452000
145.000     0.353000     0.504000
155.000     0.579000     0.552000
165.000    -0.280000     0.634000
175.000    -0.302000     0.932000
----------------------------------------------------------
E =  160.000 MeV, E_lo =  159.000 MeV, E_hi =  161.000 MeV
Systematic = 0.050000, Preliminary = 0, PSEUDO_MAID
  5.000     0.942000     1.655000
 15.000     0.126000     0.843000
 25.000    -0.410000     0.682000
 35.000     0.715000     0.611000
 45.000     0.429000     0.471000
 55.000     1.423000     0.468000
 65.000     0.646000     0.393000
 75.000     1.153000     0.402000
 85.000     0.909000     0.359000
 95.000     0.990000     0.347000
105.000     1.254000     0.338000
115.000     1.191000     0.358000
125.000     0.760000     0.370000
135.000     1.039000     0.385000
145.000     0.899000     0.410000
155.000     0.407000     0.507000
165.000    -0.385000     0.604000
175.000    -0.435000     1.112000
----------------------------------------------------------
E =  162.000 MeV, E_lo =  161.000 MeV, E_hi =  163.000 MeV
Systematic = 0.050000, Preliminary = 0, PSEUDO_MAID
  5.000     0.697000     1.404000
 15.000    -0.680000     0.877000
 25.000    -0.577000     0.601000
 35.000     0.100000     0.527000
 45.000     0.796000     0.476000
 55.000     1.036000     0.402000
 65.000     0.557000     0.378000
 75.000     1.305000     0.341000
 85.000     1.219000     0.342000
 95.000     1.053000     0.316000
105.000     1.398000     0.305000
115.000     0.986000     0.321000
125.000     0.624000     0.332000
135.000     0.796000     0.350000
145.000    -0.280000     0.377000
155.000     1.075000     0.441000
165.000     0.874000     0.559000
175.000    -1.467000     0.935000
----------------------------------------------------------
E =  164.000 MeV, E_lo =  163.000 MeV, E_hi =  165.000 MeV
Systematic = 0.050000, Preliminary = 0, PSEUDO_MAID
  5.000    -0.687000     1.385000
 15.000     1.186000     0.788000
 25.000    -0.819000     0.573000
 35.000     0.828000     0.460000
 45.000     0.571000     0.409000
 55.000     1.156000     0.368000
 65.000     1.045000     0.332000
 75.000     0.775000     0.325000
 85.000     0.946000     0.301000
 95.000     1.164000     0.289000
105.000     1.411000     0.294000
115.000     0.930000     0.309000
125.000     1.379000     0.312000
135.000     0.369000     0.337000
145.000     0.644000     0.346000
155.000     0.275000     0.389000
165.000     0.743000     0.527000
175.000    -0.611000     0.922000
----------------------------------------------------------
E =  166.000 MeV, E_lo =  165.000 MeV, E_hi =  167.000 MeV
Systematic = 0.050000, Preliminary = 0, PSEUDO_MAID
  5.000     0.875000     0.987000
 15.000     0.508000     0.681000
 25.000     0.325000     0.543000
 35.000     1.216000     0.433000
 45.000     0.365000     0.364000
 55.000     1.260000     0.323000
 65.000     0.799000     0.304000
 75.000     1.040000     0.281000
 85.000     1.049000     0.270000
 95.000     0.922000     0.275000
105.000     1.045000     0.250000
115.000     0.655000     0.254000
125.000     0.116000     0.281000
135.000     0.364000     0.300000
145.000     0.676000     0.317000
155.000    -0.054000     0.382000
165.000    -0.265000     0.454000
175.000    -0.209000     0.753000
----------------------------------------------------------
E =  168.000 MeV, E_lo =  167.000 MeV, E_hi =  169.000 MeV
Systematic = 0.050000, Preliminary = 0, PSEUDO_MAID
  5.000    -0.764000     1.022000
 15.000     0.208000     0.610000
 25.000     0.368000     0.469000
 45.000     1.170000     0.328000
 55.000     0.958000     0.322000
 65.000     0.867000     0.275000
 75.000     0.757000     0.260000
 85.000     1.813000     0.257000
 95.000     1.472000     0.242000
105.000     1.192000     0.242000
115.000     0.755000     0.248000
125.000     0.922000     0.257000
135.000     0.848000     0.283000
145.000     0.220000     0.280000
155.000     0.486000     0.331000
165.000    -0.035000     0.433000
175.000    -0.569000     0.785000
----------------------------------------------------------
E =  170.000 MeV, E_lo =  169.000 MeV, E_hi =  171.000 MeV
Systematic = 0.050000, Preliminary = 0, PSEUDO_MAID
  5.000    -1.584000     1.233000
 15.000    -0.493000     0.612000
 25.000     0.270000     0.452000
 35.000     0.480000     0.388000
 45.000     0.680000     0.328000
 55.000     0.564000     0.278000
 65.000     1.158000     0.265000
 75.000     1.162000     0.248000
 85.000     0.902000     0.226000
 95.000     0.929000     0.219000
105.000     0.800000     0.219000
115.000     0.969000     0.217000
125.000     0.885000     0.232000
135.000     0.754000     0.256000
145.000     0.994000     0.277000
155.000    -0.235000     0.322000
165.000     0.218000     0.379000
175.000     1.100000     0.779000
----------------------------------------------------------
E =  172.000 MeV, E_lo =  171.000 MeV, E_hi =  173.000 MeV
Systematic = 0.050000, Preliminary = 0, PSEUDO_MAID
  5.000     1.421000     1.152000
 25.000     0.347000     0.374000
 35.000     0.128000     0.334000
 45.000     0.430000     0.289000
 55.000     0.374000     0.256000
 65.000     0.861000     0.243000
 75.000     0.718000     0.224000
 85.000     1.191000     0.218000
 95.000     1.089000     0.206000
105.000     0.836000     0.209000
115.000     1.049000     0.210000
125.000     0.906000     0.216000
135.000     0.464000     0.219000
145.000     0.568000     0.255000
155.000     0.415000     0.308000
165.000    -0.585000     0.375000
175.000    -0.357000     0.611000
----------------------------------------------------------
E =  174.000 MeV, E_lo =  173.000 MeV, E_hi =  175.000 MeV
Systematic = 0.050000, Preliminary = 0, PSEUDO_MAID
  5.000    -0.257000     0.814000
 15.000     0.492000     0.482000
 25.000     0.365000     0.381000
 35.000     0.864000     0.315000
 45.000     0.534000     0.270000
 55.000     1.082000     0.244000
 65.000     1.044000     0.222000
 75.000     0.935000     0.215000
 85.000     0.904000     0.197000
 95.000     1.089000     0.196000
105.000     0.844000     0.187000
115.000     1.160000     0.200000
125.000     0.712000     0.204000
135.000     0.287000     0.209000
145.000     0.312000     0.232000
155.000     0.313000     0.271000
165.000    -0.268000     0.355000
175.000     0.845000     0.637000
----------------------------------------------------------
E =  176.000 MeV, E_lo =  175.000 MeV, E_hi =  177.000 MeV
Systematic = 0.050000, Preliminary = 0, PSEUDO_MAID
  5.000     0.188000     0.978000
 25.000     0.822000     0.355000
 35.000     0.861000     0.303000
 45.000     0.516000     0.248000
 55.000     0.770000     0.224000
 65.000     0.911000     0.204000
 75.000     1.179000     0.197000
 85.000     1.005000     0.189000
 95.000     0.957000     0.187000
105.000     0.888000     0.183000
115.000     0.881000     0.188000
125.000     0.238000     0.189000
135.000     0.431000     0.198000
145.000     0.445000     0.220000
155.000     0.371000     0.270000
165.000     0.414000     0.334000
----------------------------------------------------------
E =  178.000 MeV, E_lo =  177.000 MeV, E_hi =  179.000 MeV
Systematic = 0.050000, Preliminary = 0, PSEUDO_MAID
  5.000     1.475000     0.897000
 15.000    -0.167000     0.458000
 25.000     1.043000     0.360000
 35.000     0.607000     0.274000
 45.000     0.671000     0.250000
 55.000     1.075000     0.218000
 65.000     0.655000     0.194000
 75.000     0.641000     0.184000
 85.000     1.022000     0.178000
 95.000     0.684000     0.171000
105.000     0.860000     0.174000
115.000     0.936000     0.179000
125.000     0.880000     0.180000
135.000     0.583000     0.192000
145.000     0.218000     0.209000
155.000     0.401000     0.252000
165.000     0.059000     0.315000
175.000     0.571000     0.568000
----------------------------------------------------------
E =  180.000 MeV, E_lo =  179.000 MeV, E_hi =  181.000 MeV
Systematic = 0.050000, Preliminary = 0, PSEUDO_MAID
  5.000     0.198000     0.701000
 15.000     0.438000     0.410000
 25.000     0.471000     0.335000
 35.000     0.643000     0.275000
 45.000     0.674000     0.222000
 55.000     0.807000     0.199000
 65.000     1.167000     0.188000
 75.000     1.122000     0.167000
 85.000     0.773000     0.172000
 95.000     0.934000     0.161000
105.000     0.787000     0.160000
115.000     0.541000     0.165000
125.000     0.722000     0.170000
135.000     0.914000     0.181000
145.000     0.498000     0.202000
155.000     0.688000     0.239000
165.000     0.068000     0.290000
175.000    -0.056000     0.525000
----------------------------------------------------------
E =  182.000 MeV, E_lo =  181.000 MeV, E_hi =  183.000 MeV
Systematic = 0.050000, Preliminary = 0, PSEUDO_MAID
  5.000    -0.699000     0.835000
 15.000    -0.472000     0.382000
 25.000     0.731000     0.306000
 35.000     0.463000     0.249000
 45.000     1.226000     0.224000
 55.000     0.649000     0.190000
 65.000     0.793000     0.173000
 75.000     1.051000     0.170000
 85.000     1.128000     0.157000
 95.000     1.177000     0.155000
105.000     1.032000     0.153000
115.000     0.986000     0.157000
125.000     0.841000     0.160000
135.000     0.645000     0.166000
145.000     0.493000     0.194000
155.000     0.162000     0.216000
165.000     0.295000     0.276000
175.000     1.116000     0.470000
----------------------------------------------------------
E =  184.000 MeV, E_lo =  183.000 MeV, E_hi =  185.000 MeV
Systematic = 0.050000, Preliminary = 0, PSEUDO_MAID
  5.000    -0.500000     0.638000
 15.000     0.348000     0.392000
 25.000     0.739000     0.265000
 35.000     1.051000     0.258000
 45.000     0.507000     0.203000
 55.000     0.975000     0.189000
 65.000     0.603000     0.169000
 75.000     0.996000     0.151000
 85.000     1.177000     0.149000
 95.000     0.930000     0.149000
105.000     0.627000     0.141000
115.000     0.887000     0.146000
125.000     0.654000     0.152000
135.000     0.589000     0.165000
145.000     0.368000     0.182000
155.000     0.071000     0.208000
165.000     0.449000     0.258000
175.000     0.090000     0.465000
----------------------------------------------------------
E =  186.000 MeV, E_lo =  185.000 MeV, E_hi =  187.000 MeV
Systematic = 0.050000, Preliminary = 0, PSEUDO_MAID
  5.000    -0.177000     0.650000
 15.000     0.315000     0.341000
 25.000     0.375000     0.280000
 35.000     0.800000     0.230000
 45.000     0.701000     0.199000
 55.000     0.739000     0.174000
 65.000     0.870000     0.155000
 75.000     0.943000     0.146000
 85.000     1.083000     0.141000
 95.000     1.061000     0.139000
105.000     0.635000     0.136000
115.000     0.821000     0.137000
125.000     1.029000     0.149000
135.000     0.512000     0.156000
145.000     0.619000     0.173000
155.000     0.420000     0.205000
165.000    -0.729000     0.259000
175.000     0.127000     0.449000
----------------------------------------------------------
E =  188.000 MeV, E_lo =  187.000 MeV, E_hi =  189.000 MeV
Systematic = 0.050000, Preliminary = 0, PSEUDO_MAID
  5.000    -0.083000     0.625000
 15.000     0.504000     0.331000
 25.000     0.888000     0.249000
 35.000     0.316000     0.223000
 45.000     0.913000     0.179000
 55.000     0.837000     0.165000
 65.000     0.824000     0.151000
 75.000     1.173000     0.138000
 85.000     0.919000     0.134000
 95.000     0.931000     0.131000
105.000     0.936000     0.129000
115.000     0.767000     0.131000
125.000     0.679000     0.137000
135.000     0.631000     0.147000
145.000     0.307000     0.167000
155.000     0.174000     0.193000
165.000     0.524000     0.239000
175.000    -0.175000     0.406000
----------------------------------------------------------
E =  190.000 MeV, E_lo =  189.000 MeV, E_hi =  191.000 MeV
Systematic = 0.050000, Preliminary = 0, PSEUDO_MAID
  5.000     0.598000     0.533000
 25.000     0.560000     0.261000
 35.000     0.646000     0.207000
 45.000     0.638000     0.176000
 55.000     0.896000     0.153000
 65.000     0.879000     0.140000
 75.000     1.120000     0.136000
 85.000     0.936000     0.128000
 95.000     0.896000     0.122000
105.000     0.843000     0.121000
115.000     0.986000     0.124000
125.000     0.811000     0.132000
135.000     0.633000     0.138000
145.000     0.735000     0.158000
155.000     0.126000     0.186000
165.000     0.224000     0.235000
175.000     0.083000     0.441000
----------------------------------------------------------
E =  192.000 MeV, E_lo =  191.000 MeV, E_hi =  193.000 MeV
Systematic = 0.050000, Preliminary = 0, PSEUDO_MAID
 15.000     0.690000     0.319000
 25.000     0.189000     0.227000
 35.000     0.850000     0.197000
 45.000     0.949000     0.171000
 55.000     0.873000     0.148000
 65.000     0.998000     0.135000
 75.000     0.931000     0.125000
 85.000     0.874000     0.120000
 95.000     1.104000     0.118000
105.000     0.821000     0.115000
115.000     0.894000     0.119000
125.000     0.813000     0.123000
135.000     0.737000     0.136000
145.000     0.337000     0.152000
155.000     0.591000     0.176000
165.000     0.412000     0.221000
175.000     0.489000     0.404000
----------------------------------------------------------
E =  194.000 MeV, E_lo =  193.000 MeV, E_hi =  195.000 MeV
Systematic = 0.050000, Preliminary = 0, PSEUDO_MAID
  5.000     0.750000     0.520000
 15.000    -0.373000     0.285000
 25.000     0.524000     0.227000
 35.000     0.631000     0.183000
 45.000     0.958000     0.161000
 55.000     0.800000     0.138000
 65.000     1.063000     0.128000
 75.000     0.884000     0.120000
 85.000     1.071000     0.113000
 95.000     1.039000     0.111000
105.000     1.032000     0.113000
115.000     0.995000     0.115000
125.000     1.075000     0.123000
135.000     0.929000     0.131000
145.000     0.595000     0.146000
155.000     0.080000     0.168000
165.000     0.337000     0.213000
175.000    -0.755000     0.376000
----------------------------------------------------------
E =  196.000 MeV, E_lo =  195.000 MeV, E_hi =  197.000 MeV
Systematic = 0.050000, Preliminary = 0, PSEUDO_MAID
  5.000     0.925000     0.521000
 15.000     0.526000     0.274000
 25.000     0.234000     0.214000
 35.000     0.865000     0.176000
 45.000     0.793000     0.152000
 55.000     0.695000     0.133000
 65.000     0.840000     0.123000
 75.000     1.256000     0.119000
 85.000     0.928000     0.107000
 95.000     0.940000     0.105000
105.000     1.092000     0.108000
115.000     0.860000     0.110000
125.000     0.726000     0.115000
135.000     0.505000     0.122000
145.000     0.464000     0.138000
155.000     0.437000     0.164000
165.000     0.365000     0.212000
175.000     0.250000     0.376000
----------------------------------------------------------
E =  198.000 MeV, E_lo =  197.000 MeV, E_hi =  199.000 MeV
Systematic = 0.050000, Preliminary = 0, PSEUDO_MAID
  5.000     0.565000     0.533000
 15.000     0.370000     0.281000
 25.000     0.460000     0.206000
 35.000     1.005000     0.174000
 45.000     0.815000     0.147000
 55.000     0.773000     0.128000
 65.000     0.964000     0.118000
 75.000     0.984000     0.110000
 85.000     0.895000     0.102000
 95.000     0.955000     0.101000
105.000     0.812000     0.102000
115.000     0.827000     0.104000
125.000     0.936000     0.108000
135.000     0.833000     0.118000
145.000     0.518000     0.130000
155.000     0.428000     0.156000
165.000     0.168000     0.199000
175.000     0.479000     0.337000
----------------------------------------------------------
E =  200.000 MeV, E_lo =  199.000 MeV, E_hi =  201.000 MeV
Systematic = 0.050000, Preliminary = 0, PSEUDO_MAID
  5.000     0.232000     0.507000
 15.000     0.442000     0.252000
 25.000     0.828000     0.196000
 35.000     0.604000     0.156000
 45.000     0.718000     0.135000
 55.000     0.703000     0.122000
 65.000     1.092000     0.112000
 75.000     0.886000     0.101000
 85.000     1.034000     0.100000
 95.000     0.966000     0.098000
105.000     0.924000     0.096000
115.000     0.783000     0.100000
125.000     0.701000     0.103000
135.000     0.804000     0.113000
145.000     0.385000     0.128000
155.000     0.571000     0.148000
165.000     0.404000     0.196000
175.000     0.347000     0.344000
----------------------------------------------------------
E =  202.000 MeV, E_lo =  201.000 MeV, E_hi =  203.000 MeV
Systematic = 0.050000, Preliminary = 0, PSEUDO_MAID
  5.000    -0.602000     0.409000
 15.000     0.078000     0.260000
 25.000     0.526000     0.189000
 35.000     0.753000     0.159000
 45.000     0.795000     0.133000
 55.000     0.786000     0.113000
 65.000     0.803000     0.107000
 75.000     0.928000     0.097000
 85.000     1.167000     0.096000
 95.000     0.845000     0.094000
105.000     0.894000     0.094000
115.000     0.814000     0.096000
125.000     0.811000     0.099000
135.000     0.664000     0.108000
145.000     0.562000     0.121000
155.000     0.215000     0.143000
165.000     0.182000     0.182000
175.000     0.409000     0.316000
----------------------------------------------------------
E =  204.000 MeV, E_lo =  203.000 MeV, E_hi =  205.000 MeV
Systematic = 0.050000, Preliminary = 0, PSEUDO_MAID
  5.000     0.294000     0.461000
 15.000     0.275000     0.244000
 25.000     0.628000     0.184000
 35.000     0.722000     0.147000
 45.000     0.646000     0.129000
 55.000     0.843000     0.115000
 65.000     0.779000     0.102000
 75.000     0.963000     0.095000
 85.000     0.990000     0.091000
 95.000     1.000000     0.090000
105.000     0.853000     0.089000
115.000     0.852000     0.093000
125.000     0.755000     0.098000
135.000     0.643000     0.106000
145.000     0.541000     0.115000
155.000     0.615000     0.139000
165.000     0.615000     0.177000
175.000     0.244000     0.297000
----------------------------------------------------------
E =  206.000 MeV, E_lo =  205.000 MeV, E_hi =  207.000 MeV
Systematic = 0.050000, Preliminary = 0, PSEUDO_MAID
  5.000     0.076000     0.404000
 15.000     0.469000     0.241000
 25.000     0.646000     0.175000
 35.000     0.766000     0.141000
 45.000     0.869000     0.124000
 55.000     1.104000     0.112000
 65.000     1.082000     0.099000
 75.000     0.908000     0.090000
 85.000     0.843000     0.087000
 95.000     0.999000     0.085000
105.000     1.047000     0.085000
115.000     0.901000     0.089000
125.000     0.786000     0.094000
135.000     0.632000     0.100000
145.000     0.526000     0.113000
155.000     0.272000     0.131000
165.000     0.323000     0.168000
175.000     0.288000     0.308000
----------------------------------------------------------
E =  208.000 MeV, E_lo =  207.000 MeV, E_hi =  209.000 MeV
Systematic = 0.050000, Preliminary = 0, PSEUDO_MAID
  5.000     0.037000     0.398000
 15.000     0.393000     0.225000
 25.000     0.640000     0.171000
 35.000     0.693000     0.134000
 45.000     0.650000     0.115000
 55.000     0.725000     0.102000
 65.000     0.837000     0.092000
 75.000     0.995000     0.087000
 85.000     0.993000     0.084000
 95.000     0.939000     0.081000
105.000     0.895000     0.082000
115.000     0.943000     0.086000
125.000     0.937000     0.089000
135.000     0.665000     0.097000
145.000     0.334000     0.108000
155.000     0.253000     0.130000
165.000    -0.055000     0.161000
175.000    -0.282000     0.273000
----------------------------------------------------------
E =  210.000 MeV, E_lo =  209.000 MeV, E_hi =  211.000 MeV
Systematic = 0.050000, Preliminary = 0, PSEUDO_MAID
  5.000     0.342000     0.424000
 15.000     0.263000     0.235000
 25.000     0.606000     0.160000
 35.000     0.602000     0.131000
 45.000     0.703000     0.111000
 55.000     0.776000     0.098000
 65.000     0.960000     0.090000
 75.000     0.845000     0.083000
 85.000     0.992000     0.081000
 95.000     1.066000     0.078000
105.000     1.009000     0.079000
115.000     0.880000     0.082000
125.000     0.920000     0.085000
135.000     0.601000     0.090000
145.000     0.370000     0.103000
155.000     0.535000     0.123000
165.000     0.419000     0.158000
175.000     0.359000     0.290000
----------------------------------------------------------
E =  212.000 MeV, E_lo =  211.000 MeV, E_hi =  213.000 MeV
Systematic = 0.050000, Preliminary = 0, PSEUDO_MAID
  5.000    -0.145000     0.388000
 15.000     0.518000     0.205000
 25.000     0.607000     0.153000
 35.000     0.648000     0.127000
 45.000     1.054000     0.109000
 55.000     0.889000     0.094000
 65.000     0.848000     0.085000
 75.000     0.977000     0.081000
 85.000     0.942000     0.076000
 95.000     0.868000     0.075000
105.000     0.778000     0.076000
115.000     0.809000     0.078000
125.000     0.818000     0.084000
135.000     0.543000     0.089000
145.000     0.418000     0.099000
155.000     0.449000     0.120000
165.000     0.242000     0.151000
175.000    -0.309000     0.260000
----------------------------------------------------------
E =  214.000 MeV, E_lo =  213.000 MeV, E_hi =  215.000 MeV
Systematic = 0.050000, Preliminary = 0, PSEUDO_MAID
  5.000     0.291000     0.365000
 15.000     0.752000     0.206000
 25.000     0.646000     0.152000
 35.000     0.873000     0.121000
 45.000     0.746000     0.103000
 55.000     0.900000     0.090000
 65.000     0.932000     0.081000
 75.000     0.859000     0.076000
 85.000     0.990000     0.074000
 95.000     0.980000     0.073000
105.000     0.938000     0.072000
115.000     0.831000     0.075000
125.000     0.780000     0.078000
135.000     0.729000     0.087000
145.000     0.542000     0.098000
155.000     0.654000     0.118000
165.000     0.416000     0.150000
175.000     0.029000     0.246000
----------------------------------------------------------
E =  216.000 MeV, E_lo =  215.000 MeV, E_hi =  217.000 MeV
Systematic = 0.050000, Preliminary = 0, PSEUDO_MAID
  5.000     0.165000     0.366000
 15.000     0.398000     0.186000
 25.000     0.652000     0.140000
 35.000     0.925000     0.117000
 45.000     0.573000     0.099000
 55.000     1.024000     0.088000
 65.000     0.859000     0.078000
 75.000     1.056000     0.074000
 85.000     0.981000     0.070000
 95.000     0.977000     0.069000
105.000     1.020000     0.070000
115.000     0.799000     0.072000
125.000     0.748000     0.076000
135.000     0.661000     0.082000
145.000     0.690000     0.094000
155.000     0.452000     0.111000
165.000     0.328000     0.143000
175.000     0.233000     0.252000
----------------------------------------------------------
E =  218.000 MeV, E_lo =  217.000 MeV, E_hi =  219.000 MeV
Systematic = 0.050000, Preliminary = 0, PSEUDO_MAID
  5.000     0.191000     0.332000
 15.000     0.312000     0.182000
 25.000     0.474000     0.140000
 35.000     0.563000     0.113000
 45.000     0.940000     0.095000
 55.000     0.919000     0.085000
 65.000     1.004000     0.077000
 75.000     1.027000     0.071000
 85.000     0.980000     0.069000
 95.000     1.028000     0.067000
105.000     0.903000     0.068000
115.000     0.875000     0.070000
125.000     0.798000     0.074000
135.000     0.709000     0.079000
145.000     0.635000     0.091000
155.000     0.526000     0.109000
165.000     0.223000     0.137000
175.000     0.373000     0.241000
----------------------------------------------------------
E =  220.000 MeV, E_lo =  219.000 MeV, E_hi =  221.000 MeV
Systematic = 0.050000, Preliminary = 0, PSEUDO_MAID
  5.000     0.458000     0.312000
 15.000     0.643000     0.177000
 25.000     0.497000     0.138000
 35.000     0.666000     0.108000
 45.000     0.792000     0.090000
 55.000     0.873000     0.080000
 65.000     1.007000     0.074000
 75.000     1.042000     0.068000
 85.000     0.993000     0.066000
 95.000     0.945000     0.063000
105.000     0.936000     0.065000
115.000     1.024000     0.067000
125.000     0.764000     0.069000
135.000     0.734000     0.078000
145.000     0.530000     0.087000
155.000     0.395000     0.104000
165.000     0.441000     0.138000
175.000    -0.184000     0.238000
----------------------------------------------------------
E =  222.000 MeV, E_lo =  221.000 MeV, E_hi =  223.000 MeV
Systematic = 0.050000, Preliminary = 0, PSEUDO_MAID
  5.000     0.291000     0.287000
 15.000     0.191000     0.167000
 25.000     0.603000     0.129000
 35.000     0.679000     0.102000
 45.000     0.709000     0.088000
 55.000     0.922000     0.077000
 65.000     0.915000     0.070000
 75.000     0.934000     0.066000
 85.000     0.910000     0.063000
 95.000     1.057000     0.062000
105.000     0.943000     0.062000
115.000     0.917000     0.065000
125.000     0.824000     0.069000
135.000     0.647000     0.074000
145.000     0.514000     0.085000
155.000     0.420000     0.101000
165.000     0.100000     0.131000
175.000     0.012000     0.222000
----------------------------------------------------------
E =  224.000 MeV, E_lo =  223.000 MeV, E_hi =  225.000 MeV
Systematic = 0.050000, Preliminary = 0, PSEUDO_MAID
  5.000     0.047000     0.303000
 15.000     0.303000     0.163000
 25.000     0.542000     0.126000
 35.000     0.646000     0.100000
 45.000     0.798000     0.085000
 55.000     0.955000     0.075000
 65.000     1.006000     0.067000
 75.000     0.937000     0.063000
 85.000     0.985000     0.060000
 95.000     0.963000     0.059000
105.000     0.952000     0.060000
115.000     0.799000     0.062000
125.000     0.802000     0.066000
135.000     0.745000     0.072000
145.000     0.582000     0.083000
155.000     0.266000     0.097000
165.000     0.446000     0.124000
175.000    -0.096000     0.216000
----------------------------------------------------------
E =  226.000 MeV, E_lo =  225.000 MeV, E_hi =  227.000 MeV
Systematic = 0.050000, Preliminary = 0, PSEUDO_MAID
  5.000     0.766000     0.292000
 15.000     0.317000     0.157000
 25.000     0.681000     0.121000
 35.000     0.721000     0.096000
 45.000     0.866000     0.082000
 55.000     0.955000     0.071000
 65.000     0.884000     0.064000
 75.000     0.939000     0.060000
 85.000     1.055000     0.058000
 95.000     0.945000     0.057000
105.000     0.906000     0.059000
115.000     0.917000     0.059000
125.000     0.884000     0.064000
135.000     0.819000     0.069000
145.000     0.568000     0.078000
155.000     0.454000     0.093000
165.000     0.344000     0.121000
175.000     0.040000     0.228000
----------------------------------------------------------
E =  228.000 MeV, E_lo =  227.000 MeV, E_hi =  229.000 MeV
Systematic = 0.050000, Preliminary = 0, PSEUDO_MAID
  5.000    -0.120000     0.277000
 15.000     0.242000     0.155000
 25.000     0.563000     0.114000
 35.000     0.902000     0.094000
 45.000     0.818000     0.080000
 55.000     0.830000     0.068000
 65.000     0.941000     0.062000
 75.000     0.957000     0.059000
 85.000     1.031000     0.055000
 95.000     0.885000     0.055000
105.000     0.947000     0.056000
115.000     0.865000     0.057000
125.000     0.785000     0.062000
135.000     0.810000     0.068000
145.000     0.623000     0.077000
155.000     0.358000     0.091000
165.000     0.123000     0.114000
175.000     0.331000     0.203000
----------------------------------------------------------
E =  230.000 MeV, E_lo =  229.000 MeV, E_hi =  231.000 MeV
Systematic = 0.050000, Preliminary = 0, PSEUDO_MAID
  5.000    -0.097000     0.272000
 15.000     0.115000     0.148000
 25.000     0.840000     0.115000
 35.000     0.667000     0.089000
 45.000     0.839000     0.075000
 55.000     0.851000     0.066000
 65.000     1.062000     0.061000
 75.000     0.946000     0.056000
 85.000     0.960000     0.054000
 95.000     0.837000     0.052000
105.000     0.928000     0.053000
115.000     0.864000     0.056000
125.000     0.851000     0.059000
135.000     0.769000     0.066000
145.000     0.435000     0.073000
155.000     0.447000     0.086000
165.000     0.212000     0.114000
175.000    -0.272000     0.200000
----------------------------------------------------------
E =  232.000 MeV, E_lo =  231.000 MeV, E_hi =  233.000 MeV
Systematic = 0.050000, Preliminary = 0, PSEUDO_MAID
  5.000     0.262000     0.276000
 15.000     0.472000     0.146000
 25.000     0.752000     0.109000
 35.000     0.579000     0.085000
 45.000     0.815000     0.073000
 55.000     0.940000     0.064000
 65.000     0.840000     0.057000
 75.000     1.014000     0.055000
 85.000     1.034000     0.052000
 95.000     0.990000     0.051000
105.000     0.868000     0.051000
115.000     0.850000     0.053000
125.000     0.869000     0.058000
135.000     0.877000     0.064000
145.000     0.579000     0.073000
155.000     0.427000     0.085000
165.000     0.307000     0.114000
175.000    -0.172000     0.190000
----------------------------------------------------------
E =  234.000 MeV, E_lo =  233.000 MeV, E_hi =  235.000 MeV
Systematic = 0.050000, Preliminary = 0, PSEUDO_MAID
  5.000     0.077000     0.241000
 15.000     0.380000     0.137000
 25.000     0.542000     0.105000
 35.000     0.686000     0.082000
 45.000     0.763000     0.069000
 55.000     0.781000     0.062000
 65.000     0.915000     0.056000
 75.000     0.971000     0.052000
 85.000     0.936000     0.050000
 95.000     0.959000     0.049000
105.000     0.936000     0.050000
115.000     0.913000     0.052000
125.000     0.857000     0.055000
135.000     0.587000     0.061000
145.000     0.464000     0.069000
155.000     0.503000     0.084000
165.000     0.343000     0.107000
175.000     0.479000     0.195000
----------------------------------------------------------
E =  236.000 MeV, E_lo =  235.000 MeV, E_hi =  237.000 MeV
Systematic = 0.050000, Preliminary = 0, PSEUDO_MAID
  5.000    -0.045000     0.236000
 15.000     0.467000     0.136000
 25.000     0.709000     0.100000
 35.000     0.715000     0.078000
 45.000     0.756000     0.068000
 55.000     0.704000     0.059000
 65.000     0.908000     0.053000
 75.000     0.952000     0.050000
 85.000     0.946000     0.048000
 95.000     0.981000     0.048000
105.000     0.885000     0.047000
115.000     0.835000     0.051000
125.000     0.839000     0.054000
135.000     0.692000     0.059000
145.000     0.533000     0.068000
155.000     0.638000     0.083000
165.000     0.196000     0.103000
175.000     0.433000     0.184000
----------------------------------------------------------
E =  238.000 MeV, E_lo =  237.000 MeV, E_hi =  239.000 MeV
Systematic = 0.050000, Preliminary = 0, PSEUDO_MAID
  5.000     0.038000     0.215000
 15.000     0.317000     0.130000
 25.000     0.537000     0.094000
 35.000     0.719000     0.077000
 45.000     0.857000     0.065000
 55.000     0.885000     0.057000
 65.000     1.013000     0.052000
 75.000     0.970000     0.048000
 85.000     1.004000     0.047000
 95.000     0.938000     0.045000
105.000     0.864000     0.047000
115.000     0.830000     0.048000
125.000     0.777000     0.052000
135.000     0.661000     0.057000
145.000     0.607000     0.065000
155.000     0.389000     0.078000
165.000     0.254000     0.104000
175.000     0.026000     0.179000
----------------------------------------------------------
E =  240.000 MeV, E_lo =  239.000 MeV, E_hi =  241.000 MeV
Systematic = 0.050000, Preliminary = 0, PSEUDO_MAID
  5.000     0.387000     0.222000
 15.000     0.302000     0.124000
 25.000     0.682000     0.093000
 35.000     0.752000     0.076000
 45.000     0.816000     0.062000
 55.000     0.813000     0.054000
 65.000     0.886000     0.050000
 75.000     0.880000     0.046000
 85.000     0.952000     0.045000
 95.000     0.945000     0.044000
105.000     0.888000     0.045000
115.000     0.891000     0.047000
125.000     0.768000     0.050000
135.000     0.687000     0.055000
145.000     0.674000     0.063000
155.000     0.481000     0.075000
165.000     0.349000     0.101000
175.000     0.128000     0.166000
----------------------------------------------------------
E =  242.000 MeV, E_lo =  241.000 MeV, E_hi =  243.000 MeV
Systematic = 0.050000, Preliminary = 0, PSEUDO_MAID
  5.000    -0.061000     0.210000
 15.000     0.248000     0.120000
 25.000     0.519000     0.088000
 35.000     0.727000     0.071000
 45.000     0.765000     0.060000
 55.000     0.748000     0.053000
 65.000     0.928000     0.048000
 75.000     0.895000     0.044000
 85.000     0.874000     0.043000
 95.000     0.951000     0.042000
105.000     0.913000     0.044000
115.000     0.873000     0.046000
125.000     0.778000     0.048000
135.000     0.668000     0.053000
145.000     0.604000     0.061000
155.000     0.566000     0.074000
165.000     0.420000     0.097000
175.000     0.297000     0.164000
----------------------------------------------------------
E =  244.000 MeV, E_lo =  243.000 MeV, E_hi =  245.000 MeV
Systematic = 0.050000, Preliminary = 0, PSEUDO_MAID
  5.000     0.176000     0.213000
 15.000     0.458000     0.121000
 25.000     0.530000     0.086000
 35.000     0.695000     0.068000
 45.000     0.770000     0.058000
 55.000     0.919000     0.052000
 65.000     0.933000     0.046000
 75.000     0.949000     0.043000
 85.000     0.904000     0.041000
 95.000     0.916000     0.041000
105.000     0.916000     0.042000
115.000     0.868000     0.044000
125.000     0.796000     0.047000
135.000     0.777000     0.053000
145.000     0.628000     0.060000
155.000     0.399000     0.073000
165.000     0.319000     0.097000
175.000     0.334000     0.164000
----------------------------------------------------------
E =  246.000 MeV, E_lo =  245.000 MeV, E_hi =  247.000 MeV
Systematic = 0.050000, Preliminary = 0, PSEUDO_MAID
  5.000    -0.105000     0.204000
 15.000     0.378000     0.112000
 25.000     0.646000     0.083000
 35.000     0.732000     0.066000
 45.000     0.734000     0.056000
 55.000     0.878000     0.050000
 65.000     0.905000     0.045000
 75.000     0.973000     0.042000
 85.000     0.946000     0.040000
 95.000     0.990000     0.039000
105.000     0.907000     0.041000
115.000     0.882000     0.042000
125.000     0.852000     0.046000
135.000     0.758000     0.051000
145.000     0.630000     0.058000
155.000     0.577000     0.071000
165.000     0.179000     0.090000
175.000    -0.084000     0.158000
----------------------------------------------------------
E =  248.000 MeV, E_lo =  247.000 MeV, E_hi =  249.000 MeV
Systematic = 0.050000, Preliminary = 0, PSEUDO_MAID
  5.000     0.153000     0.190000
 15.000     0.513000     0.108000
 25.000     0.484000     0.081000
 35.000     0.794000     0.065000
 45.000     0.790000     0.055000
 55.000     0.818000     0.048000
 65.000     0.879000     0.043000
 75.000     0.930000     0.041000
 85.000     0.989000     0.039000
 95.000     0.869000     0.038000
105.000     0.943000     0.039000
115.000     0.889000     0.041000
125.000     0.868000     0.045000
135.000     0.721000     0.049000
145.000     0.712000     0.056000
155.000     0.486000     0.067000
165.000     0.245000     0.091000
175.000     0.115000     0.154000
----------------------------------------------------------
E =  250.000 MeV, E_lo =  249.000 MeV, E_hi =  251.000 MeV
Systematic = 0.050000, Preliminary = 0, PSEUDO_MAID
  5.000     0.321000     0.188000
 15.000     0.471000     0.106000
 25.000     0.609000     0.078000
 35.000     0.911000     0.064000
 45.000     0.788000     0.053000
 55.000     0.867000     0.046000
 65.000     0.897000     0.041000
 75.000     0.914000     0.039000
 85.000     0.907000     0.037000
 95.000     0.926000     0.037000
105.000     0.857000     0.038000
115.000     0.853000     0.040000
125.000     0.842000     0.043000
135.000     0.747000     0.048000
145.000     0.590000     0.055000
155.000     0.472000     0.067000
165.000     0.315000     0.088000
175.000     0.034000     0.155000
----------------------------------------------------------
E =  252.000 MeV, E_lo =  251.000 MeV, E_hi =  253.000 MeV
Systematic = 0.050000, Preliminary = 0, PSEUDO_MAID
  5.000     0.379000     0.185000
 15.000     0.360000     0.102000
 25.000     0.728000     0.075000
 35.000     0.728000     0.061000
 45.000     0.854000     0.051000
 55.000     0.848000     0.044000
 65.000     0.895000     0.040000
 75.000     0.965000     0.038000
 85.000     0.988000     0.036000
 95.000     0.912000     0.036000
105.000     0.928000     0.037000
115.000     0.809000     0.038000
125.000     0.813000     0.042000
135.000     0.708000     0.046000
145.000     0.684000     0.053000
155.000     0.424000     0.064000
165.000     0.290000     0.085000
175.000     0.301000     0.145000
----------------------------------------------------------
E =  254.000 MeV, E_lo =  253.000 MeV, E_hi =  255.000 MeV
Systematic = 0.050000, Preliminary = 0, PSEUDO_MAID
  5.000     0.373000     0.172000
 15.000     0.362000     0.098000
 25.000     0.578000     0.073000
 35.000     0.722000     0.059000
 45.000     0.794000     0.049000
 55.000     0.859000     0.043000
 65.000     0.945000     0.039000
 75.000     0.928000     0.036000
 85.000     0.931000     0.035000
 95.000     0.912000     0.035000
105.000     0.934000     0.035000
115.000     0.886000     0.037000
125.000     0.898000     0.041000
135.000     0.706000     0.045000
145.000     0.570000     0.052000
155.000     0.470000     0.062000
165.000     0.305000     0.083000
175.000     0.114000     0.140000
----------------------------------------------------------
E =  256.000 MeV, E_lo =  255.000 MeV, E_hi =  257.000 MeV
Systematic = 0.050000, Preliminary = 0, PSEUDO_MAID
  5.000     0.113000     0.172000
 15.000     0.330000     0.097000
 25.000     0.619000     0.071000
 35.000     0.775000     0.057000
 45.000     0.837000     0.048000
 55.000     0.923000     0.042000
 65.000     0.958000     0.038000
 75.000     0.953000     0.035000
 85.000     0.944000     0.034000
 95.000     0.875000     0.033000
105.000     0.856000     0.034000
115.000     0.919000     0.036000
125.000     0.819000     0.039000
135.000     0.798000     0.044000
145.000     0.651000     0.050000
155.000     0.507000     0.061000
165.000     0.306000     0.081000
175.000     0.082000     0.142000
----------------------------------------------------------
E =  258.000 MeV, E_lo =  257.000 MeV, E_hi =  259.000 MeV
Systematic = 0.050000, Preliminary = 0, PSEUDO_MAID
  5.000     0.265000     0.161000
 15.000     0.473000     0.091000
 25.000     0.550000     0.069000
 35.000     0.707000     0.054000
 45.000     0.848000     0.046000
 55.000     0.908000     0.040000
 65.000     0.893000     0.036000
 75.000     0.954000     0.034000
 85.000     0.928000     0.033000
 95.000     0.911000     0.032000
105.000     0.898000     0.033000
115.000     0.811000     0.035000
125.000     0.798000     0.038000
135.000     0.732000     0.042000
145.000     0.583000     0.049000
155.000     0.549000     0.059000
165.000     0.222000     0.079000
175.000     0.143000     0.139000
----------------------------------------------------------
E =  260.000 MeV, E_lo =  259.000 MeV, E_hi =  261.000 MeV
Systematic = 0.050000, Preliminary = 0, PSEUDO_MAID
  5.000    -0.053000     0.160000
 15.000     0.541000     0.089000
 25.000     0.589000     0.067000
 35.000     0.864000     0.053000
 45.000     0.839000     0.044000
 55.000     0.864000     0.039000
 65.000     0.955000     0.035000
 75.000     0.885000     0.033000
 85.000     0.870000     0.031000
 95.000     0.981000     0.032000
105.000     0.896000     0.032000
115.000     0.875000     0.034000
125.000     0.863000     0.037000
135.000     0.673000     0.041000
145.000     0.657000     0.048000
155.000     0.581000     0.058000
165.000     0.232000     0.076000
175.000     0.029000     0.140000
----------------------------------------------------------
E =  262.000 MeV, E_lo =  261.000 MeV, E_hi =  263.000 MeV
Systematic = 0.050000, Preliminary = 0, PSEUDO_MAID
  5.000     0.236000     0.157000
 15.000     0.356000     0.087000
 25.000     0.632000     0.065000
 35.000     0.718000     0.051000
 45.000     0.795000     0.043000
 55.000     0.866000     0.038000
 65.000     0.939000     0.034000
 75.000     0.895000     0.032000
 85.000     0.913000     0.031000
 95.000     0.894000     0.030000
105.000     0.852000     0.031000
115.000     0.899000     0.033000
125.000     0.862000     0.036000
135.000     0.690000     0.040000
145.000     0.612000     0.046000
155.000     0.552000     0.056000
165.000     0.376000     0.074000
175.000    -0.034000     0.137000
----------------------------------------------------------
E =  264.000 MeV, E_lo =  263.000 MeV, E_hi =  265.000 MeV
Systematic = 0.050000, Preliminary = 0, PSEUDO_MAID
  5.000     0.189000     0.150000
 15.000     0.387000     0.085000
 25.000     0.639000     0.062000
 35.000     0.785000     0.050000
 45.000     0.861000     0.042000
 55.000     0.931000     0.037000
 65.000     0.878000     0.033000
 75.000     0.899000     0.031000
 85.000     0.902000     0.030000
 95.000     0.914000     0.030000
105.000     0.933000     0.030000
115.000     0.846000     0.032000
125.000     0.801000     0.035000
135.000     0.786000     0.039000
145.000     0.627000     0.045000
155.000     0.464000     0.054000
165.000     0.375000     0.073000
175.000     0.282000     0.129000
----------------------------------------------------------
E =  266.000 MeV, E_lo =  265.000 MeV, E_hi =  267.000 MeV
Systematic = 0.050000, Preliminary = 0, PSEUDO_MAID
  5.000     0.288000     0.146000
 15.000     0.544000     0.082000
 25.000     0.662000     0.060000
 35.000     0.716000     0.048000
 45.000     0.782000     0.040000
 55.000     0.822000     0.035000
 65.000     0.889000     0.032000
 75.000     0.904000     0.030000
 85.000     0.872000     0.029000
 95.000     0.910000     0.029000
105.000     0.881000     0.029000
115.000     0.895000     0.031000
125.000     0.812000     0.034000
135.000     0.748000     0.038000
145.000     0.720000     0.044000
155.000     0.490000     0.053000
165.000     0.409000     0.070000
175.000     0.119000     0.128000
----------------------------------------------------------
E =  268.000 MeV, E_lo =  267.000 MeV, E_hi =  269.000 MeV
Systematic = 0.050000, Preliminary = 0, PSEUDO_MAID
  5.000     0.322000     0.142000
 15.000     0.339000     0.078000
 25.000     0.603000     0.059000
 35.000     0.795000     0.048000
 45.000     0.815000     0.040000
 55.000     0.855000     0.034000
 65.000     0.894000     0.031000
 75.000     0.901000     0.029000
 85.000     0.924000     0.028000
 95.000     0.926000     0.028000
105.000     0.933000     0.029000
115.000     0.847000     0.030000
125.000     0.791000     0.033000
135.000     0.747000     0.037000
145.000     0.694000     0.044000
155.000     0.427000     0.052000
165.000     0.364000     0.070000
175.000     0.383000     0.125000
----------------------------------------------------------
E =  270.000 MeV, E_lo =  269.000 MeV, E_hi =  271.000 MeV
Systematic = 0.050000, Preliminary = 0, PSEUDO_MAID
  5.000     0.033000     0.133000
 15.000     0.441000     0.078000
 25.000     0.589000     0.057000
 35.000     0.789000     0.046000
 45.000     0.936000     0.039000
 55.000     0.860000     0.034000
 65.000     0.875000     0.030000
 75.000     0.901000     0.028000
 85.000     0.916000     0.027000
 95.000     0.903000     0.027000
105.000     0.911000     0.028000
115.000     0.878000     0.029000
125.000     0.773000     0.032000
135.000     0.742000     0.036000
145.000     0.679000     0.042000
155.000     0.466000     0.051000
165.000     0.459000     0.069000
175.000     0.049000     0.121000
----------------------------------------------------------
E =  272.000 MeV, E_lo =  271.000 MeV, E_hi =  273.000 MeV
Systematic = 0.050000, Preliminary = 0, PSEUDO_MAID
  5.000     0.472000     0.137000
 15.000     0.459000     0.076000
 25.000     0.551000     0.055000
 35.000     0.741000     0.044000
 45.000     0.866000     0.037000
 55.000     0.905000     0.032000
 65.000     0.911000     0.029000
 75.000     0.933000     0.027000
 85.000     0.877000     0.026000
 95.000     0.886000     0.026000
105.000     0.873000     0.027000
115.000     0.869000     0.029000
125.000     0.826000     0.031000
135.000     0.847000     0.035000
145.000     0.744000     0.042000
155.000     0.497000     0.050000
165.000     0.316000     0.067000
175.000    -0.058000     0.115000
----------------------------------------------------------
E =  274.000 MeV, E_lo =  273.000 MeV, E_hi =  275.000 MeV
Systematic = 0.050000, Preliminary = 0, PSEUDO_MAID
  5.000     0.162000     0.129000
 15.000     0.368000     0.073000
 25.000     0.644000     0.054000
 35.000     0.738000     0.043000
 45.000     0.806000     0.036000
 55.000     0.857000     0.031000
 65.000     0.896000     0.028000
 75.000     0.951000     0.027000
 85.000     0.866000     0.026000
 95.000     0.918000     0.026000
105.000     0.877000     0.026000
115.000     0.854000     0.028000
125.000     0.856000     0.030000
135.000     0.680000     0.034000
145.000     0.658000     0.041000
155.000     0.523000     0.049000
165.000     0.317000     0.065000
175.000     0.167000     0.115000
----------------------------------------------------------
E =  276.000 MeV, E_lo =  275.000 MeV, E_hi =  277.000 MeV
Systematic = 0.050000, Preliminary = 0, PSEUDO_MAID
  5.000     0.154000     0.126000
 15.000     0.392000     0.070000
 25.000     0.528000     0.052000
 35.000     0.679000     0.042000
 45.000     0.810000     0.035000
 55.000     0.865000     0.031000
 65.000     0.884000     0.027000
 75.000     0.883000     0.026000
 85.000     0.938000     0.025000
 95.000     0.862000     0.025000
105.000     0.881000     0.025000
115.000     0.881000     0.027000
125.000     0.863000     0.030000
135.000     0.761000     0.034000
145.000     0.674000     0.040000
155.000     0.571000     0.049000
165.000     0.311000     0.065000
175.000     0.309000     0.114000
----------------------------------------------------------
E =  278.000 MeV, E_lo =  277.000 MeV, E_hi =  279.000 MeV
Systematic = 0.050000, Preliminary = 0, PSEUDO_MAID
  5.000     0.239000     0.122000
 15.000     0.476000     0.069000
 25.000     0.744000     0.051000
 35.000     0.755000     0.041000
 45.000     0.777000     0.034000
 55.000     0.865000     0.030000
 65.000     0.838000     0.027000
 75.000     0.950000     0.025000
 85.000     0.906000     0.024000
 95.000     0.896000     0.024000
105.000     0.918000     0.025000
115.000     0.901000     0.026000
125.000     0.820000     0.029000
135.000     0.790000     0.033000
145.000     0.600000     0.038000
155.000     0.578000     0.047000
165.000     0.379000     0.063000
175.000     0.241000     0.109000
----------------------------------------------------------
E =  280.000 MeV, E_lo =  279.000 MeV, E_hi =  281.000 MeV
Systematic = 0.050000, Preliminary = 0, PSEUDO_MAID
  5.000     0.276000     0.117000
 15.000     0.412000     0.067000
 25.000     0.605000     0.049000
 35.000     0.789000     0.040000
 45.000     0.933000     0.033000
 55.000     0.838000     0.029000
 65.000     0.899000     0.026000
 75.000     0.893000     0.024000
 85.000     0.878000     0.024000
 95.000     0.860000     0.023000
105.000     0.855000     0.024000
115.000     0.862000     0.026000
125.000     0.811000     0.028000
135.000     0.775000     0.032000
145.000     0.619000     0.038000
155.000     0.524000     0.047000
165.000     0.308000     0.062000
175.000     0.203000     0.110000
----------------------------------------------------------
E =  282.000 MeV, E_lo =  281.000 MeV, E_hi =  283.000 MeV
Systematic = 0.050000, Preliminary = 0, PSEUDO_MAID
  5.000     0.100000     0.119000
 15.000     0.437000     0.066000
 25.000     0.529000     0.048000
 35.000     0.775000     0.039000
 45.000     0.817000     0.032000
 55.000     0.868000     0.028000
 65.000     0.872000     0.026000
 75.000     0.861000     0.024000
 85.000     0.912000     0.023000
 95.000     0.913000     0.023000
105.000     0.884000     0.024000
115.000     0.795000     0.025000
125.000     0.782000     0.028000
135.000     0.723000     0.031000
145.000     0.621000     0.037000
155.000     0.539000     0.045000
165.000     0.294000     0.060000
175.000     0.247000     0.109000
----------------------------------------------------------
E =  284.000 MeV, E_lo =  283.000 MeV, E_hi =  285.000 MeV
Systematic = 0.050000, Preliminary = 0, PSEUDO_MAID
  5.000     0.207000     0.114000
 15.000     0.410000     0.065000
 25.000     0.625000     0.047000
 35.000     0.782000     0.038000
 45.000     0.829000     0.032000
 55.000     0.873000     0.028000
 65.000     0.919000     0.025000
 75.000     0.879000     0.023000
 85.000     0.933000     0.023000
 95.000     0.943000     0.023000
105.000     0.903000     0.023000
115.000     0.876000     0.025000
125.000     0.814000     0.027000
135.000     0.736000     0.031000
145.000     0.665000     0.037000
155.000     0.633000     0.045000
165.000     0.403000     0.061000
175.000     0.165000     0.108000
----------------------------------------------------------
E =  286.000 MeV, E_lo =  285.000 MeV, E_hi =  287.000 MeV
Systematic = 0.050000, Preliminary = 0, PSEUDO_MAID
  5.000     0.279000     0.111000
 15.000     0.445000     0.063000
 25.000     0.614000     0.046000
 35.000     0.757000     0.037000
 45.000     0.797000     0.031000
 55.000     0.858000     0.027000
 65.000     0.872000     0.024000
 75.000     0.906000     0.023000
 85.000     0.895000     0.022000
 95.000     0.861000     0.022000
105.000     0.916000     0.023000
115.000     0.831000     0.024000
125.000     0.829000     0.027000
135.000     0.721000     0.030000
145.000     0.671000     0.036000
155.000     0.594000     0.045000
165.000     0.340000     0.058000
175.000     0.140000     0.107000
----------------------------------------------------------
E =  288.000 MeV, E_lo =  287.000 MeV, E_hi =  289.000 MeV
Systematic = 0.050000, Preliminary = 0, PSEUDO_MAID
  5.000     0.249000     0.110000
 15.000     0.466000     0.061000
 25.000     0.600000     0.045000
 35.000     0.732000     0.036000
 45.000     0.812000     0.030000
 55.000     0.924000     0.026000
 65.000     0.861000     0.024000
 75.000     0.900000     0.022000
 85.000     0.889000     0.022000
 95.000     0.842000     0.021000
105.000     0.850000     0.022000
115.000     0.830000     0.024000
125.000     0.772000     0.026000
135.000     0.735000     0.030000
145.000     0.625000     0.035000
155.000     0.570000     0.043000
165.000     0.418000     0.057000
175.000     0.264000     0.104000
----------------------------------------------------------
E =  290.000 MeV, E_lo =  289.000 MeV, E_hi =  291.000 MeV
Systematic = 0.050000, Preliminary = 0, PSEUDO_MAID
  5.000     0.143000     0.109000
 15.000     0.430000     0.060000
 25.000     0.586000     0.045000
 35.000     0.755000     0.035000
 45.000     0.803000     0.030000
 55.000     0.880000     0.026000
 65.000     0.882000     0.023000
 75.000     0.892000     0.022000
 85.000     0.908000     0.021000
 95.000     0.903000     0.021000
105.000     0.871000     0.022000
115.000     0.894000     0.023000
125.000     0.857000     0.026000
135.000     0.746000     0.030000
145.000     0.673000     0.035000
155.000     0.542000     0.043000
165.000     0.390000     0.058000
175.000    -0.037000     0.102000
----------------------------------------------------------
E =  292.000 MeV, E_lo =  291.000 MeV, E_hi =  293.000 MeV
Systematic = 0.050000, Preliminary = 0, PSEUDO_MAID
  5.000     0.340000     0.103000
 15.000     0.542000     0.061000
 25.000     0.608000     0.044000
 35.000     0.755000     0.035000
 45.000     0.852000     0.029000
 55.000     0.820000     0.025000
 65.000     0.876000     0.023000
 75.000     0.865000     0.021000
 85.000     0.854000     0.021000
 95.000     0.868000     0.021000
105.000     0.864000     0.021000
115.000     0.873000     0.023000
125.000     0.829000     0.025000
135.000     0.765000     0.029000
145.000     0.686000     0.034000
155.000     0.519000     0.042000
165.000     0.450000     0.057000
175.000     0.216000     0.101000
----------------------------------------------------------
E =  294.000 MeV, E_lo =  293.000 MeV, E_hi =  295.000 MeV
Systematic = 0.050000, Preliminary = 0, PSEUDO_MAID
  5.000     0.130000     0.100000
 15.000     0.460000     0.058000
 25.000     0.700000     0.043000
 35.000     0.773000     0.034000
 45.000     0.806000     0.028000
 55.000     0.887000     0.025000
 65.000     0.847000     0.023000
 75.000     0.873000     0.021000
 85.000     0.855000     0.020000
 95.000     0.885000     0.020000
105.000     0.862000     0.021000
115.000     0.872000     0.023000
125.000     0.789000     0.025000
135.000     0.716000     0.028000
145.000     0.656000     0.033000
155.000     0.599000     0.042000
165.000     0.375000     0.057000
175.000     0.124000     0.101000
----------------------------------------------------------
E =  296.000 MeV, E_lo =  295.000 MeV, E_hi =  297.000 MeV
Systematic = 0.050000, Preliminary = 0, PSEUDO_MAID
  5.000     0.246000     0.102000
 15.000     0.412000     0.056000
 25.000     0.658000     0.042000
 35.000     0.734000     0.033000
 45.000     0.835000     0.028000
 55.000     0.866000     0.024000
 65.000     0.894000     0.022000
 75.000     0.900000     0.021000
 85.000     0.859000     0.020000
 95.000     0.854000     0.020000
105.000     0.893000     0.021000
115.000     0.847000     0.022000
125.000     0.777000     0.024000
135.000     0.723000     0.028000
145.000     0.659000     0.033000
155.000     0.584000     0.042000
165.000     0.431000     0.056000
175.000     0.309000     0.099000
----------------------------------------------------------
E =  298.000 MeV, E_lo =  297.000 MeV, E_hi =  299.000 MeV
Systematic = 0.050000, Preliminary = 0, PSEUDO_MAID
  5.000     0.345000     0.100000
 15.000     0.425000     0.057000
 25.000     0.614000     0.041000
 35.000     0.735000     0.033000
 45.000     0.864000     0.028000
 55.000     0.813000     0.024000
 65.000     0.839000     0.022000
 75.000     0.891000     0.020000
 85.000     0.860000     0.020000
 95.000     0.886000     0.020000
105.000     0.861000     0.020000
115.000     0.854000     0.022000
125.000     0.797000     0.024000
135.000     0.752000     0.028000
145.000     0.677000     0.033000
155.000     0.586000     0.041000
165.000     0.319000     0.054000
175.000     0.271000     0.101000
----------------------------------------------------------
E =  300.000 MeV, E_lo =  299.000 MeV, E_hi =  301.000 MeV
Systematic = 0.050000, Preliminary = 0, PSEUDO_MAID
  5.000     0.288000     0.098000
 15.000     0.387000     0.055000
 25.000     0.614000     0.041000
 35.000     0.726000     0.032000
 45.000     0.837000     0.027000
 55.000     0.828000     0.023000
 65.000     0.902000     0.021000
 75.000     0.865000     0.020000
 85.000     0.852000     0.019000
 95.000     0.863000     0.019000
105.000     0.838000     0.020000
115.000     0.804000     0.021000
125.000     0.830000     0.024000
135.000     0.773000     0.027000
145.000     0.654000     0.032000
155.000     0.612000     0.041000
165.000     0.380000     0.055000
175.000     0.153000     0.095000
----------------------------------------------------------
E =  302.000 MeV, E_lo =  301.000 MeV, E_hi =  303.000 MeV
Systematic = 0.050000, Preliminary = 0, PSEUDO_MAID
  5.000     0.296000     0.097000
 15.000     0.406000     0.054000
 25.000     0.678000     0.040000
 35.000     0.726000     0.032000
 45.000     0.824000     0.027000
 55.000     0.858000     0.023000
 65.000     0.873000     0.021000
 75.000     0.882000     0.020000
 85.000     0.843000     0.019000
 95.000     0.874000     0.019000
105.000     0.845000     0.020000
115.000     0.831000     0.021000
125.000     0.803000     0.024000
135.000     0.746000     0.027000
145.000     0.678000     0.032000
155.000     0.528000     0.040000
165.000     0.445000     0.055000
175.000     0.146000     0.097000
----------------------------------------------------------
E =  304.000 MeV, E_lo =  303.000 MeV, E_hi =  305.000 MeV
Systematic = 0.050000, Preliminary = 0, PSEUDO_MAID
  5.000     0.309000     0.095000
 15.000     0.489000     0.054000
 25.000     0.617000     0.040000
 35.000     0.719000     0.032000
 45.000     0.820000     0.026000
 55.000     0.856000     0.023000
 65.000     0.877000     0.021000
 75.000     0.871000     0.020000
 85.000     0.875000     0.019000
 95.000     0.866000     0.019000
105.000     0.856000     0.020000
115.000     0.828000     0.021000
125.000     0.767000     0.023000
135.000     0.729000     0.027000
145.000     0.693000     0.032000
155.000     0.594000     0.040000
165.000     0.422000     0.054000
175.000     0.071000     0.100000
----------------------------------------------------------
E =  306.000 MeV, E_lo =  305.000 MeV, E_hi =  307.000 MeV
Systematic = 0.050000, Preliminary = 0, PSEUDO_MAID
  5.000     0.364000     0.097000
 15.000     0.419000     0.053000
 25.000     0.650000     0.040000
 35.000     0.762000     0.031000
 45.000     0.822000     0.026000
 55.000     0.800000     0.023000
 65.000     0.836000     0.021000
 75.000     0.865000     0.019000
 85.000     0.859000     0.019000
 95.000     0.864000     0.019000
105.000     0.835000     0.019000
115.000     0.836000     0.021000
125.000     0.807000     0.023000
135.000     0.773000     0.027000
145.000     0.716000     0.032000
155.000     0.618000     0.040000
165.000     0.322000     0.054000
175.000     0.263000     0.096000
----------------------------------------------------------
E =  308.000 MeV, E_lo =  307.000 MeV, E_hi =  309.000 MeV
Systematic = 0.050000, Preliminary = 0, PSEUDO_MAID
  5.000     0.348000     0.095000
 15.000     0.418000     0.053000
 25.000     0.660000     0.039000
 35.000     0.788000     0.031000
 45.000     0.768000     0.026000
 55.000     0.853000     0.023000
 65.000     0.856000     0.020000
 75.000     0.844000     0.019000
 85.000     0.839000     0.019000
 95.000     0.869000     0.019000
105.000     0.831000     0.019000
115.000     0.806000     0.021000
125.000     0.805000     0.023000
135.000     0.752000     0.026000
145.000     0.677000     0.032000
155.000     0.536000     0.040000
165.000     0.401000     0.054000
175.000     0.243000     0.097000
----------------------------------------------------------
E =  310.000 MeV, E_lo =  309.000 MeV, E_hi =  311.000 MeV
Systematic = 0.050000, Preliminary = 0, PSEUDO_MAID
  5.000     0.141000     0.134000
 15.000     0.480000     0.073000
 25.000     0.540000     0.054000
 35.000     0.762000     0.043000
 45.000     0.808000     0.036000
 55.000     0.851000     0.032000
 65.000     0.867000     0.029000
 75.000     0.860000     0.027000
 85.000     0.863000     0.026000
 95.000     0.804000     0.026000
105.000     0.831000     0.027000
115.000     0.747000     0.029000
125.000     0.777000     0.032000
135.000     0.790000     0.037000
145.000     0.659000     0.045000
155.000     0.643000     0.057000
165.000     0.327000     0.076000
175.000     0.182000     0.137000
----------------------------------------------------------
