E =  146.000 MeV, Wght = 1.00, Syst = 0.05
 25.000   -6.267000    8.862000
 35.000   -6.267000    8.862000
 45.000   -2.089000    3.814000
 55.000   -1.253000    2.858000
 65.000   -1.253000    2.021000
 75.000   -0.895000    2.393000
 85.000    2.848000    2.075000
 95.000    0.272000    1.308000
105.000    1.492000    1.406000
125.000    1.709000    1.385000
135.000    2.089000    1.907000
145.000   -1.567000    1.615000
155.000    1.446000    1.784000
165.000   -2.089000    2.202000
175.000   -6.267000    8.862000
------------------------------------------
E =  148.000 MeV, Wght = 1.00, Syst = 0.05
 15.000    6.173000    8.731000
 25.000   -2.646000    2.539000
 35.000    2.646000    2.539000
 45.000    1.235000    1.991000
 55.000   -3.324000    1.945000
 65.000    0.882000    2.357000
 75.000    0.561000    1.322000
 85.000   -1.143000    1.208000
105.000    1.168000    1.033000
115.000    0.537000    0.914000
125.000   -0.325000    1.003000
135.000   -1.235000    0.939000
145.000    1.587000    1.077000
155.000    1.490000    1.179000
165.000    2.646000    1.795000
------------------------------------------
E =  150.000 MeV, Wght = 1.00, Syst = 0.05
 15.000    2.027000    3.700000
 25.000   -3.648000    3.171000
 45.000    0.507000    1.245000
 55.000   -2.432000    1.196000
 65.000   -0.793000    0.904000
 75.000   -0.715000    1.050000
 95.000    0.760000    0.766000
105.000   -1.106000    0.761000
115.000    1.013000    0.796000
125.000    0.785000    0.779000
135.000    0.243000    0.861000
145.000    0.553000    0.920000
175.000    2.432000    2.071000
------------------------------------------
E =  152.000 MeV, Wght = 1.00, Syst = 0.05
  5.000    2.995000    3.349000
 15.000   -1.634000    1.872000
 25.000   -1.997000    1.823000
 35.000   -1.607000    0.969000
 45.000    0.374000    1.061000
 55.000   -1.892000    1.019000
 65.000   -0.508000    0.783000
 75.000    0.599000    0.777000
 85.000   -0.207000    0.643000
 95.000    0.531000    0.677000
105.000    0.418000    0.647000
115.000    0.557000    0.649000
125.000    0.726000    0.743000
135.000    0.545000    0.685000
145.000   -0.295000    0.768000
155.000    1.382000    0.984000
165.000   -0.856000    1.023000
175.000    3.423000    1.844000
------------------------------------------
E =  154.000 MeV, Wght = 1.00, Syst = 0.05
  5.000   -1.181000    2.692000
 15.000    1.968000    1.796000
 25.000   -0.160000    0.971000
 35.000   -0.361000    0.845000
 45.000   -0.571000    0.753000
 55.000    0.319000    0.687000
 65.000   -0.126000    0.609000
 75.000    0.324000    0.620000
 85.000    0.049000    0.537000
 95.000    0.375000    0.527000
105.000    0.399000    0.513000
115.000    0.496000    0.518000
125.000    0.731000    0.580000
135.000    0.492000    0.541000
145.000    0.908000    0.676000
155.000    1.145000    0.735000
165.000    2.310000    0.935000
175.000    1.610000    1.845000
------------------------------------------
E =  156.000 MeV, Wght = 1.00, Syst = 0.05
  5.000    1.939000    3.541000
 15.000   -1.343000    1.171000
 25.000   -2.618000    1.009000
 35.000   -1.544000    0.860000
 45.000   -2.945000    0.725000
 55.000   -0.913000    0.583000
 65.000   -0.097000    0.531000
 75.000    0.599000    0.502000
 85.000   -0.465000    0.477000
 95.000    0.602000    0.486000
105.000    0.570000    0.473000
115.000    1.205000    0.457000
125.000    0.875000    0.476000
135.000    0.563000    0.525000
145.000    1.442000    0.554000
155.000    0.397000    0.622000
165.000    0.342000    0.816000
175.000    2.909000    1.878000
------------------------------------------
E =  158.000 MeV, Wght = 1.00, Syst = 0.05
  5.000   -3.441000    2.991000
 15.000    0.819000    0.894000
 25.000   -0.846000    0.742000
 35.000   -0.920000    0.645000
 45.000   -0.732000    0.596000
 55.000   -0.832000    0.520000
 65.000   -0.117000    0.473000
 75.000   -0.637000    0.453000
 85.000    0.496000    0.399000
 95.000   -0.091000    0.417000
105.000    0.328000    0.381000
115.000    0.750000    0.395000
125.000    0.935000    0.386000
135.000    1.274000    0.462000
145.000    0.529000    0.505000
155.000    1.631000    0.571000
165.000    1.958000    0.669000
175.000    0.604000    0.935000
------------------------------------------
E =  160.000 MeV, Wght = 1.00, Syst = 0.05
  5.000    0.942000    1.655000
 15.000   -1.131000    0.860000
 25.000    0.246000    0.681000
 35.000   -1.235000    0.620000
 45.000   -0.663000    0.473000
 55.000   -0.328000    0.455000
 65.000   -0.108000    0.390000
 75.000   -0.823000    0.398000
 85.000   -0.288000    0.355000
 95.000   -0.041000    0.342000
105.000    0.328000    0.331000
115.000    0.325000    0.351000
125.000    0.665000    0.369000
135.000    1.293000    0.388000
145.000    1.943000    0.428000
155.000    1.583000    0.525000
165.000    1.028000    0.613000
------------------------------------------
E =  162.000 MeV, Wght = 1.00, Syst = 0.05
  5.000   -4.181000    1.742000
 15.000   -1.768000    0.913000
 25.000   -0.192000    0.598000
 35.000   -0.896000    0.534000
 45.000   -0.876000    0.477000
 55.000   -0.700000    0.398000
 65.000    0.101000    0.376000
 75.000   -0.277000    0.332000
 85.000    0.020000    0.334000
 95.000   -0.362000    0.311000
105.000    0.361000    0.296000
115.000    1.022000    0.321000
125.000    0.975000    0.335000
135.000    0.151000    0.347000
145.000    1.400000    0.388000
155.000    0.470000    0.434000
165.000    0.328000    0.553000
175.000    0.587000    0.909000
------------------------------------------
E =  164.000 MeV, Wght = 1.00, Syst = 0.05
 15.000   -0.323000    0.771000
 25.000   -0.936000    0.575000
 35.000   -0.828000    0.460000
 45.000   -1.052000    0.414000
 55.000   -0.684000    0.363000
 65.000    0.194000    0.326000
 75.000    0.019000    0.322000
 85.000   -0.016000    0.297000
 95.000    0.495000    0.284000
105.000    0.559000    0.286000
115.000    0.491000    0.306000
125.000    0.581000    0.304000
135.000    0.451000    0.337000
145.000    0.988000    0.349000
155.000    0.825000    0.393000
165.000    0.149000    0.522000
175.000   -0.916000    0.929000
------------------------------------------
E =  166.000 MeV, Wght = 1.00, Syst = 0.05
  5.000    0.175000    0.975000
 15.000   -0.678000    0.683000
 25.000   -1.085000    0.553000
 35.000   -0.690000    0.426000
 45.000   -0.559000    0.365000
 55.000   -0.931000    0.319000
 65.000    0.266000    0.301000
 75.000    0.056000    0.276000
 85.000   -0.168000    0.265000
 95.000   -0.136000    0.271000
105.000    0.133000    0.246000
115.000    0.351000    0.252000
125.000    0.145000    0.281000
135.000    0.562000    0.301000
145.000    0.822000    0.318000
155.000    0.913000    0.387000
165.000    1.024000    0.462000
175.000    1.460000    0.779000
------------------------------------------
E =  168.000 MeV, Wght = 1.00, Syst = 0.05
  5.000   -3.058000    1.165000
 15.000   -1.042000    0.621000
 25.000   -0.449000    0.469000
 35.000   -1.091000    0.381000
 45.000   -0.595000    0.322000
 55.000   -0.207000    0.317000
 65.000   -0.261000    0.272000
 75.000   -0.261000    0.258000
 95.000    0.518000    0.234000
105.000    0.523000    0.238000
115.000    0.530000    0.247000
125.000    0.802000    0.256000
135.000    0.585000    0.281000
145.000    1.100000    0.286000
155.000    0.932000    0.334000
165.000    1.364000    0.446000
175.000   -0.342000    0.782000
------------------------------------------
E =  170.000 MeV, Wght = 1.00, Syst = 0.05
  5.000   -0.528000    1.187000
 15.000   -1.056000    0.622000
 25.000   -1.195000    0.463000
 35.000   -1.384000    0.399000
 45.000   -0.440000    0.326000
 55.000   -0.130000    0.276000
 65.000    0.293000    0.260000
 75.000    0.255000    0.242000
 85.000    0.395000    0.223000
 95.000    0.416000    0.217000
105.000    0.409000    0.217000
115.000    0.796000    0.216000
125.000    0.428000    0.230000
135.000    0.462000    0.254000
145.000    0.350000    0.273000
155.000    0.117000    0.321000
165.000    1.089000    0.387000
175.000    0.660000    0.768000
------------------------------------------
E =  172.000 MeV, Wght = 1.00, Syst = 0.05
  5.000   -0.474000    1.116000
 15.000   -0.948000    0.565000
 25.000   -0.615000    0.376000
 35.000   -0.897000    0.339000
 45.000   -0.749000    0.291000
 55.000   -0.449000    0.256000
 65.000   -0.464000    0.241000
 75.000   -0.378000    0.222000
 85.000   -0.017000    0.212000
 95.000    0.541000    0.203000
105.000    0.148000    0.207000
115.000    0.707000    0.208000
125.000    0.819000    0.216000
135.000    0.955000    0.221000
145.000    0.370000    0.254000
155.000    0.956000    0.312000
165.000    0.745000    0.376000
175.000    0.928000    0.620000
------------------------------------------
E =  174.000 MeV, Wght = 1.00, Syst = 0.05
  5.000   -1.029000    0.830000
 15.000   -0.582000    0.483000
 25.000   -0.365000    0.381000
 35.000   -0.676000    0.313000
 45.000   -1.012000    0.274000
 55.000   -0.199000    0.238000
 65.000   -0.212000    0.218000
 75.000   -0.416000    0.212000
 85.000   -0.146000    0.194000
 95.000    0.158000    0.192000
105.000    0.435000    0.185000
115.000    0.624000    0.197000
125.000    0.332000    0.202000
135.000    1.113000    0.213000
145.000    1.083000    0.237000
155.000    0.682000    0.273000
165.000    1.292000    0.365000
175.000    1.459000    0.653000
------------------------------------------
E =  176.000 MeV, Wght = 1.00, Syst = 0.05
  5.000   -0.564000    0.984000
 15.000   -0.726000    0.518000
 25.000   -0.967000    0.357000
 35.000   -1.107000    0.306000
 45.000   -0.708000    0.249000
 55.000   -0.558000    0.222000
 65.000   -0.388000    0.201000
 75.000   -0.160000    0.192000
 85.000    0.250000    0.185000
 95.000    0.479000    0.185000
105.000    0.607000    0.181000
115.000    0.572000    0.186000
125.000    0.770000    0.191000
135.000    0.954000    0.201000
145.000    0.766000    0.222000
155.000    1.170000    0.276000
165.000    1.199000    0.342000
175.000    0.952000    0.646000
------------------------------------------
E =  178.000 MeV, Wght = 1.00, Syst = 0.05
  5.000   -1.770000    0.912000
 15.000   -1.839000    0.488000
 25.000   -0.646000    0.356000
 35.000   -0.843000    0.276000
 45.000   -0.793000    0.250000
 55.000   -0.208000    0.213000
 65.000   -0.331000    0.193000
 75.000   -0.139000    0.182000
 85.000    0.079000    0.174000
 95.000    0.422000    0.170000
105.000    0.099000    0.171000
115.000    0.456000    0.177000
125.000    0.779000    0.180000
135.000    0.685000    0.193000
145.000    0.968000    0.213000
155.000    0.727000    0.253000
165.000    0.971000    0.321000
175.000    0.190000    0.565000
------------------------------------------
E =  180.000 MeV, Wght = 1.00, Syst = 0.05
  5.000   -0.198000    0.701000
 15.000   -0.640000    0.412000
 25.000   -0.919000    0.339000
 35.000   -1.092000    0.279000
 45.000   -0.596000    0.222000
 55.000   -0.590000    0.197000
 65.000   -0.312000    0.184000
 75.000    0.070000    0.163000
 85.000    0.047000    0.170000
 95.000    0.335000    0.159000
105.000    0.262000    0.158000
115.000    0.692000    0.165000
125.000    0.906000    0.171000
135.000    0.722000    0.180000
145.000    1.134000    0.206000
155.000    1.140000    0.243000
165.000    1.187000    0.298000
175.000    0.612000    0.529000
------------------------------------------
E =  182.000 MeV, Wght = 1.00, Syst = 0.05
  5.000   -1.258000    0.854000
 15.000   -0.884000    0.386000
 25.000   -0.656000    0.306000
 35.000   -0.313000    0.248000
 45.000   -0.357000    0.218000
 55.000   -0.491000    0.189000
 65.000   -0.542000    0.172000
 75.000   -0.215000    0.166000
 85.000   -0.034000    0.153000
 95.000    0.371000    0.151000
105.000    0.627000    0.151000
115.000    0.717000    0.155000
125.000    0.365000    0.158000
135.000    1.001000    0.168000
145.000    1.100000    0.197000
155.000    0.849000    0.219000
165.000    1.289000    0.285000
175.000    0.858000    0.465000
------------------------------------------
E =  184.000 MeV, Wght = 1.00, Syst = 0.05
  5.000   -1.833000    0.679000
 15.000   -1.295000    0.405000
 25.000   -0.654000    0.265000
 35.000   -0.578000    0.254000
 45.000   -0.727000    0.204000
 55.000   -0.178000    0.186000
 65.000   -0.267000    0.168000
 75.000   -0.290000    0.148000
 85.000   -0.109000    0.145000
 95.000    0.524000    0.147000
105.000    0.177000    0.140000
115.000    0.486000    0.144000
125.000    0.814000    0.153000
135.000    0.622000    0.165000
145.000    0.708000    0.183000
155.000    1.052000    0.212000
165.000    0.694000    0.259000
175.000    1.432000    0.485000
------------------------------------------
E =  186.000 MeV, Wght = 1.00, Syst = 0.05
  5.000   -1.238000    0.671000
 15.000   -1.091000    0.349000
 25.000   -0.147000    0.279000
 35.000   -0.756000    0.230000
 45.000   -0.522000    0.198000
 55.000   -0.627000    0.174000
 65.000   -0.374000    0.153000
 75.000   -0.090000    0.143000
 85.000   -0.119000    0.137000
 95.000    0.088000    0.135000
105.000    0.136000    0.134000
115.000    0.540000    0.136000
125.000    0.508000    0.146000
135.000    0.724000    0.157000
145.000    0.903000    0.175000
155.000    0.997000    0.209000
165.000    1.005000    0.262000
175.000    1.226000    0.464000
------------------------------------------
E =  188.000 MeV, Wght = 1.00, Syst = 0.05
  5.000    0.083000    0.625000
 15.000   -0.916000    0.335000
 25.000   -1.142000    0.252000
 35.000   -0.885000    0.227000
 45.000   -0.782000    0.178000
 55.000   -0.212000    0.162000
 65.000   -0.325000    0.149000
 75.000   -0.378000    0.135000
 85.000    0.146000    0.131000
 95.000    0.259000    0.129000
105.000    0.305000    0.127000
115.000    0.817000    0.132000
125.000    0.741000    0.137000
135.000    0.649000    0.147000
145.000    1.038000    0.171000
155.000    1.231000    0.199000
165.000    1.120000    0.244000
175.000    0.944000    0.414000
------------------------------------------
E =  190.000 MeV, Wght = 1.00, Syst = 0.05
  5.000   -0.957000    0.539000
 15.000   -1.213000    0.341000
 25.000   -1.163000    0.267000
 35.000   -0.772000    0.207000
 45.000   -0.417000    0.175000
 55.000   -0.557000    0.151000
 65.000   -0.285000    0.138000
 75.000   -0.049000    0.132000
 85.000    0.058000    0.126000
 95.000    0.215000    0.120000
105.000    0.332000    0.119000
115.000    0.468000    0.122000
125.000    0.520000    0.131000
135.000    0.705000    0.138000
145.000    0.704000    0.158000
155.000    0.856000    0.189000
165.000    1.594000    0.248000
175.000    1.416000    0.461000
------------------------------------------
E =  192.000 MeV, Wght = 1.00, Syst = 0.05
  5.000   -1.318000    0.573000
 15.000   -0.646000    0.318000
 25.000   -0.700000    0.229000
 35.000   -0.736000    0.197000
 45.000   -0.329000    0.168000
 55.000   -0.535000    0.146000
 75.000   -0.304000    0.122000
 85.000    0.193000    0.118000
 95.000    0.242000    0.115000
105.000    0.446000    0.114000
115.000    0.561000    0.118000
125.000    0.597000    0.122000
135.000    0.760000    0.136000
145.000    1.131000    0.156000
155.000    0.737000    0.177000
165.000    1.129000    0.227000
175.000    0.908000    0.409000
------------------------------------------
E =  194.000 MeV, Wght = 1.00, Syst = 0.05
  5.000   -1.097000    0.528000
 15.000   -0.905000    0.290000
 25.000   -0.948000    0.230000
 35.000   -0.932000    0.185000
 45.000   -0.717000    0.160000
 55.000   -0.629000    0.137000
 65.000   -0.466000    0.126000
 75.000   -0.248000    0.118000
 85.000    0.067000    0.110000
 95.000    0.100000    0.108000
105.000    0.382000    0.111000
115.000    0.337000    0.113000
125.000    0.749000    0.121000
135.000    0.813000    0.131000
145.000    0.467000    0.145000
155.000    0.956000    0.171000
165.000    0.952000    0.217000
175.000    1.057000    0.381000
------------------------------------------
E =  196.000 MeV, Wght = 1.00, Syst = 0.05
  5.000   -1.272000    0.530000
 15.000   -1.152000    0.281000
 25.000   -0.885000    0.218000
 35.000   -0.785000    0.175000
 45.000   -0.535000    0.150000
 55.000   -0.466000    0.132000
 65.000   -0.378000    0.122000
 75.000   -0.158000    0.115000
 85.000    0.044000    0.105000
 95.000    0.379000    0.103000
105.000    0.149000    0.105000
115.000    0.669000    0.109000
125.000    0.812000    0.115000
135.000    0.842000    0.123000
145.000    0.840000    0.140000
155.000    0.649000    0.165000
165.000    0.799000    0.214000
175.000    1.377000    0.393000
------------------------------------------
E =  198.000 MeV, Wght = 1.00, Syst = 0.05
  5.000   -1.319000    0.552000
 15.000   -1.357000    0.293000
 25.000   -0.666000    0.207000
 35.000   -0.515000    0.171000
 45.000   -0.648000    0.146000
 55.000   -0.417000    0.127000
 65.000   -0.351000    0.116000
 75.000   -0.151000    0.108000
 85.000    0.096000    0.100000
 95.000    0.113000    0.099000
105.000    0.277000    0.101000
115.000    0.553000    0.103000
125.000    0.549000    0.107000
135.000    0.773000    0.117000
145.000    0.726000    0.131000
155.000    0.894000    0.159000
165.000    0.945000    0.203000
175.000    1.738000    0.360000
------------------------------------------
E =  200.000 MeV, Wght = 1.00, Syst = 0.05
  5.000   -0.812000    0.514000
 15.000   -1.327000    0.262000
 25.000   -0.997000    0.198000
 35.000   -0.507000    0.155000
 45.000   -0.403000    0.134000
 55.000   -0.480000    0.121000
 65.000   -0.316000    0.109000
 75.000   -0.221000    0.099000
 85.000    0.060000    0.097000
 95.000    0.266000    0.096000
105.000    0.253000    0.095000
115.000    0.572000    0.099000
125.000    0.886000    0.104000
135.000    0.642000    0.112000
145.000    0.876000    0.130000
155.000    1.021000    0.151000
165.000    0.817000    0.198000
175.000    1.256000    0.357000
------------------------------------------
E =  202.000 MeV, Wght = 1.00, Syst = 0.05
  5.000   -1.053000    0.417000
 15.000   -0.388000    0.261000
 25.000   -0.882000    0.192000
 35.000   -0.607000    0.158000
 45.000   -0.717000    0.133000
 55.000   -0.480000    0.112000
 65.000   -0.450000    0.106000
 75.000   -0.226000    0.095000
 85.000    0.022000    0.093000
 95.000    0.387000    0.092000
105.000    0.320000    0.093000
115.000    0.571000    0.096000
125.000    0.648000    0.098000
135.000    0.853000    0.109000
145.000    0.634000    0.121000
155.000    0.869000    0.146000
165.000    1.197000    0.188000
175.000    0.727000    0.319000
------------------------------------------
E =  204.000 MeV, Wght = 1.00, Syst = 0.05
  5.000   -1.177000    0.477000
 15.000   -0.742000    0.247000
 25.000   -0.888000    0.186000
 35.000   -0.916000    0.148000
 45.000   -0.532000    0.129000
 55.000   -0.332000    0.114000
 65.000   -0.228000    0.101000
 75.000   -0.102000    0.093000
 85.000   -0.065000    0.088000
 95.000    0.265000    0.087000
105.000    0.276000    0.087000
115.000    0.431000    0.091000
125.000    0.690000    0.097000
135.000    0.612000    0.106000
145.000    0.782000    0.116000
155.000    0.991000    0.141000
165.000    1.229000    0.183000
175.000    1.018000    0.305000
------------------------------------------
E =  206.000 MeV, Wght = 1.00, Syst = 0.05
  5.000   -1.602000    0.431000
 15.000   -0.870000    0.244000
 25.000   -0.941000    0.177000
 35.000   -0.559000    0.140000
 45.000   -0.668000    0.123000
 55.000   -0.660000    0.109000
 65.000   -0.191000    0.096000
 75.000   -0.075000    0.088000
 85.000    0.043000    0.085000
 95.000    0.218000    0.083000
105.000    0.502000    0.084000
115.000    0.506000    0.088000
125.000    0.527000    0.093000
135.000    0.710000    0.100000
145.000    0.733000    0.114000
155.000    0.881000    0.134000
165.000    0.654000    0.170000
175.000    0.465000    0.309000
------------------------------------------
E =  208.000 MeV, Wght = 1.00, Syst = 0.05
  5.000   -1.010000    0.409000
 15.000   -0.488000    0.226000
 25.000   -0.694000    0.171000
 35.000   -0.710000    0.134000
 45.000   -0.680000    0.115000
 55.000   -0.418000    0.101000
 65.000   -0.198000    0.091000
 75.000   -0.029000    0.084000
 85.000    0.035000    0.082000
 95.000    0.296000    0.080000
105.000    0.378000    0.081000
115.000    0.369000    0.084000
125.000    0.673000    0.088000
135.000    0.695000    0.097000
145.000    0.810000    0.110000
155.000    0.839000    0.133000
165.000    1.052000    0.166000
175.000    1.162000    0.283000
------------------------------------------
E =  210.000 MeV, Wght = 1.00, Syst = 0.05
  5.000   -1.024000    0.435000
 15.000   -1.026000    0.242000
 25.000   -0.798000    0.161000
 35.000   -0.731000    0.132000
 45.000   -0.755000    0.112000
 55.000   -0.442000    0.097000
 65.000   -0.265000    0.088000
 75.000   -0.117000    0.082000
 85.000    0.015000    0.078000
 95.000    0.248000    0.076000
105.000    0.456000    0.077000
115.000    0.467000    0.080000
125.000    0.521000    0.084000
135.000    0.770000    0.091000
145.000    0.740000    0.105000
155.000    1.121000    0.127000
165.000    0.844000    0.160000
175.000    0.956000    0.296000
------------------------------------------
E =  212.000 MeV, Wght = 1.00, Syst = 0.05
  5.000   -1.526000    0.413000
 15.000   -0.836000    0.207000
 25.000   -0.850000    0.154000
 35.000   -0.702000    0.127000
 45.000   -0.536000    0.107000
 55.000   -0.569000    0.092000
 65.000   -0.232000    0.084000
 75.000   -0.024000    0.078000
 85.000   -0.009000    0.074000
 95.000    0.202000    0.074000
105.000    0.313000    0.075000
115.000    0.471000    0.077000
125.000    0.659000    0.083000
135.000    0.686000    0.090000
145.000    0.786000    0.101000
155.000    0.982000    0.123000
165.000    0.835000    0.154000
175.000    1.251000    0.271000
------------------------------------------
E =  214.000 MeV, Wght = 1.00, Syst = 0.05
  5.000   -0.484000    0.366000
 15.000   -0.912000    0.208000
 25.000   -0.414000    0.151000
 35.000   -0.873000    0.121000
 45.000   -0.520000    0.102000
 55.000   -0.379000    0.089000
 65.000   -0.199000    0.079000
 75.000   -0.084000    0.075000
 85.000    0.011000    0.072000
 95.000    0.098000    0.071000
105.000    0.378000    0.071000
115.000    0.475000    0.074000
125.000    0.564000    0.078000
135.000    0.611000    0.086000
145.000    0.871000    0.099000
155.000    0.792000    0.118000
165.000    0.837000    0.152000
175.000    0.914000    0.252000
------------------------------------------
E =  216.000 MeV, Wght = 1.00, Syst = 0.05
  5.000   -0.561000    0.370000
 15.000   -1.127000    0.193000
 25.000   -0.746000    0.140000
 35.000   -0.790000    0.116000
 45.000   -0.625000    0.099000
 55.000   -0.453000    0.085000
 65.000   -0.276000    0.076000
 75.000   -0.023000    0.072000
 85.000    0.081000    0.068000
 95.000    0.247000    0.067000
105.000    0.381000    0.068000
115.000    0.433000    0.071000
125.000    0.732000    0.076000
135.000    0.815000    0.083000
145.000    0.784000    0.095000
155.000    0.862000    0.112000
165.000    1.045000    0.147000
175.000    0.762000    0.256000
------------------------------------------
E =  218.000 MeV, Wght = 1.00, Syst = 0.05
  5.000   -0.848000    0.339000
 15.000   -1.263000    0.190000
 25.000   -0.791000    0.141000
 35.000   -0.743000    0.114000
 45.000   -0.387000    0.093000
 55.000   -0.489000    0.083000
 65.000   -0.386000    0.075000
 75.000   -0.014000    0.068000
 85.000    0.119000    0.067000
 95.000    0.251000    0.065000
105.000    0.288000    0.067000
115.000    0.413000    0.068000
125.000    0.706000    0.074000
135.000    0.745000    0.079000
145.000    0.764000    0.091000
155.000    1.040000    0.111000
165.000    0.798000    0.139000
175.000    0.804000    0.245000
------------------------------------------
E =  220.000 MeV, Wght = 1.00, Syst = 0.05
  5.000   -0.893000    0.318000
 15.000   -0.812000    0.178000
 25.000   -0.772000    0.140000
 35.000   -0.598000    0.107000
 45.000   -0.528000    0.089000
 55.000   -0.370000    0.079000
 65.000   -0.331000    0.072000
 75.000   -0.172000    0.066000
 85.000    0.008000    0.064000
 95.000    0.250000    0.062000
105.000    0.323000    0.063000
115.000    0.595000    0.066000
125.000    0.668000    0.069000
135.000    0.705000    0.078000
145.000    0.882000    0.088000
155.000    0.834000    0.105000
165.000    0.954000    0.141000
175.000    1.233000    0.249000
------------------------------------------
E =  222.000 MeV, Wght = 1.00, Syst = 0.05
  5.000   -0.581000    0.289000
 15.000   -1.182000    0.174000
 25.000   -0.866000    0.130000
 35.000   -0.818000    0.103000
 45.000   -0.721000    0.088000
 55.000   -0.316000    0.076000
 65.000   -0.295000    0.069000
 75.000   -0.205000    0.064000
 85.000    0.111000    0.061000
 95.000    0.232000    0.060000
105.000    0.309000    0.060000
115.000    0.514000    0.064000
125.000    0.610000    0.068000
135.000    0.674000    0.074000
145.000    0.864000    0.086000
155.000    0.914000    0.103000
165.000    1.022000    0.135000
175.000    1.281000    0.233000
------------------------------------------
E =  224.000 MeV, Wght = 1.00, Syst = 0.05
  5.000   -0.518000    0.306000
 15.000   -1.150000    0.169000
 25.000   -0.694000    0.127000
 35.000   -0.819000    0.100000
 45.000   -0.490000    0.084000
 55.000   -0.455000    0.073000
 65.000   -0.274000    0.065000
 75.000   -0.096000    0.061000
 85.000   -0.040000    0.059000
 95.000    0.227000    0.057000
105.000    0.228000    0.058000
115.000    0.517000    0.061000
125.000    0.626000    0.065000
135.000    0.630000    0.072000
145.000    0.943000    0.085000
155.000    0.813000    0.099000
165.000    0.865000    0.126000
175.000    1.294000    0.228000
------------------------------------------
E =  226.000 MeV, Wght = 1.00, Syst = 0.05
  5.000   -0.936000    0.295000
 15.000   -1.041000    0.162000
 25.000   -0.805000    0.121000
 35.000   -0.753000    0.096000
 45.000   -0.465000    0.080000
 55.000   -0.380000    0.069000
 65.000   -0.149000    0.063000
 75.000   -0.153000    0.058000
 85.000    0.055000    0.056000
 95.000    0.205000    0.055000
105.000    0.308000    0.057000
115.000    0.518000    0.058000
125.000    0.520000    0.063000
135.000    0.758000    0.069000
145.000    0.721000    0.079000
155.000    1.030000    0.096000
165.000    1.016000    0.124000
175.000    0.656000    0.231000
------------------------------------------
E =  228.000 MeV, Wght = 1.00, Syst = 0.05
  5.000   -0.759000    0.282000
 15.000   -0.839000    0.158000
 25.000   -0.722000    0.115000
 35.000   -0.522000    0.092000
 45.000   -0.518000    0.079000
 55.000   -0.439000    0.067000
 65.000   -0.167000    0.061000
 75.000   -0.137000    0.057000
 85.000    0.071000    0.053000
 95.000    0.165000    0.053000
105.000    0.351000    0.054000
115.000    0.589000    0.057000
125.000    0.524000    0.061000
135.000    0.672000    0.068000
145.000    0.715000    0.077000
155.000    0.907000    0.093000
165.000    0.654000    0.116000
175.000    0.652000    0.205000
------------------------------------------
E =  230.000 MeV, Wght = 1.00, Syst = 0.05
  5.000   -0.682000    0.277000
 15.000   -0.875000    0.152000
 25.000   -0.780000    0.115000
 35.000   -0.683000    0.089000
 45.000   -0.627000    0.074000
 55.000   -0.383000    0.065000
 65.000   -0.236000    0.058000
 75.000   -0.072000    0.054000
 85.000    0.077000    0.052000
 95.000    0.108000    0.051000
105.000    0.256000    0.052000
115.000    0.455000    0.055000
125.000    0.624000    0.058000
135.000    0.802000    0.066000
145.000    0.807000    0.074000
155.000    0.806000    0.088000
165.000    1.019000    0.118000
175.000    1.023000    0.206000
------------------------------------------
E =  232.000 MeV, Wght = 1.00, Syst = 0.05
  5.000   -1.269000    0.291000
 15.000   -0.860000    0.148000
 25.000   -0.911000    0.110000
 35.000   -0.704000    0.086000
 45.000   -0.602000    0.072000
 55.000   -0.408000    0.063000
 65.000   -0.260000    0.056000
 75.000   -0.082000    0.053000
 85.000   -0.011000    0.051000
 95.000    0.211000    0.049000
105.000    0.239000    0.050000
115.000    0.434000    0.052000
125.000    0.631000    0.057000
135.000    0.619000    0.063000
145.000    0.816000    0.074000
155.000    0.811000    0.087000
165.000    0.954000    0.117000
175.000    0.880000    0.195000
------------------------------------------
E =  234.000 MeV, Wght = 1.00, Syst = 0.05
  5.000   -0.883000    0.247000
 15.000   -0.871000    0.140000
 25.000   -0.800000    0.106000
 35.000   -0.778000    0.083000
 45.000   -0.550000    0.069000
 55.000   -0.401000    0.061000
 65.000   -0.231000    0.054000
 75.000   -0.249000    0.050000
 85.000    0.064000    0.049000
 95.000    0.204000    0.047000
105.000    0.234000    0.048000
115.000    0.435000    0.051000
125.000    0.586000    0.054000
135.000    0.752000    0.061000
145.000    0.823000    0.070000
155.000    0.918000    0.085000
165.000    1.140000    0.111000
175.000    0.999000    0.200000
------------------------------------------
E =  236.000 MeV, Wght = 1.00, Syst = 0.05
  5.000   -1.094000    0.246000
 15.000   -1.047000    0.140000
 25.000   -0.968000    0.101000
 35.000   -0.721000    0.078000
 45.000   -0.552000    0.067000
 55.000   -0.363000    0.058000
 65.000   -0.242000    0.052000
 75.000   -0.144000    0.049000
 85.000   -0.029000    0.046000
 95.000    0.218000    0.046000
105.000    0.336000    0.046000
115.000    0.435000    0.050000
125.000    0.595000    0.053000
135.000    0.670000    0.059000
145.000    0.749000    0.068000
155.000    0.821000    0.084000
165.000    1.048000    0.107000
175.000    1.102000    0.191000
------------------------------------------
E =  238.000 MeV, Wght = 1.00, Syst = 0.05
  5.000   -1.047000    0.224000
 15.000   -0.850000    0.133000
 25.000   -0.794000    0.096000
 35.000   -0.713000    0.077000
 45.000   -0.566000    0.064000
 55.000   -0.438000    0.055000
 65.000   -0.258000    0.050000
 75.000   -0.030000    0.046000
 85.000    0.009000    0.045000
 95.000    0.110000    0.044000
105.000    0.268000    0.046000
115.000    0.427000    0.047000
125.000    0.620000    0.051000
135.000    0.659000    0.057000
145.000    0.682000    0.065000
155.000    0.726000    0.079000
165.000    1.027000    0.108000
175.000    0.916000    0.184000
------------------------------------------
E =  240.000 MeV, Wght = 1.00, Syst = 0.05
  5.000   -0.973000    0.228000
 15.000   -0.923000    0.127000
 25.000   -0.714000    0.093000
 35.000   -0.743000    0.076000
 45.000   -0.559000    0.061000
 55.000   -0.485000    0.053000
 65.000   -0.321000    0.049000
 75.000   -0.094000    0.045000
 85.000    0.048000    0.043000
 95.000    0.166000    0.043000
105.000    0.247000    0.044000
115.000    0.313000    0.046000
125.000    0.630000    0.050000
135.000    0.625000    0.055000
145.000    0.741000    0.063000
155.000    0.872000    0.077000
165.000    0.962000    0.104000
175.000    1.048000    0.172000
------------------------------------------
E =  242.000 MeV, Wght = 1.00, Syst = 0.05
  5.000   -1.187000    0.221000
 15.000   -0.864000    0.124000
 25.000   -0.797000    0.089000
 35.000   -0.662000    0.071000
 45.000   -0.644000    0.060000
 55.000   -0.412000    0.052000
 65.000   -0.192000    0.046000
 75.000   -0.096000    0.043000
 85.000    0.033000    0.041000
 95.000    0.137000    0.041000
105.000    0.270000    0.042000
115.000    0.423000    0.045000
125.000    0.518000    0.047000
135.000    0.583000    0.053000
145.000    0.689000    0.061000
155.000    0.771000    0.074000
165.000    0.838000    0.098000
175.000    1.084000    0.171000
------------------------------------------
E =  244.000 MeV, Wght = 1.00, Syst = 0.05
  5.000   -0.857000    0.218000
 15.000   -0.953000    0.125000
 25.000   -0.735000    0.087000
 35.000   -0.623000    0.068000
 45.000   -0.434000    0.057000
 55.000   -0.374000    0.050000
 65.000   -0.219000    0.044000
 75.000   -0.150000    0.042000
 85.000    0.034000    0.040000
 95.000    0.133000    0.040000
105.000    0.351000    0.040000
115.000    0.471000    0.043000
125.000    0.447000    0.047000
135.000    0.708000    0.053000
145.000    0.810000    0.061000
155.000    0.977000    0.075000
165.000    0.899000    0.100000
175.000    0.867000    0.168000
------------------------------------------
E =  246.000 MeV, Wght = 1.00, Syst = 0.05
  5.000   -0.996000    0.212000
 15.000   -0.871000    0.114000
 25.000   -0.807000    0.084000
 35.000   -0.709000    0.066000
 45.000   -0.516000    0.056000
 55.000   -0.471000    0.049000
 65.000   -0.283000    0.044000
 75.000   -0.141000    0.040000
 85.000   -0.019000    0.039000
 95.000    0.223000    0.038000
105.000    0.320000    0.040000
115.000    0.422000    0.042000
125.000    0.595000    0.045000
135.000    0.666000    0.050000
145.000    0.730000    0.059000
155.000    0.931000    0.073000
165.000    0.775000    0.092000
175.000    1.119000    0.165000
------------------------------------------
E =  248.000 MeV, Wght = 1.00, Syst = 0.05
  5.000   -0.929000    0.196000
 15.000   -0.793000    0.110000
 25.000   -0.820000    0.083000
 35.000   -0.644000    0.064000
 45.000   -0.443000    0.054000
 55.000   -0.403000    0.047000
 65.000   -0.264000    0.042000
 75.000   -0.078000    0.039000
 85.000    0.003000    0.037000
 95.000    0.131000    0.037000
105.000    0.230000    0.038000
115.000    0.424000    0.040000
125.000    0.536000    0.044000
135.000    0.662000    0.049000
145.000    0.791000    0.056000
155.000    0.830000    0.068000
165.000    1.072000    0.095000
175.000    1.098000    0.161000
------------------------------------------
E =  250.000 MeV, Wght = 1.00, Syst = 0.05
  5.000   -1.085000    0.196000
 15.000   -0.985000    0.109000
 25.000   -0.851000    0.079000
 35.000   -0.666000    0.063000
 45.000   -0.447000    0.052000
 55.000   -0.358000    0.045000
 65.000   -0.185000    0.040000
 75.000   -0.161000    0.038000
 85.000    0.052000    0.036000
 95.000    0.207000    0.036000
105.000    0.232000    0.037000
115.000    0.414000    0.039000
125.000    0.548000    0.042000
135.000    0.622000    0.048000
145.000    0.769000    0.055000
155.000    0.857000    0.068000
165.000    1.064000    0.091000
175.000    0.882000    0.159000
------------------------------------------
E =  252.000 MeV, Wght = 1.00, Syst = 0.05
  5.000   -1.117000    0.193000
 15.000   -0.932000    0.105000
 25.000   -0.838000    0.076000
 35.000   -0.651000    0.060000
 45.000   -0.448000    0.050000
 55.000   -0.389000    0.043000
 65.000   -0.250000    0.039000
 75.000   -0.169000    0.036000
 85.000    0.086000    0.035000
 95.000    0.146000    0.035000
105.000    0.341000    0.036000
115.000    0.389000    0.038000
125.000    0.536000    0.041000
135.000    0.646000    0.046000
145.000    0.682000    0.053000
155.000    0.846000    0.065000
165.000    1.035000    0.088000
175.000    0.867000    0.149000
------------------------------------------
E =  254.000 MeV, Wght = 1.00, Syst = 0.05
  5.000   -0.966000    0.177000
 15.000   -0.838000    0.100000
 25.000   -0.662000    0.073000
 35.000   -0.648000    0.059000
 45.000   -0.509000    0.049000
 55.000   -0.351000    0.042000
 65.000   -0.310000    0.038000
 75.000   -0.135000    0.035000
 85.000    0.052000    0.033000
 95.000    0.064000    0.033000
105.000    0.299000    0.034000
115.000    0.377000    0.036000
125.000    0.532000    0.040000
135.000    0.590000    0.045000
145.000    0.736000    0.053000
155.000    0.739000    0.063000
165.000    0.969000    0.086000
175.000    0.886000    0.144000
------------------------------------------
E =  256.000 MeV, Wght = 1.00, Syst = 0.05
  5.000   -0.930000    0.179000
 15.000   -0.951000    0.100000
 25.000   -0.790000    0.072000
 35.000   -0.633000    0.056000
 45.000   -0.380000    0.047000
 55.000   -0.375000    0.041000
 65.000   -0.247000    0.037000
 75.000   -0.163000    0.034000
 85.000    0.053000    0.033000
 95.000    0.097000    0.032000
105.000    0.251000    0.033000
115.000    0.329000    0.035000
125.000    0.487000    0.038000
135.000    0.636000    0.044000
145.000    0.716000    0.050000
155.000    0.875000    0.063000
165.000    0.877000    0.083000
175.000    0.751000    0.145000
------------------------------------------
E =  258.000 MeV, Wght = 1.00, Syst = 0.05
  5.000   -0.872000    0.166000
 15.000   -1.061000    0.095000
 25.000   -0.830000    0.070000
 35.000   -0.560000    0.054000
 45.000   -0.484000    0.045000
 55.000   -0.359000    0.039000
 65.000   -0.299000    0.035000
 75.000   -0.055000    0.033000
 85.000   -0.034000    0.032000
 95.000    0.145000    0.031000
105.000    0.280000    0.032000
115.000    0.404000    0.034000
125.000    0.459000    0.037000
135.000    0.639000    0.042000
145.000    0.641000    0.049000
155.000    0.871000    0.060000
165.000    0.755000    0.081000
175.000    1.138000    0.147000
------------------------------------------
E =  260.000 MeV, Wght = 1.00, Syst = 0.05
  5.000   -1.107000    0.169000
 15.000   -0.994000    0.092000
 25.000   -0.903000    0.068000
 35.000   -0.744000    0.052000
 45.000   -0.480000    0.044000
 55.000   -0.373000    0.038000
 65.000   -0.217000    0.034000
 75.000   -0.143000    0.032000
 85.000   -0.019000    0.030000
 95.000    0.170000    0.031000
105.000    0.276000    0.031000
115.000    0.318000    0.033000
125.000    0.491000    0.036000
135.000    0.641000    0.041000
145.000    0.662000    0.048000
155.000    0.820000    0.059000
165.000    0.947000    0.078000
175.000    1.118000    0.147000
------------------------------------------
E =  262.000 MeV, Wght = 1.00, Syst = 0.05
  5.000   -0.854000    0.162000
 15.000   -0.943000    0.090000
 25.000   -0.955000    0.067000
 35.000   -0.597000    0.051000
 45.000   -0.506000    0.042000
 55.000   -0.332000    0.037000
 65.000   -0.208000    0.033000
 75.000   -0.065000    0.031000
 85.000    0.043000    0.029000
 95.000    0.133000    0.029000
105.000    0.284000    0.030000
115.000    0.336000    0.032000
125.000    0.464000    0.035000
135.000    0.627000    0.040000
145.000    0.766000    0.047000
155.000    0.878000    0.057000
165.000    0.908000    0.076000
175.000    1.020000    0.143000
------------------------------------------
E =  264.000 MeV, Wght = 1.00, Syst = 0.05
  5.000   -0.688000    0.153000
 15.000   -0.845000    0.087000
 25.000   -0.792000    0.062000
 35.000   -0.652000    0.049000
 45.000   -0.490000    0.041000
 55.000   -0.358000    0.036000
 65.000   -0.288000    0.032000
 75.000   -0.153000    0.030000
 85.000    0.003000    0.028000
 95.000    0.192000    0.029000
105.000    0.266000    0.029000
115.000    0.310000    0.031000
125.000    0.482000    0.034000
135.000    0.631000    0.038000
145.000    0.765000    0.046000
155.000    0.893000    0.056000
165.000    0.958000    0.076000
175.000    1.152000    0.136000
------------------------------------------
E =  266.000 MeV, Wght = 1.00, Syst = 0.05
  5.000   -0.761000    0.149000
 15.000   -0.896000    0.084000
 25.000   -0.792000    0.061000
 35.000   -0.603000    0.047000
 45.000   -0.495000    0.040000
 55.000   -0.310000    0.034000
 65.000   -0.223000    0.031000
 75.000   -0.097000    0.029000
 85.000    0.032000    0.028000
 95.000    0.153000    0.028000
105.000    0.222000    0.028000
115.000    0.429000    0.030000
125.000    0.551000    0.033000
135.000    0.613000    0.038000
145.000    0.798000    0.044000
155.000    0.828000    0.054000
165.000    0.891000    0.072000
175.000    1.204000    0.136000
------------------------------------------
E =  268.000 MeV, Wght = 1.00, Syst = 0.05
  5.000   -0.856000    0.146000
 15.000   -0.946000    0.081000
 25.000   -0.682000    0.059000
 35.000   -0.673000    0.047000
 45.000   -0.535000    0.039000
 55.000   -0.311000    0.033000
 65.000   -0.220000    0.030000
 75.000   -0.115000    0.028000
 85.000   -0.024000    0.027000
 95.000    0.103000    0.027000
105.000    0.238000    0.028000
115.000    0.374000    0.029000
125.000    0.492000    0.032000
135.000    0.628000    0.037000
145.000    0.711000    0.044000
155.000    0.842000    0.053000
165.000    0.657000    0.071000
175.000    0.933000    0.129000
------------------------------------------
E =  270.000 MeV, Wght = 1.00, Syst = 0.05
  5.000   -1.083000    0.141000
 15.000   -0.908000    0.080000
 25.000   -0.784000    0.057000
 35.000   -0.569000    0.045000
 45.000   -0.449000    0.038000
 55.000   -0.347000    0.033000
 65.000   -0.251000    0.029000
 75.000   -0.090000    0.027000
 85.000   -0.035000    0.026000
 95.000    0.162000    0.026000
105.000    0.246000    0.027000
115.000    0.332000    0.028000
125.000    0.482000    0.032000
135.000    0.623000    0.036000
145.000    0.731000    0.042000
155.000    0.852000    0.052000
165.000    1.049000    0.072000
175.000    1.184000    0.128000
------------------------------------------
E =  272.000 MeV, Wght = 1.00, Syst = 0.05
  5.000   -1.007000    0.142000
 15.000   -0.965000    0.078000
 25.000   -0.789000    0.056000
 35.000   -0.700000    0.044000
 45.000   -0.499000    0.036000
 55.000   -0.338000    0.031000
 65.000   -0.250000    0.028000
 75.000   -0.109000    0.026000
 85.000    0.025000    0.025000
 95.000    0.171000    0.025000
105.000    0.276000    0.026000
115.000    0.349000    0.028000
125.000    0.509000    0.031000
135.000    0.612000    0.035000
145.000    0.699000    0.041000
155.000    0.863000    0.051000
165.000    0.944000    0.070000
175.000    0.980000    0.120000
------------------------------------------
E =  274.000 MeV, Wght = 1.00, Syst = 0.05
  5.000   -1.006000    0.135000
 15.000   -0.699000    0.074000
 25.000   -0.740000    0.055000
 35.000   -0.584000    0.043000
 45.000   -0.459000    0.035000
 55.000   -0.309000    0.030000
 65.000   -0.180000    0.027000
 75.000   -0.104000    0.026000
 85.000    0.007000    0.025000
 95.000    0.142000    0.025000
105.000    0.251000    0.026000
115.000    0.319000    0.027000
125.000    0.471000    0.030000
135.000    0.552000    0.034000
145.000    0.779000    0.041000
155.000    0.842000    0.050000
165.000    0.866000    0.067000
175.000    0.894000    0.119000
------------------------------------------
E =  276.000 MeV, Wght = 1.00, Syst = 0.05
  5.000   -0.897000    0.130000
 15.000   -0.916000    0.073000
 25.000   -0.718000    0.053000
 35.000   -0.658000    0.042000
 45.000   -0.475000    0.034000
 55.000   -0.316000    0.030000
 65.000   -0.244000    0.027000
 75.000   -0.086000    0.025000
 85.000    0.004000    0.024000
 95.000    0.137000    0.024000
105.000    0.212000    0.025000
115.000    0.346000    0.026000
125.000    0.482000    0.029000
135.000    0.637000    0.033000
145.000    0.729000    0.040000
155.000    0.844000    0.050000
165.000    0.922000    0.067000
175.000    0.920000    0.118000
------------------------------------------
E =  278.000 MeV, Wght = 1.00, Syst = 0.05
  5.000   -0.980000    0.128000
 15.000   -0.881000    0.071000
 25.000   -0.753000    0.051000
 35.000   -0.640000    0.040000
 45.000   -0.458000    0.033000
 55.000   -0.352000    0.029000
 65.000   -0.250000    0.026000
 75.000   -0.069000    0.024000
 85.000    0.013000    0.023000
 95.000    0.105000    0.023000
105.000    0.173000    0.024000
115.000    0.313000    0.026000
125.000    0.461000    0.028000
135.000    0.541000    0.032000
145.000    0.746000    0.038000
155.000    0.774000    0.048000
165.000    0.902000    0.065000
175.000    0.962000    0.114000
------------------------------------------
E =  280.000 MeV, Wght = 1.00, Syst = 0.05
  5.000   -0.948000    0.122000
 15.000   -0.998000    0.069000
 25.000   -0.787000    0.050000
 35.000   -0.652000    0.039000
 45.000   -0.496000    0.032000
 55.000   -0.338000    0.028000
 65.000   -0.231000    0.025000
 75.000   -0.071000    0.024000
 85.000   -0.018000    0.023000
 95.000    0.087000    0.023000
105.000    0.228000    0.023000
115.000    0.330000    0.025000
125.000    0.504000    0.028000
135.000    0.601000    0.032000
145.000    0.653000    0.038000
155.000    0.817000    0.047000
165.000    1.026000    0.065000
175.000    0.892000    0.114000
------------------------------------------
E =  282.000 MeV, Wght = 1.00, Syst = 0.05
  5.000   -0.960000    0.124000
 15.000   -0.839000    0.067000
 25.000   -0.735000    0.049000
 35.000   -0.643000    0.038000
 45.000   -0.455000    0.032000
 55.000   -0.358000    0.027000
 65.000   -0.246000    0.025000
 75.000   -0.050000    0.023000
 85.000   -0.010000    0.022000
 95.000    0.121000    0.022000
105.000    0.224000    0.023000
115.000    0.328000    0.024000
125.000    0.465000    0.027000
135.000    0.623000    0.031000
145.000    0.695000    0.037000
155.000    0.882000    0.047000
165.000    0.814000    0.062000
175.000    1.128000    0.116000
------------------------------------------
E =  284.000 MeV, Wght = 1.00, Syst = 0.05
  5.000   -0.986000    0.119000
 15.000   -0.934000    0.067000
 25.000   -0.769000    0.048000
 35.000   -0.620000    0.038000
 45.000   -0.461000    0.031000
 55.000   -0.355000    0.027000
 65.000   -0.221000    0.024000
 75.000   -0.101000    0.022000
 85.000   -0.004000    0.022000
 95.000    0.117000    0.022000
105.000    0.202000    0.023000
115.000    0.324000    0.024000
125.000    0.439000    0.027000
135.000    0.611000    0.031000
145.000    0.656000    0.037000
155.000    0.765000    0.046000
165.000    0.846000    0.063000
175.000    0.945000    0.113000
------------------------------------------
E =  286.000 MeV, Wght = 1.00, Syst = 0.05
  5.000   -0.742000    0.114000
 15.000   -0.916000    0.065000
 25.000   -0.748000    0.046000
 35.000   -0.625000    0.037000
 45.000   -0.433000    0.030000
 55.000   -0.360000    0.026000
 65.000   -0.232000    0.024000
 75.000   -0.129000    0.022000
 85.000    0.033000    0.021000
 95.000    0.113000    0.021000
105.000    0.207000    0.022000
115.000    0.319000    0.023000
125.000    0.432000    0.026000
135.000    0.621000    0.030000
145.000    0.672000    0.036000
155.000    0.826000    0.045000
165.000    0.955000    0.061000
175.000    0.978000    0.112000
------------------------------------------
E =  288.000 MeV, Wght = 1.00, Syst = 0.05
  5.000   -0.950000    0.114000
 15.000   -0.933000    0.063000
 25.000   -0.808000    0.046000
 35.000   -0.598000    0.036000
 45.000   -0.456000    0.029000
 55.000   -0.303000    0.025000
 65.000   -0.212000    0.023000
 75.000   -0.143000    0.021000
 85.000    0.009000    0.021000
 95.000    0.107000    0.021000
105.000    0.224000    0.021000
115.000    0.323000    0.023000
125.000    0.437000    0.026000
135.000    0.621000    0.029000
145.000    0.641000    0.035000
155.000    0.766000    0.044000
165.000    0.844000    0.059000
175.000    0.898000    0.108000
------------------------------------------
E =  290.000 MeV, Wght = 1.00, Syst = 0.05
  5.000   -1.146000    0.116000
 15.000   -0.852000    0.062000
 25.000   -0.722000    0.045000
 35.000   -0.548000    0.035000
 45.000   -0.455000    0.029000
 55.000   -0.317000    0.025000
 65.000   -0.225000    0.023000
 75.000   -0.125000    0.021000
 85.000   -0.003000    0.020000
 95.000    0.069000    0.020000
105.000    0.208000    0.021000
115.000    0.322000    0.023000
125.000    0.469000    0.025000
135.000    0.545000    0.029000
145.000    0.748000    0.035000
155.000    0.781000    0.043000
165.000    0.966000    0.060000
175.000    1.085000    0.108000
------------------------------------------
E =  292.000 MeV, Wght = 1.00, Syst = 0.05
  5.000   -1.027000    0.108000
 15.000   -0.852000    0.062000
 25.000   -0.763000    0.044000
 35.000   -0.564000    0.034000
 45.000   -0.436000    0.028000
 55.000   -0.309000    0.024000
 65.000   -0.190000    0.022000
 75.000   -0.077000    0.021000
 85.000    0.013000    0.020000
 95.000    0.128000    0.020000
105.000    0.208000    0.021000
115.000    0.287000    0.022000
125.000    0.445000    0.025000
135.000    0.531000    0.028000
145.000    0.666000    0.034000
155.000    0.865000    0.043000
165.000    1.026000    0.059000
175.000    1.120000    0.107000
------------------------------------------
E =  294.000 MeV, Wght = 1.00, Syst = 0.05
  5.000   -1.001000    0.106000
 15.000   -0.785000    0.060000
 25.000   -0.736000    0.043000
 35.000   -0.579000    0.034000
 45.000   -0.442000    0.028000
 55.000   -0.304000    0.024000
 65.000   -0.203000    0.022000
 75.000   -0.106000    0.020000
 85.000   -0.033000    0.019000
 95.000    0.118000    0.020000
105.000    0.170000    0.020000
115.000    0.337000    0.022000
125.000    0.445000    0.024000
135.000    0.508000    0.028000
145.000    0.697000    0.033000
155.000    0.850000    0.043000
165.000    0.926000    0.059000
175.000    1.073000    0.107000
------------------------------------------
E =  296.000 MeV, Wght = 1.00, Syst = 0.05
  5.000   -0.855000    0.106000
 15.000   -1.003000    0.059000
 25.000   -0.820000    0.043000
 35.000   -0.630000    0.033000
 45.000   -0.469000    0.027000
 55.000   -0.297000    0.023000
 65.000   -0.185000    0.021000
 75.000   -0.098000    0.020000
 95.000    0.083000    0.019000
105.000    0.185000    0.020000
115.000    0.271000    0.021000
125.000    0.400000    0.024000
135.000    0.597000    0.027000
145.000    0.602000    0.033000
155.000    0.812000    0.042000
165.000    0.964000    0.058000
175.000    0.861000    0.103000
------------------------------------------
E =  298.000 MeV, Wght = 1.00, Syst = 0.05
  5.000   -1.036000    0.105000
 15.000   -0.883000    0.059000
 25.000   -0.757000    0.042000
 35.000   -0.586000    0.033000
 45.000   -0.404000    0.027000
 55.000   -0.300000    0.023000
 65.000   -0.196000    0.021000
 75.000   -0.116000    0.020000
 85.000    0.001000    0.019000
 95.000    0.101000    0.019000
105.000    0.207000    0.020000
115.000    0.306000    0.021000
125.000    0.368000    0.023000
135.000    0.549000    0.027000
145.000    0.632000    0.033000
155.000    0.802000    0.042000
165.000    0.954000    0.057000
175.000    0.879000    0.105000
------------------------------------------
E =  300.000 MeV, Wght = 1.00, Syst = 0.05
  5.000   -1.000000    0.103000
 15.000   -0.941000    0.057000
 25.000   -0.660000    0.041000
 35.000   -0.640000    0.032000
 45.000   -0.464000    0.027000
 55.000   -0.336000    0.023000
 65.000   -0.196000    0.020000
 75.000   -0.094000    0.019000
 85.000    0.015000    0.019000
 95.000    0.132000    0.019000
105.000    0.237000    0.019000
115.000    0.327000    0.021000
125.000    0.377000    0.023000
135.000    0.566000    0.027000
145.000    0.708000    0.033000
155.000    0.764000    0.041000
165.000    0.898000    0.057000
175.000    0.891000    0.099000
------------------------------------------
E =  302.000 MeV, Wght = 1.00, Syst = 0.05
  5.000   -0.825000    0.101000
 15.000   -0.949000    0.057000
 25.000   -0.733000    0.040000
 35.000   -0.612000    0.031000
 45.000   -0.420000    0.026000
 55.000   -0.292000    0.023000
 65.000   -0.209000    0.020000
 75.000   -0.120000    0.019000
 85.000   -0.042000    0.019000
 95.000    0.100000    0.018000
105.000    0.195000    0.019000
115.000    0.297000    0.021000
125.000    0.411000    0.023000
135.000    0.531000    0.027000
145.000    0.628000    0.032000
155.000    0.816000    0.041000
165.000    0.945000    0.057000
175.000    1.054000    0.103000
------------------------------------------
E =  304.000 MeV, Wght = 1.00, Syst = 0.05
  5.000   -1.090000    0.101000
 15.000   -0.882000    0.056000
 25.000   -0.775000    0.040000
 35.000   -0.593000    0.031000
 45.000   -0.417000    0.026000
 55.000   -0.317000    0.022000
 65.000   -0.184000    0.020000
 75.000   -0.089000    0.019000
 85.000   -0.023000    0.018000
 95.000    0.087000    0.018000
105.000    0.192000    0.019000
115.000    0.296000    0.020000
125.000    0.405000    0.023000
135.000    0.513000    0.026000
145.000    0.649000    0.032000
155.000    0.815000    0.041000
165.000    0.915000    0.056000
175.000    0.943000    0.105000
------------------------------------------
E =  306.000 MeV, Wght = 1.00, Syst = 0.05
  5.000   -1.218000    0.104000
 15.000   -0.850000    0.054000
 25.000   -0.701000    0.040000
 35.000   -0.574000    0.031000
 45.000   -0.470000    0.026000
 55.000   -0.347000    0.022000
 65.000   -0.198000    0.020000
 75.000   -0.122000    0.019000
 85.000   -0.028000    0.018000
 95.000    0.092000    0.018000
105.000    0.190000    0.019000
115.000    0.295000    0.020000
125.000    0.436000    0.023000
135.000    0.510000    0.026000
145.000    0.674000    0.032000
155.000    0.743000    0.040000
165.000    0.936000    0.056000
175.000    0.984000    0.101000
------------------------------------------
E =  308.000 MeV, Wght = 1.00, Syst = 0.05
  5.000   -0.858000    0.098000
 15.000   -0.877000    0.055000
 25.000   -0.789000    0.039000
 35.000   -0.567000    0.031000
 45.000   -0.440000    0.025000
 55.000   -0.317000    0.022000
 65.000   -0.201000    0.020000
 75.000   -0.111000    0.018000
 85.000    0.008000    0.018000
 95.000    0.094000    0.018000
105.000    0.224000    0.019000
115.000    0.289000    0.020000
125.000    0.377000    0.022000
135.000    0.515000    0.026000
145.000    0.627000    0.032000
155.000    0.786000    0.040000
165.000    0.919000    0.056000
175.000    1.072000    0.103000
------------------------------------------
E =  310.000 MeV, Wght = 1.00, Syst = 0.05
  5.000   -0.818000    0.139000
 15.000   -0.830000    0.075000
 25.000   -0.874000    0.055000
 35.000   -0.559000    0.043000
 45.000   -0.455000    0.035000
 55.000   -0.320000    0.031000
 65.000   -0.246000    0.027000
 75.000   -0.089000    0.026000
 85.000   -0.032000    0.025000
 95.000    0.090000    0.025000
105.000    0.191000    0.026000
115.000    0.289000    0.028000
125.000    0.412000    0.032000
135.000    0.535000    0.037000
145.000    0.614000    0.044000
155.000    0.779000    0.058000
165.000    0.800000    0.078000
175.000    0.974000    0.145000
------------------------------------------
