E =  146.000 MeV, Wght = 1.00, Syst = 0.05
 15.000    0.400000    0.912000
 25.000    0.462000    0.403000
 35.000    0.286000    0.270000
 45.000   -0.505000    0.199000
 55.000   -0.090000    0.161000
 65.000    0.073000    0.127000
 75.000   -0.032000    0.103000
 85.000   -0.123000    0.098000
 95.000    0.030000    0.087000
105.000    0.092000    0.084000
115.000    0.086000    0.082000
125.000    0.019000    0.080000
135.000   -0.092000    0.081000
145.000   -0.073000    0.090000
155.000   -0.106000    0.106000
165.000   -0.160000    0.124000
175.000    0.044000    0.211000
------------------------------------------
E =  148.000 MeV, Wght = 1.00, Syst = 0.05
  5.000    0.750000    0.534000
 15.000   -0.341000    0.317000
 25.000   -0.122000    0.202000
 35.000    0.155000    0.144000
 45.000   -0.072000    0.120000
 55.000    0.004000    0.092000
 65.000   -0.063000    0.079000
 75.000    0.036000    0.067000
 85.000    0.081000    0.062000
 95.000   -0.169000    0.058000
105.000   -0.004000    0.054000
115.000   -0.116000    0.052000
125.000    0.013000    0.054000
135.000   -0.064000    0.056000
145.000    0.024000    0.058000
155.000    0.031000    0.066000
165.000    0.074000    0.082000
175.000    0.275000    0.156000
------------------------------------------
E =  150.000 MeV, Wght = 1.00, Syst = 0.05
  5.000   -0.080000    0.283000
 15.000    0.064000    0.146000
 25.000    0.059000    0.115000
 35.000    0.078000    0.091000
 45.000   -0.052000    0.072000
 55.000   -0.037000    0.065000
 65.000    0.039000    0.057000
 75.000   -0.035000    0.051000
 85.000    0.025000    0.047000
 95.000   -0.091000    0.044000
105.000   -0.047000    0.043000
115.000    0.003000    0.042000
125.000    0.015000    0.043000
135.000   -0.011000    0.045000
145.000    0.084000    0.049000
155.000   -0.060000    0.056000
165.000   -0.059000    0.069000
175.000    0.008000    0.128000
------------------------------------------
E =  152.000 MeV, Wght = 1.00, Syst = 0.05
  5.000    0.143000    0.169000
 15.000    0.040000    0.101000
 25.000    0.175000    0.072000
 35.000   -0.120000    0.063000
 45.000   -0.040000    0.053000
 55.000    0.052000    0.048000
 65.000   -0.078000    0.043000
 75.000   -0.083000    0.040000
 85.000   -0.026000    0.038000
 95.000   -0.048000    0.037000
105.000   -0.008000    0.036000
115.000   -0.021000    0.036000
125.000   -0.005000    0.036000
135.000   -0.020000    0.039000
145.000   -0.109000    0.042000
155.000   -0.042000    0.049000
165.000    0.052000    0.062000
175.000    0.023000    0.108000
------------------------------------------
E =  154.000 MeV, Wght = 1.00, Syst = 0.05
  5.000   -0.040000    0.141000
 25.000    0.021000    0.057000
 35.000   -0.047000    0.049000
 45.000   -0.049000    0.043000
 55.000   -0.143000    0.039000
 65.000   -0.026000    0.035000
 75.000   -0.140000    0.032000
 85.000   -0.047000    0.031000
 95.000   -0.052000    0.030000
105.000   -0.083000    0.030000
115.000   -0.033000    0.030000
125.000   -0.069000    0.031000
135.000   -0.040000    0.032000
145.000   -0.027000    0.036000
155.000    0.004000    0.041000
165.000   -0.063000    0.051000
------------------------------------------
E =  156.000 MeV, Wght = 1.00, Syst = 0.05
  5.000    0.007000    0.120000
 15.000    0.098000    0.067000
 25.000    0.049000    0.050000
 35.000   -0.102000    0.043000
 45.000   -0.016000    0.037000
 55.000   -0.070000    0.033000
 65.000   -0.062000    0.030000
 75.000   -0.111000    0.028000
 85.000   -0.112000    0.026000
 95.000   -0.046000    0.025000
105.000   -0.061000    0.025000
115.000   -0.103000    0.026000
125.000   -0.075000    0.026000
135.000   -0.053000    0.028000
145.000    0.009000    0.031000
155.000    0.049000    0.035000
165.000   -0.066000    0.045000
175.000    0.083000    0.077000
------------------------------------------
E =  158.000 MeV, Wght = 1.00, Syst = 0.05
  5.000   -0.005000    0.099000
 15.000   -0.077000    0.056000
 25.000   -0.037000    0.045000
 35.000   -0.070000    0.037000
 45.000   -0.047000    0.032000
 55.000   -0.033000    0.028000
 65.000   -0.123000    0.026000
 75.000   -0.110000    0.024000
 85.000   -0.100000    0.023000
 95.000   -0.106000    0.023000
105.000   -0.044000    0.022000
115.000   -0.088000    0.022000
125.000   -0.051000    0.023000
135.000   -0.093000    0.025000
145.000   -0.014000    0.027000
155.000   -0.007000    0.032000
165.000   -0.061000    0.039000
175.000    0.064000    0.068000
------------------------------------------
E =  160.000 MeV, Wght = 1.00, Syst = 0.05
  5.000    0.033000    0.090000
 15.000    0.045000    0.051000
 25.000   -0.070000    0.040000
 35.000   -0.108000    0.033000
 45.000   -0.006000    0.028000
 55.000   -0.052000    0.025000
 65.000   -0.066000    0.023000
 75.000   -0.089000    0.022000
 85.000   -0.055000    0.021000
 95.000   -0.060000    0.020000
105.000   -0.076000    0.020000
115.000   -0.082000    0.020000
125.000   -0.071000    0.021000
135.000   -0.019000    0.022000
155.000   -0.072000    0.028000
165.000    0.027000    0.036000
175.000    0.086000    0.060000
------------------------------------------
E =  162.000 MeV, Wght = 1.00, Syst = 0.05
  5.000   -0.029000    0.080000
 15.000   -0.099000    0.047000
 25.000    0.017000    0.035000
 35.000   -0.036000    0.030000
 45.000   -0.050000    0.026000
 55.000   -0.012000    0.023000
 65.000   -0.046000    0.021000
 75.000   -0.063000    0.019000
 85.000   -0.073000    0.019000
 95.000   -0.070000    0.018000
105.000   -0.052000    0.018000
115.000   -0.044000    0.018000
125.000   -0.051000    0.019000
135.000   -0.012000    0.020000
145.000   -0.017000    0.022000
155.000   -0.002000    0.026000
165.000    0.010000    0.033000
175.000    0.012000    0.054000
------------------------------------------
E =  164.000 MeV, Wght = 1.00, Syst = 0.05
  5.000    0.013000    0.073000
 15.000    0.083000    0.043000
 25.000   -0.014000    0.033000
 35.000   -0.030000    0.027000
 45.000   -0.068000    0.023000
 55.000   -0.050000    0.021000
 65.000   -0.039000    0.019000
 75.000   -0.055000    0.018000
 85.000   -0.073000    0.017000
 95.000   -0.085000    0.017000
105.000   -0.071000    0.016000
115.000   -0.065000    0.017000
125.000   -0.041000    0.017000
135.000   -0.057000    0.018000
145.000   -0.041000    0.020000
155.000   -0.056000    0.024000
165.000   -0.024000    0.030000
175.000    0.014000    0.051000
------------------------------------------
E =  166.000 MeV, Wght = 1.00, Syst = 0.05
  5.000    0.020000    0.070000
 15.000    0.071000    0.039000
 25.000   -0.045000    0.030000
 35.000   -0.029000    0.025000
 45.000   -0.034000    0.022000
 55.000   -0.007000    0.019000
 65.000   -0.067000    0.018000
 75.000   -0.040000    0.017000
 85.000   -0.057000    0.016000
 95.000   -0.040000    0.015000
105.000   -0.062000    0.015000
115.000   -0.048000    0.015000
125.000   -0.018000    0.016000
135.000   -0.011000    0.017000
145.000   -0.043000    0.019000
155.000   -0.065000    0.022000
165.000    0.020000    0.027000
175.000    0.056000    0.047000
------------------------------------------
E =  168.000 MeV, Wght = 1.00, Syst = 0.05
  5.000    0.096000    0.063000
 15.000   -0.015000    0.037000
 25.000   -0.018000    0.028000
 35.000   -0.030000    0.023000
 45.000   -0.048000    0.020000
 55.000   -0.036000    0.018000
 65.000   -0.055000    0.016000
 75.000   -0.047000    0.015000
 85.000   -0.064000    0.014000
 95.000   -0.070000    0.014000
105.000   -0.052000    0.014000
115.000   -0.067000    0.014000
125.000   -0.049000    0.015000
135.000   -0.050000    0.016000
145.000   -0.039000    0.018000
155.000   -0.026000    0.020000
165.000   -0.004000    0.026000
175.000    0.035000    0.044000
------------------------------------------
E =  170.000 MeV, Wght = 1.00, Syst = 0.05
  5.000   -0.202000    0.084000
 15.000    0.034000    0.048000
 25.000    0.091000    0.036000
 35.000    0.021000    0.030000
 45.000    0.031000    0.026000
 55.000   -0.028000    0.023000
 65.000   -0.015000    0.021000
 75.000   -0.065000    0.020000
 85.000   -0.028000    0.019000
 95.000   -0.046000    0.018000
105.000   -0.062000    0.018000
115.000   -0.010000    0.018000
125.000   -0.037000    0.019000
135.000   -0.023000    0.020000
145.000   -0.019000    0.022000
155.000   -0.007000    0.026000
165.000    0.033000    0.033000
175.000   -0.052000    0.058000
------------------------------------------
E =  172.000 MeV, Wght = 1.00, Syst = 0.05
  5.000   -0.045000    0.213000
 15.000    0.283000    0.136000
 25.000   -0.058000    0.094000
 35.000    0.113000    0.078000
 45.000   -0.042000    0.066000
 55.000   -0.129000    0.062000
 65.000    0.011000    0.057000
 75.000   -0.078000    0.053000
 85.000    0.017000    0.049000
 95.000    0.008000    0.047000
105.000    0.007000    0.048000
115.000   -0.030000    0.049000
125.000   -0.055000    0.050000
135.000   -0.158000    0.056000
145.000   -0.053000    0.061000
155.000   -0.043000    0.069000
165.000   -0.035000    0.088000
175.000   -0.077000    0.148000
------------------------------------------
E =  174.000 MeV, Wght = 1.00, Syst = 0.05
  5.000    0.177000    0.226000
 15.000    0.082000    0.123000
 25.000    0.041000    0.091000
 35.000    0.036000    0.072000
 45.000    0.060000    0.066000
 55.000   -0.019000    0.059000
 65.000   -0.028000    0.053000
 75.000    0.013000    0.049000
 85.000    0.026000    0.047000
 95.000   -0.022000    0.045000
105.000    0.024000    0.045000
115.000   -0.017000    0.046000
125.000   -0.102000    0.048000
135.000    0.030000    0.052000
145.000    0.018000    0.057000
155.000    0.036000    0.065000
165.000   -0.092000    0.083000
175.000    0.220000    0.153000
------------------------------------------
E =  176.000 MeV, Wght = 1.00, Syst = 0.05
  5.000   -0.019000    0.193000
 15.000   -0.105000    0.111000
 25.000    0.046000    0.087000
 35.000   -0.151000    0.072000
 45.000    0.088000    0.061000
 55.000   -0.013000    0.054000
 65.000   -0.076000    0.049000
 75.000   -0.067000    0.046000
 85.000    0.094000    0.044000
 95.000   -0.015000    0.043000
105.000   -0.005000    0.043000
115.000   -0.007000    0.043000
125.000    0.097000    0.044000
135.000   -0.068000    0.049000
145.000   -0.134000    0.054000
155.000   -0.198000    0.061000
165.000    0.056000    0.079000
175.000   -0.104000    0.145000
------------------------------------------
E =  178.000 MeV, Wght = 1.00, Syst = 0.05
  5.000   -0.222000    0.202000
 15.000    0.102000    0.107000
 25.000   -0.085000    0.084000
 35.000   -0.047000    0.068000
 45.000    0.056000    0.058000
 55.000   -0.063000    0.052000
 65.000    0.003000    0.048000
 75.000   -0.057000    0.043000
 85.000    0.050000    0.042000
 95.000    0.003000    0.040000
105.000    0.012000    0.040000
115.000   -0.038000    0.041000
125.000   -0.077000    0.042000
135.000   -0.061000    0.046000
145.000   -0.061000    0.051000
155.000   -0.095000    0.062000
165.000    0.006000    0.075000
175.000   -0.065000    0.136000
------------------------------------------
E =  180.000 MeV, Wght = 1.00, Syst = 0.05
  5.000    0.057000    0.169000
 15.000   -0.052000    0.102000
 25.000    0.061000    0.076000
 35.000   -0.051000    0.063000
 45.000    0.030000    0.056000
 55.000    0.042000    0.048000
 65.000   -0.025000    0.044000
 75.000    0.125000    0.041000
 85.000   -0.056000    0.039000
 95.000    0.066000    0.038000
105.000   -0.001000    0.038000
115.000   -0.061000    0.039000
125.000   -0.034000    0.041000
135.000   -0.025000    0.043000
145.000   -0.048000    0.049000
155.000   -0.025000    0.056000
165.000   -0.106000    0.072000
175.000    0.054000    0.124000
------------------------------------------
E =  182.000 MeV, Wght = 1.00, Syst = 0.05
  5.000    0.074000    0.172000
 15.000    0.023000    0.096000
 25.000    0.088000    0.077000
 35.000    0.079000    0.061000
 45.000    0.003000    0.053000
 55.000   -0.066000    0.047000
 65.000    0.011000    0.042000
 75.000    0.044000    0.039000
 85.000   -0.031000    0.038000
 95.000   -0.030000    0.037000
105.000    0.003000    0.036000
115.000   -0.025000    0.037000
125.000   -0.039000    0.039000
135.000   -0.004000    0.042000
145.000   -0.026000    0.046000
155.000    0.098000    0.054000
165.000   -0.037000    0.070000
175.000   -0.110000    0.121000
------------------------------------------
E =  184.000 MeV, Wght = 1.00, Syst = 0.05
  5.000   -0.293000    0.161000
 15.000   -0.059000    0.096000
 25.000   -0.109000    0.070000
 35.000   -0.013000    0.057000
 45.000    0.015000    0.049000
 55.000   -0.046000    0.044000
 65.000    0.018000    0.040000
 75.000    0.027000    0.037000
 85.000   -0.039000    0.036000
 95.000   -0.018000    0.035000
105.000   -0.048000    0.035000
115.000   -0.006000    0.036000
125.000    0.020000    0.037000
135.000   -0.025000    0.039000
145.000   -0.043000    0.043000
155.000    0.029000    0.051000
165.000    0.144000    0.068000
175.000    0.130000    0.112000
------------------------------------------
E =  186.000 MeV, Wght = 1.00, Syst = 0.05
 15.000   -0.073000    0.088000
 25.000   -0.088000    0.066000
 35.000   -0.036000    0.057000
 45.000    0.049000    0.048000
 55.000    0.037000    0.042000
 65.000    0.065000    0.038000
 75.000   -0.034000    0.036000
 85.000    0.002000    0.034000
 95.000    0.007000    0.033000
105.000    0.022000    0.033000
115.000    0.082000    0.034000
125.000   -0.030000    0.036000
135.000   -0.015000    0.039000
145.000   -0.054000    0.042000
155.000   -0.058000    0.049000
165.000   -0.056000    0.064000
175.000   -0.152000    0.105000
------------------------------------------
E =  188.000 MeV, Wght = 1.00, Syst = 0.05
  5.000    0.021000    0.146000
 15.000    0.088000    0.088000
 25.000   -0.023000    0.065000
 35.000   -0.080000    0.051000
 45.000   -0.012000    0.045000
 55.000    0.055000    0.040000
 65.000   -0.040000    0.036000
 75.000    0.037000    0.034000
 85.000    0.003000    0.032000
 95.000   -0.012000    0.032000
105.000   -0.013000    0.031000
115.000    0.042000    0.032000
125.000   -0.072000    0.033000
135.000   -0.055000    0.037000
145.000    0.031000    0.040000
155.000    0.015000    0.048000
165.000    0.049000    0.060000
175.000   -0.006000    0.110000
------------------------------------------
E =  190.000 MeV, Wght = 1.00, Syst = 0.05
  5.000   -0.146000    0.140000
 15.000   -0.057000    0.082000
 25.000    0.114000    0.062000
 35.000    0.035000    0.050000
 45.000    0.076000    0.042000
 55.000    0.019000    0.039000
 65.000   -0.003000    0.035000
 75.000    0.017000    0.033000
 85.000   -0.015000    0.031000
 95.000   -0.001000    0.030000
105.000    0.026000    0.031000
115.000   -0.020000    0.031000
125.000   -0.014000    0.032000
135.000    0.046000    0.035000
145.000   -0.039000    0.039000
155.000   -0.028000    0.045000
165.000   -0.005000    0.059000
175.000   -0.130000    0.104000
------------------------------------------
E =  192.000 MeV, Wght = 1.00, Syst = 0.05
 15.000   -0.102000    0.080000
 25.000    0.109000    0.059000
 35.000    0.065000    0.048000
 45.000    0.050000    0.041000
 55.000    0.008000    0.037000
 65.000    0.020000    0.033000
 75.000    0.035000    0.031000
 85.000   -0.013000    0.030000
 95.000    0.035000    0.029000
105.000    0.045000    0.029000
115.000   -0.016000    0.029000
125.000    0.040000    0.031000
135.000   -0.076000    0.034000
145.000   -0.015000    0.037000
155.000    0.082000    0.044000
165.000    0.026000    0.057000
175.000    0.086000    0.104000
------------------------------------------
E =  194.000 MeV, Wght = 1.00, Syst = 0.05
  5.000   -0.039000    0.140000
 15.000    0.020000    0.075000
 25.000   -0.020000    0.057000
 35.000    0.013000    0.046000
 45.000    0.080000    0.040000
 55.000   -0.038000    0.035000
 65.000   -0.036000    0.032000
 75.000    0.015000    0.030000
 85.000    0.071000    0.029000
 95.000   -0.016000    0.028000
105.000    0.065000    0.028000
115.000   -0.008000    0.028000
125.000    0.046000    0.030000
135.000   -0.023000    0.032000
145.000    0.088000    0.036000
155.000    0.036000    0.042000
165.000    0.019000    0.053000
175.000    0.039000    0.093000
------------------------------------------
E =  196.000 MeV, Wght = 1.00, Syst = 0.05
  5.000   -0.182000    0.129000
 15.000    0.077000    0.073000
 25.000   -0.047000    0.055000
 35.000   -0.004000    0.045000
 45.000   -0.035000    0.038000
 55.000    0.054000    0.034000
 65.000    0.031000    0.031000
 75.000    0.048000    0.029000
 85.000    0.011000    0.027000
 95.000    0.076000    0.027000
105.000   -0.010000    0.027000
115.000    0.016000    0.028000
125.000    0.056000    0.029000
135.000   -0.018000    0.031000
145.000   -0.017000    0.034000
155.000    0.026000    0.041000
165.000   -0.057000    0.052000
175.000   -0.098000    0.090000
------------------------------------------
E =  198.000 MeV, Wght = 1.00, Syst = 0.05
  5.000    0.082000    0.128000
 15.000    0.008000    0.071000
 25.000   -0.009000    0.054000
 35.000   -0.051000    0.043000
 45.000   -0.005000    0.037000
 55.000   -0.044000    0.032000
 65.000    0.050000    0.030000
 75.000    0.030000    0.027000
 85.000    0.030000    0.026000
 95.000    0.020000    0.025000
105.000    0.065000    0.026000
115.000    0.008000    0.027000
125.000   -0.034000    0.028000
135.000    0.035000    0.030000
145.000    0.018000    0.034000
155.000   -0.032000    0.040000
165.000    0.134000    0.051000
175.000   -0.011000    0.087000
------------------------------------------
E =  200.000 MeV, Wght = 1.00, Syst = 0.05
  5.000    0.122000    0.124000
 15.000    0.051000    0.068000
 25.000    0.068000    0.051000
 35.000    0.064000    0.041000
 45.000    0.023000    0.036000
 55.000    0.063000    0.031000
 65.000    0.032000    0.028000
 75.000    0.085000    0.026000
 85.000    0.031000    0.025000
 95.000    0.026000    0.024000
105.000    0.039000    0.025000
115.000    0.034000    0.026000
125.000    0.023000    0.027000
145.000    0.025000    0.032000
155.000   -0.010000    0.038000
165.000   -0.023000    0.049000
175.000    0.123000    0.084000
------------------------------------------
E =  202.000 MeV, Wght = 1.00, Syst = 0.05
  5.000    0.141000    0.119000
 15.000   -0.011000    0.066000
 25.000    0.078000    0.049000
 35.000   -0.016000    0.039000
 45.000    0.038000    0.034000
 55.000    0.013000    0.030000
 65.000    0.059000    0.027000
 75.000    0.042000    0.025000
 85.000    0.040000    0.024000
 95.000    0.037000    0.023000
105.000    0.037000    0.024000
115.000    0.045000    0.024000
125.000    0.064000    0.026000
135.000    0.053000    0.028000
145.000    0.019000    0.031000
155.000    0.033000    0.037000
165.000   -0.009000    0.047000
175.000    0.090000    0.085000
------------------------------------------
E =  204.000 MeV, Wght = 1.00, Syst = 0.05
  5.000   -0.112000    0.112000
 15.000   -0.074000    0.064000
 25.000   -0.044000    0.047000
 35.000    0.049000    0.039000
 45.000    0.033000    0.033000
 55.000    0.052000    0.029000
 65.000    0.057000    0.026000
 75.000    0.055000    0.024000
 85.000    0.051000    0.023000
 95.000    0.011000    0.023000
105.000    0.042000    0.023000
115.000    0.050000    0.024000
125.000    0.043000    0.025000
135.000    0.056000    0.027000
145.000    0.026000    0.030000
155.000    0.023000    0.035000
165.000    0.102000    0.046000
175.000   -0.085000    0.081000
------------------------------------------
E =  206.000 MeV, Wght = 1.00, Syst = 0.05
  5.000    0.144000    0.112000
 15.000   -0.055000    0.061000
 25.000    0.032000    0.046000
 35.000    0.017000    0.037000
 45.000    0.066000    0.031000
 55.000    0.028000    0.027000
 65.000    0.049000    0.025000
 75.000    0.071000    0.023000
 85.000    0.076000    0.022000
 95.000    0.073000    0.022000
105.000    0.052000    0.022000
115.000    0.052000    0.023000
125.000    0.032000    0.024000
135.000    0.040000    0.026000
145.000    0.089000    0.029000
155.000   -0.016000    0.035000
165.000   -0.004000    0.045000
175.000   -0.026000    0.076000
------------------------------------------
E =  208.000 MeV, Wght = 1.00, Syst = 0.05
  5.000    0.053000    0.103000
 15.000    0.129000    0.058000
 25.000    0.038000    0.044000
 35.000   -0.015000    0.037000
 45.000    0.091000    0.030000
 55.000    0.034000    0.026000
 65.000    0.059000    0.024000
 75.000    0.053000    0.023000
 85.000    0.049000    0.022000
 95.000    0.028000    0.021000
105.000    0.059000    0.021000
115.000   -0.003000    0.022000
125.000    0.022000    0.023000
135.000   -0.007000    0.025000
145.000    0.054000    0.028000
155.000    0.040000    0.033000
165.000   -0.021000    0.043000
175.000   -0.019000    0.073000
------------------------------------------
E =  210.000 MeV, Wght = 1.00, Syst = 0.05
  5.000   -0.222000    0.102000
 15.000    0.052000    0.057000
 25.000    0.058000    0.042000
 35.000   -0.021000    0.035000
 45.000    0.006000    0.029000
 55.000    0.033000    0.025000
 65.000    0.038000    0.023000
 75.000    0.034000    0.022000
 85.000    0.040000    0.021000
 95.000    0.052000    0.020000
105.000    0.001000    0.020000
115.000    0.016000    0.021000
125.000    0.098000    0.022000
135.000    0.040000    0.024000
155.000    0.050000    0.033000
165.000   -0.021000    0.043000
175.000    0.088000    0.072000
------------------------------------------
E =  212.000 MeV, Wght = 1.00, Syst = 0.05
  5.000   -0.053000    0.098000
 15.000   -0.089000    0.056000
 25.000   -0.012000    0.042000
 35.000    0.072000    0.033000
 45.000    0.056000    0.028000
 55.000    0.055000    0.025000
 65.000    0.066000    0.022000
 75.000    0.066000    0.021000
 85.000    0.043000    0.020000
 95.000    0.028000    0.020000
105.000    0.048000    0.020000
115.000    0.059000    0.020000
125.000    0.032000    0.022000
135.000    0.027000    0.024000
145.000    0.029000    0.027000
155.000    0.010000    0.031000
165.000    0.001000    0.040000
175.000   -0.100000    0.072000
------------------------------------------
E =  214.000 MeV, Wght = 1.00, Syst = 0.05
  5.000    0.009000    0.097000
 15.000    0.098000    0.054000
 35.000    0.005000    0.032000
 45.000    0.051000    0.027000
 55.000    0.033000    0.024000
 65.000    0.052000    0.022000
 75.000    0.038000    0.020000
 85.000    0.061000    0.019000
 95.000    0.040000    0.019000
105.000    0.098000    0.019000
115.000    0.067000    0.020000
125.000    0.044000    0.021000
135.000    0.098000    0.023000
145.000    0.087000    0.026000
155.000    0.026000    0.030000
165.000   -0.027000    0.040000
175.000    0.094000    0.068000
------------------------------------------
E =  216.000 MeV, Wght = 1.00, Syst = 0.05
  5.000    0.059000    0.092000
 15.000   -0.001000    0.051000
 25.000    0.011000    0.038000
 35.000    0.049000    0.031000
 45.000    0.012000    0.026000
 55.000    0.061000    0.023000
 65.000    0.026000    0.021000
 75.000    0.075000    0.019000
 85.000    0.024000    0.018000
 95.000    0.063000    0.018000
105.000    0.065000    0.018000
115.000    0.083000    0.019000
125.000    0.055000    0.020000
135.000    0.020000    0.022000
145.000    0.066000    0.025000
155.000   -0.004000    0.029000
165.000    0.030000    0.039000
175.000   -0.046000    0.068000
------------------------------------------
E =  218.000 MeV, Wght = 1.00, Syst = 0.05
  5.000    0.055000    0.088000
 15.000   -0.029000    0.049000
 25.000    0.056000    0.037000
 35.000    0.037000    0.030000
 45.000    0.058000    0.025000
 55.000    0.034000    0.022000
 65.000    0.057000    0.020000
 75.000    0.053000    0.019000
 85.000    0.103000    0.018000
 95.000    0.071000    0.018000
105.000    0.055000    0.018000
115.000    0.054000    0.018000
125.000    0.079000    0.020000
135.000    0.085000    0.022000
145.000    0.067000    0.024000
155.000    0.087000    0.029000
165.000   -0.003000    0.038000
175.000   -0.022000    0.066000
------------------------------------------
E =  220.000 MeV, Wght = 1.00, Syst = 0.05
  5.000    0.074000    0.086000
 15.000   -0.033000    0.049000
 25.000   -0.006000    0.035000
 35.000    0.007000    0.029000
 45.000    0.055000    0.024000
 55.000    0.058000    0.022000
 65.000    0.039000    0.019000
 75.000    0.096000    0.018000
 85.000    0.054000    0.017000
 95.000    0.105000    0.017000
105.000    0.133000    0.017000
115.000    0.087000    0.018000
125.000    0.061000    0.019000
135.000    0.068000    0.021000
145.000    0.084000    0.024000
155.000    0.062000    0.028000
165.000    0.001000    0.036000
175.000    0.002000    0.062000
------------------------------------------
E =  222.000 MeV, Wght = 1.00, Syst = 0.05
  5.000   -0.052000    0.083000
 15.000    0.055000    0.046000
 25.000    0.008000    0.035000
 35.000    0.018000    0.028000
 45.000    0.053000    0.024000
 55.000    0.046000    0.021000
 65.000    0.043000    0.019000
 75.000    0.053000    0.017000
 85.000    0.049000    0.017000
 95.000    0.084000    0.016000
105.000    0.071000    0.017000
115.000    0.105000    0.017000
125.000    0.022000    0.018000
135.000    0.051000    0.020000
145.000    0.057000    0.023000
155.000    0.126000    0.027000
165.000    0.027000    0.035000
175.000    0.059000    0.062000
------------------------------------------
E =  224.000 MeV, Wght = 1.00, Syst = 0.05
  5.000   -0.079000    0.081000
 15.000   -0.031000    0.045000
 25.000    0.049000    0.034000
 35.000   -0.005000    0.027000
 45.000   -0.012000    0.023000
 55.000    0.050000    0.020000
 65.000    0.039000    0.018000
 75.000    0.073000    0.017000
 85.000    0.065000    0.016000
 95.000    0.087000    0.016000
105.000    0.112000    0.016000
115.000    0.080000    0.017000
125.000    0.071000    0.018000
135.000    0.067000    0.020000
145.000    0.056000    0.022000
155.000    0.034000    0.027000
165.000    0.033000    0.035000
------------------------------------------
E =  226.000 MeV, Wght = 1.00, Syst = 0.05
  5.000    0.029000    0.080000
 15.000    0.019000    0.043000
 25.000    0.020000    0.033000
 35.000    0.085000    0.026000
 45.000   -0.002000    0.022000
 55.000    0.047000    0.019000
 65.000    0.076000    0.017000
 75.000    0.078000    0.016000
 85.000    0.060000    0.016000
 95.000    0.085000    0.015000
105.000    0.093000    0.016000
115.000    0.077000    0.016000
125.000    0.090000    0.017000
135.000    0.080000    0.019000
145.000    0.068000    0.021000
155.000    0.048000    0.026000
165.000    0.051000    0.034000
175.000    0.025000    0.057000
------------------------------------------
E =  228.000 MeV, Wght = 1.00, Syst = 0.05
  5.000   -0.057000    0.075000
 15.000    0.027000    0.043000
 25.000   -0.014000    0.032000
 35.000    0.039000    0.025000
 45.000    0.022000    0.021000
 55.000    0.065000    0.019000
 65.000    0.047000    0.017000
 75.000    0.051000    0.016000
 85.000    0.105000    0.015000
 95.000    0.071000    0.015000
105.000    0.090000    0.015000
115.000    0.079000    0.016000
125.000    0.065000    0.017000
135.000    0.052000    0.019000
145.000    0.091000    0.021000
155.000    0.073000    0.025000
165.000    0.028000    0.033000
175.000   -0.172000    0.056000
------------------------------------------
E =  230.000 MeV, Wght = 1.00, Syst = 0.05
  5.000   -0.028000    0.097000
 15.000    0.025000    0.054000
 25.000   -0.038000    0.040000
 35.000    0.006000    0.032000
 45.000    0.087000    0.027000
 55.000    0.024000    0.024000
 65.000    0.068000    0.022000
 75.000    0.047000    0.020000
 85.000    0.083000    0.019000
 95.000    0.065000    0.019000
105.000    0.071000    0.019000
115.000    0.117000    0.020000
125.000    0.105000    0.021000
135.000    0.109000    0.024000
145.000    0.051000    0.027000
155.000    0.063000    0.032000
165.000    0.061000    0.042000
175.000    0.043000    0.073000
------------------------------------------
E =  232.000 MeV, Wght = 1.00, Syst = 0.05
  5.000   -0.052000    0.187000
 15.000   -0.021000    0.101000
 25.000    0.075000    0.076000
 35.000    0.013000    0.060000
 45.000   -0.070000    0.050000
 55.000    0.012000    0.044000
 65.000    0.126000    0.039000
 75.000    0.110000    0.037000
 85.000    0.052000    0.036000
 95.000    0.058000    0.035000
105.000    0.105000    0.035000
115.000    0.112000    0.037000
125.000    0.140000    0.040000
135.000    0.049000    0.044000
145.000    0.077000    0.051000
155.000    0.048000    0.061000
165.000    0.028000    0.079000
175.000    0.009000    0.131000
------------------------------------------
E =  234.000 MeV, Wght = 1.00, Syst = 0.05
  5.000   -0.146000    0.163000
 15.000    0.060000    0.092000
 25.000   -0.062000    0.073000
 35.000   -0.021000    0.057000
 45.000    0.020000    0.050000
 55.000    0.071000    0.043000
 65.000    0.049000    0.038000
 75.000    0.089000    0.036000
 85.000    0.060000    0.034000
 95.000    0.073000    0.034000
105.000    0.099000    0.035000
115.000    0.065000    0.036000
125.000    0.140000    0.039000
135.000    0.169000    0.044000
145.000    0.014000    0.048000
155.000   -0.015000    0.057000
165.000   -0.135000    0.077000
175.000   -0.041000    0.129000
------------------------------------------
E =  236.000 MeV, Wght = 1.00, Syst = 0.05
  5.000   -0.247000    0.167000
 15.000    0.143000    0.096000
 25.000    0.015000    0.071000
 35.000    0.064000    0.055000
 45.000    0.044000    0.046000
 55.000    0.073000    0.041000
 65.000   -0.001000    0.037000
 75.000    0.074000    0.034000
 85.000    0.076000    0.033000
 95.000    0.072000    0.033000
105.000    0.032000    0.033000
115.000    0.118000    0.035000
125.000    0.109000    0.038000
135.000    0.109000    0.041000
145.000    0.105000    0.048000
155.000    0.050000    0.059000
165.000    0.057000    0.076000
175.000    0.095000    0.126000
------------------------------------------
E =  238.000 MeV, Wght = 1.00, Syst = 0.05
  5.000    0.203000    0.160000
 15.000    0.074000    0.093000
 25.000    0.070000    0.068000
 35.000   -0.045000    0.054000
 45.000    0.024000    0.046000
 55.000   -0.010000    0.040000
 65.000    0.037000    0.036000
 75.000   -0.028000    0.034000
 85.000    0.089000    0.032000
 95.000    0.055000    0.031000
105.000    0.112000    0.032000
115.000    0.102000    0.034000
125.000    0.115000    0.036000
135.000    0.085000    0.040000
145.000    0.098000    0.046000
155.000    0.136000    0.055000
165.000    0.112000    0.074000
175.000    0.032000    0.126000
------------------------------------------
E =  240.000 MeV, Wght = 1.00, Syst = 0.05
  5.000   -0.133000    0.164000
 15.000   -0.023000    0.088000
 25.000   -0.071000    0.065000
 35.000   -0.044000    0.052000
 45.000    0.050000    0.044000
 55.000    0.029000    0.038000
 65.000    0.030000    0.035000
 75.000    0.029000    0.032000
 85.000    0.071000    0.031000
 95.000    0.049000    0.031000
105.000    0.125000    0.031000
115.000    0.061000    0.033000
125.000    0.125000    0.036000
135.000    0.144000    0.039000
145.000    0.057000    0.045000
155.000    0.052000    0.055000
165.000    0.032000    0.073000
175.000   -0.025000    0.129000
------------------------------------------
E =  242.000 MeV, Wght = 1.00, Syst = 0.05
  5.000    0.118000    0.162000
 15.000   -0.030000    0.087000
 25.000    0.166000    0.063000
 35.000   -0.019000    0.051000
 45.000   -0.098000    0.043000
 55.000    0.020000    0.038000
 65.000    0.082000    0.033000
 75.000    0.014000    0.031000
 85.000    0.107000    0.030000
 95.000    0.121000    0.030000
105.000    0.139000    0.030000
115.000    0.076000    0.032000
125.000    0.084000    0.034000
135.000    0.047000    0.039000
145.000    0.115000    0.043000
155.000   -0.038000    0.054000
165.000    0.015000    0.070000
175.000    0.400000    0.128000
------------------------------------------
E =  244.000 MeV, Wght = 1.00, Syst = 0.05
  5.000   -0.063000    0.145000
 15.000    0.083000    0.083000
 25.000    0.113000    0.063000
 35.000   -0.041000    0.050000
 45.000    0.064000    0.042000
 55.000    0.021000    0.036000
 65.000    0.059000    0.032000
 75.000    0.023000    0.030000
 85.000    0.090000    0.029000
 95.000    0.085000    0.029000
105.000    0.057000    0.029000
115.000    0.074000    0.031000
125.000    0.071000    0.033000
135.000    0.140000    0.037000
145.000    0.146000    0.043000
155.000    0.148000    0.051000
165.000    0.085000    0.067000
175.000    0.007000    0.117000
------------------------------------------
E =  246.000 MeV, Wght = 1.00, Syst = 0.05
  5.000   -0.214000    0.140000
 15.000    0.052000    0.086000
 25.000   -0.052000    0.060000
 35.000    0.046000    0.047000
 45.000    0.019000    0.040000
 55.000   -0.010000    0.035000
 65.000    0.138000    0.031000
 75.000    0.055000    0.029000
 85.000    0.069000    0.028000
 95.000    0.109000    0.028000
105.000    0.026000    0.029000
115.000    0.122000    0.030000
125.000    0.154000    0.032000
135.000    0.119000    0.036000
145.000    0.027000    0.042000
155.000    0.036000    0.050000
165.000    0.161000    0.069000
175.000   -0.181000    0.114000
------------------------------------------
E =  248.000 MeV, Wght = 1.00, Syst = 0.05
  5.000   -0.193000    0.143000
 15.000   -0.082000    0.079000
 25.000   -0.057000    0.058000
 35.000   -0.010000    0.047000
 45.000    0.008000    0.039000
 55.000    0.062000    0.034000
 65.000    0.016000    0.031000
 75.000    0.092000    0.028000
 85.000    0.064000    0.028000
 95.000    0.046000    0.028000
105.000    0.091000    0.028000
115.000    0.097000    0.029000
125.000    0.114000    0.032000
135.000    0.176000    0.035000
145.000    0.157000    0.041000
155.000    0.067000    0.050000
165.000   -0.068000    0.063000
175.000    0.183000    0.115000
------------------------------------------
E =  250.000 MeV, Wght = 1.00, Syst = 0.05
  5.000   -0.033000    0.149000
 15.000    0.113000    0.075000
 25.000    0.094000    0.056000
 35.000    0.013000    0.044000
 45.000   -0.060000    0.038000
 55.000    0.030000    0.032000
 65.000    0.083000    0.029000
 75.000    0.078000    0.028000
 85.000    0.104000    0.026000
 95.000    0.067000    0.026000
105.000    0.087000    0.027000
115.000    0.099000    0.028000
125.000    0.102000    0.031000
135.000    0.131000    0.034000
145.000    0.100000    0.040000
155.000    0.094000    0.048000
165.000    0.152000    0.063000
175.000   -0.032000    0.113000
------------------------------------------
E =  252.000 MeV, Wght = 1.00, Syst = 0.05
  5.000    0.082000    0.135000
 15.000   -0.114000    0.075000
 25.000   -0.050000    0.055000
 35.000   -0.006000    0.043000
 45.000   -0.008000    0.036000
 55.000    0.039000    0.032000
 65.000    0.019000    0.029000
 75.000    0.074000    0.027000
 85.000    0.092000    0.026000
 95.000    0.129000    0.026000
105.000    0.123000    0.026000
115.000    0.081000    0.027000
125.000    0.128000    0.030000
135.000    0.101000    0.033000
145.000    0.050000    0.038000
155.000    0.022000    0.046000
165.000    0.107000    0.062000
175.000    0.175000    0.110000
------------------------------------------
E =  254.000 MeV, Wght = 1.00, Syst = 0.05
  5.000    0.043000    0.131000
 15.000   -0.003000    0.071000
 25.000   -0.041000    0.053000
 35.000   -0.006000    0.042000
 45.000    0.023000    0.035000
 55.000    0.040000    0.031000
 65.000    0.065000    0.028000
 75.000    0.092000    0.026000
 85.000    0.095000    0.025000
 95.000    0.084000    0.025000
105.000    0.092000    0.025000
115.000    0.105000    0.027000
125.000    0.132000    0.029000
135.000    0.135000    0.033000
145.000    0.178000    0.038000
155.000    0.076000    0.047000
165.000    0.058000    0.060000
175.000   -0.045000    0.106000
------------------------------------------
E =  256.000 MeV, Wght = 1.00, Syst = 0.05
  5.000   -0.052000    0.122000
 15.000   -0.015000    0.071000
 25.000    0.033000    0.051000
 35.000    0.013000    0.041000
 45.000    0.041000    0.035000
 55.000    0.043000    0.030000
 65.000    0.015000    0.027000
 75.000    0.083000    0.026000
 85.000    0.085000    0.024000
 95.000    0.098000    0.024000
105.000    0.088000    0.025000
115.000    0.062000    0.026000
125.000    0.128000    0.028000
135.000    0.107000    0.032000
145.000    0.092000    0.037000
155.000    0.126000    0.045000
165.000    0.109000    0.059000
175.000    0.125000    0.102000
------------------------------------------
E =  258.000 MeV, Wght = 1.00, Syst = 0.05
  5.000   -0.162000    0.125000
 15.000    0.036000    0.067000
 25.000    0.013000    0.051000
 35.000    0.006000    0.040000
 45.000    0.014000    0.033000
 55.000    0.044000    0.029000
 65.000    0.029000    0.026000
 75.000    0.075000    0.024000
 85.000    0.031000    0.023000
 95.000    0.106000    0.023000
105.000    0.142000    0.024000
115.000    0.151000    0.025000
125.000    0.095000    0.027000
135.000    0.152000    0.031000
145.000    0.104000    0.035000
155.000    0.169000    0.045000
165.000    0.076000    0.058000
------------------------------------------
E =  260.000 MeV, Wght = 1.00, Syst = 0.05
  5.000   -0.133000    0.119000
 15.000    0.021000    0.065000
 25.000   -0.011000    0.049000
 35.000    0.085000    0.038000
 45.000    0.020000    0.032000
 55.000    0.057000    0.028000
 65.000    0.053000    0.025000
 75.000    0.094000    0.024000
 85.000    0.058000    0.023000
 95.000    0.058000    0.023000
105.000    0.131000    0.023000
115.000    0.132000    0.025000
125.000    0.130000    0.027000
135.000    0.185000    0.030000
145.000    0.071000    0.035000
155.000    0.097000    0.043000
165.000    0.015000    0.058000
175.000   -0.034000    0.099000
------------------------------------------
E =  262.000 MeV, Wght = 1.00, Syst = 0.05
  5.000    0.054000    0.116000
 15.000    0.014000    0.067000
 25.000   -0.030000    0.047000
 35.000   -0.043000    0.038000
 45.000    0.027000    0.031000
 55.000    0.011000    0.027000
 65.000    0.041000    0.025000
 75.000    0.038000    0.023000
 85.000    0.064000    0.022000
 95.000    0.109000    0.022000
105.000    0.157000    0.023000
115.000    0.129000    0.024000
125.000    0.214000    0.026000
135.000    0.119000    0.029000
145.000    0.086000    0.034000
155.000    0.041000    0.042000
165.000    0.176000    0.056000
175.000    0.042000    0.097000
------------------------------------------
E =  264.000 MeV, Wght = 1.00, Syst = 0.05
  5.000   -0.120000    0.113000
 15.000    0.044000    0.062000
 25.000   -0.015000    0.046000
 35.000    0.055000    0.036000
 45.000   -0.015000    0.030000
 55.000    0.086000    0.026000
 65.000    0.016000    0.024000
 75.000    0.033000    0.022000
 85.000    0.080000    0.022000
 95.000    0.110000    0.021000
105.000    0.073000    0.022000
115.000    0.122000    0.023000
125.000    0.122000    0.025000
135.000    0.126000    0.028000
145.000    0.155000    0.034000
155.000    0.028000    0.041000
165.000    0.077000    0.055000
175.000   -0.104000    0.092000
------------------------------------------
E =  266.000 MeV, Wght = 1.00, Syst = 0.05
  5.000    0.040000    0.107000
 15.000   -0.051000    0.063000
 25.000   -0.097000    0.044000
 35.000    0.033000    0.035000
 45.000    0.049000    0.029000
 55.000    0.014000    0.026000
 65.000    0.041000    0.023000
 75.000    0.072000    0.022000
 85.000    0.083000    0.021000
 95.000    0.077000    0.021000
105.000    0.100000    0.021000
115.000    0.122000    0.023000
125.000    0.177000    0.025000
135.000    0.147000    0.028000
145.000    0.114000    0.033000
155.000    0.075000    0.040000
165.000    0.021000    0.053000
175.000    0.204000    0.094000
------------------------------------------
E =  268.000 MeV, Wght = 1.00, Syst = 0.05
  5.000   -0.114000    0.105000
 15.000    0.080000    0.059000
 25.000   -0.004000    0.044000
 35.000   -0.016000    0.034000
 45.000    0.028000    0.029000
 55.000    0.001000    0.025000
 65.000    0.057000    0.023000
 75.000    0.052000    0.021000
 85.000    0.093000    0.020000
 95.000    0.126000    0.021000
105.000    0.121000    0.021000
115.000    0.096000    0.022000
125.000    0.144000    0.024000
135.000    0.148000    0.028000
145.000    0.152000    0.032000
155.000    0.112000    0.039000
165.000    0.139000    0.053000
175.000   -0.105000    0.098000
------------------------------------------
E =  270.000 MeV, Wght = 1.00, Syst = 0.05
  5.000    0.144000    0.102000
 15.000   -0.015000    0.058000
 25.000   -0.057000    0.042000
 35.000    0.018000    0.034000
 45.000    0.015000    0.028000
 55.000    0.030000    0.025000
 65.000    0.052000    0.022000
 75.000    0.043000    0.021000
 85.000    0.080000    0.020000
 95.000    0.107000    0.020000
105.000    0.090000    0.020000
115.000    0.131000    0.022000
125.000    0.166000    0.024000
135.000    0.139000    0.027000
145.000    0.120000    0.031000
155.000    0.149000    0.039000
165.000    0.143000    0.051000
175.000   -0.122000    0.090000
------------------------------------------
E =  272.000 MeV, Wght = 1.00, Syst = 0.05
  5.000   -0.214000    0.100000
 15.000   -0.119000    0.057000
 25.000   -0.004000    0.041000
 35.000    0.041000    0.033000
 45.000   -0.004000    0.027000
 55.000   -0.004000    0.024000
 65.000    0.024000    0.022000
 75.000    0.076000    0.020000
 85.000    0.054000    0.019000
 95.000    0.109000    0.019000
105.000    0.126000    0.020000
115.000    0.146000    0.021000
125.000    0.144000    0.023000
135.000    0.108000    0.026000
145.000    0.163000    0.031000
155.000    0.126000    0.038000
165.000    0.119000    0.051000
175.000   -0.143000    0.091000
------------------------------------------
E =  274.000 MeV, Wght = 1.00, Syst = 0.05
  5.000    0.005000    0.102000
 15.000   -0.051000    0.055000
 25.000   -0.006000    0.040000
 35.000    0.016000    0.032000
 45.000   -0.015000    0.027000
 55.000   -0.015000    0.023000
 65.000    0.056000    0.021000
 75.000    0.043000    0.020000
 85.000    0.117000    0.019000
 95.000    0.101000    0.019000
105.000    0.141000    0.019000
115.000    0.134000    0.021000
125.000    0.174000    0.023000
135.000    0.122000    0.026000
145.000    0.180000    0.030000
155.000    0.113000    0.038000
165.000    0.133000    0.049000
175.000   -0.088000    0.092000
------------------------------------------
E =  276.000 MeV, Wght = 1.00, Syst = 0.05
  5.000   -0.027000    0.103000
 15.000   -0.031000    0.055000
 25.000    0.049000    0.039000
 35.000   -0.065000    0.031000
 45.000    0.031000    0.026000
 55.000   -0.027000    0.023000
 65.000    0.050000    0.020000
 75.000    0.055000    0.019000
 85.000    0.076000    0.018000
 95.000    0.110000    0.018000
105.000    0.133000    0.019000
115.000    0.145000    0.020000
125.000    0.155000    0.022000
135.000    0.165000    0.025000
145.000    0.141000    0.029000
155.000    0.087000    0.037000
165.000    0.105000    0.050000
175.000    0.106000    0.084000
------------------------------------------
E =  278.000 MeV, Wght = 1.00, Syst = 0.05
  5.000   -0.075000    0.097000
 15.000   -0.076000    0.052000
 25.000    0.004000    0.039000
 35.000    0.029000    0.030000
 45.000    0.032000    0.025000
 55.000   -0.014000    0.022000
 65.000    0.051000    0.020000
 75.000    0.050000    0.019000
 85.000    0.072000    0.018000
 95.000    0.113000    0.018000
105.000    0.120000    0.019000
115.000    0.146000    0.020000
125.000    0.158000    0.022000
135.000    0.110000    0.025000
145.000    0.176000    0.029000
155.000    0.055000    0.036000
165.000    0.077000    0.049000
175.000    0.018000    0.086000
------------------------------------------
E =  280.000 MeV, Wght = 1.00, Syst = 0.05
  5.000    0.055000    0.092000
 15.000   -0.038000    0.053000
 25.000    0.020000    0.038000
 35.000   -0.035000    0.030000
 45.000   -0.006000    0.025000
 55.000    0.019000    0.022000
 65.000    0.045000    0.019000
 75.000    0.052000    0.018000
 85.000    0.069000    0.018000
 95.000    0.103000    0.018000
105.000    0.112000    0.018000
115.000    0.132000    0.019000
125.000    0.180000    0.021000
135.000    0.159000    0.024000
145.000    0.198000    0.028000
155.000    0.165000    0.035000
165.000    0.094000    0.047000
175.000   -0.051000    0.085000
------------------------------------------
E =  282.000 MeV, Wght = 1.00, Syst = 0.05
  5.000    0.069000    0.090000
 15.000    0.049000    0.049000
 25.000    0.052000    0.037000
 35.000    0.035000    0.029000
 45.000   -0.006000    0.024000
 55.000   -0.001000    0.021000
 65.000    0.057000    0.019000
 75.000    0.056000    0.018000
 85.000    0.093000    0.017000
 95.000    0.096000    0.017000
105.000    0.107000    0.018000
115.000    0.170000    0.019000
125.000    0.179000    0.021000
135.000    0.202000    0.024000
145.000    0.164000    0.028000
155.000    0.135000    0.035000
165.000    0.168000    0.047000
175.000   -0.028000    0.083000
------------------------------------------
E =  284.000 MeV, Wght = 1.00, Syst = 0.05
  5.000   -0.101000    0.085000
 15.000    0.020000    0.050000
 25.000    0.075000    0.035000
 35.000    0.018000    0.029000
 45.000    0.003000    0.024000
 55.000   -0.046000    0.021000
 65.000    0.042000    0.019000
 75.000    0.035000    0.017000
 85.000    0.051000    0.017000
 95.000    0.129000    0.017000
105.000    0.136000    0.017000
115.000    0.150000    0.019000
125.000    0.176000    0.020000
135.000    0.175000    0.023000
145.000    0.204000    0.028000
155.000    0.076000    0.034000
165.000    0.093000    0.046000
175.000    0.048000    0.086000
------------------------------------------
E =  286.000 MeV, Wght = 1.00, Syst = 0.05
  5.000   -0.048000    0.086000
 15.000    0.054000    0.049000
 25.000    0.010000    0.035000
 35.000   -0.023000    0.028000
 45.000   -0.008000    0.023000
 55.000    0.038000    0.020000
 65.000    0.009000    0.018000
 75.000    0.036000    0.017000
 85.000    0.086000    0.017000
 95.000    0.109000    0.016000
105.000    0.124000    0.017000
115.000    0.159000    0.018000
125.000    0.135000    0.020000
135.000    0.152000    0.023000
145.000    0.159000    0.027000
155.000    0.128000    0.034000
165.000    0.099000    0.045000
175.000    0.003000    0.080000
------------------------------------------
E =  288.000 MeV, Wght = 1.00, Syst = 0.05
  5.000   -0.007000    0.083000
 15.000   -0.057000    0.047000
 25.000   -0.023000    0.034000
 35.000   -0.043000    0.027000
 45.000    0.005000    0.023000
 55.000    0.026000    0.020000
 65.000    0.046000    0.018000
 75.000    0.063000    0.017000
 85.000    0.083000    0.016000
 95.000    0.094000    0.016000
105.000    0.108000    0.017000
115.000    0.151000    0.018000
125.000    0.158000    0.020000
135.000    0.178000    0.023000
145.000    0.185000    0.027000
155.000    0.179000    0.033000
165.000    0.193000    0.045000
175.000   -0.017000    0.082000
------------------------------------------
E =  290.000 MeV, Wght = 1.00, Syst = 0.05
  5.000    0.027000    0.094000
 15.000    0.080000    0.055000
 25.000    0.018000    0.039000
 35.000   -0.041000    0.031000
 45.000   -0.055000    0.026000
 55.000   -0.008000    0.022000
 65.000   -0.005000    0.020000
 75.000    0.066000    0.019000
 85.000    0.064000    0.019000
 95.000    0.127000    0.018000
105.000    0.106000    0.019000
115.000    0.167000    0.021000
125.000    0.183000    0.022000
135.000    0.193000    0.026000
145.000    0.205000    0.031000
155.000    0.160000    0.039000
165.000    0.114000    0.051000
175.000    0.092000    0.096000
------------------------------------------
E =  292.000 MeV, Wght = 1.00, Syst = 0.05
  5.000    0.046000    0.115000
 15.000    0.124000    0.067000
 25.000    0.011000    0.049000
 35.000   -0.019000    0.038000
 45.000    0.022000    0.032000
 55.000    0.006000    0.028000
 65.000    0.031000    0.025000
 75.000    0.024000    0.024000
 85.000    0.084000    0.023000
 95.000    0.110000    0.023000
105.000    0.129000    0.024000
115.000    0.122000    0.025000
125.000    0.227000    0.028000
135.000    0.152000    0.032000
145.000    0.197000    0.038000
155.000    0.204000    0.048000
165.000    0.180000    0.066000
175.000    0.195000    0.117000
------------------------------------------
E =  294.000 MeV, Wght = 1.00, Syst = 0.05
  5.000   -0.007000    0.118000
 15.000   -0.128000    0.067000
 25.000   -0.030000    0.048000
 35.000    0.014000    0.038000
 45.000   -0.013000    0.031000
 55.000   -0.030000    0.027000
 65.000    0.022000    0.025000
 75.000    0.049000    0.023000
 85.000    0.081000    0.023000
 95.000    0.079000    0.023000
105.000    0.099000    0.023000
115.000    0.154000    0.025000
125.000    0.183000    0.028000
135.000    0.196000    0.031000
145.000    0.179000    0.037000
155.000    0.070000    0.047000
165.000    0.195000    0.066000
175.000   -0.125000    0.115000
------------------------------------------
E =  296.000 MeV, Wght = 1.00, Syst = 0.05
  5.000   -0.082000    0.117000
 15.000    0.042000    0.066000
 25.000   -0.059000    0.048000
 35.000    0.025000    0.038000
 45.000   -0.024000    0.031000
 55.000   -0.005000    0.027000
 65.000    0.025000    0.024000
 75.000    0.020000    0.023000
 85.000    0.037000    0.022000
 95.000    0.114000    0.022000
105.000    0.086000    0.023000
115.000    0.117000    0.025000
125.000    0.193000    0.027000
135.000    0.147000    0.031000
145.000    0.146000    0.037000
155.000    0.140000    0.046000
165.000    0.041000    0.064000
175.000    0.049000    0.111000
------------------------------------------
E =  298.000 MeV, Wght = 1.00, Syst = 0.05
  5.000    0.118000    0.115000
 15.000   -0.123000    0.063000
 25.000   -0.030000    0.045000
 35.000   -0.002000    0.037000
 45.000   -0.007000    0.031000
 55.000    0.026000    0.026000
 65.000    0.039000    0.024000
 75.000    0.001000    0.022000
 85.000    0.049000    0.022000
 95.000    0.074000    0.022000
105.000    0.119000    0.023000
115.000    0.106000    0.024000
125.000    0.155000    0.027000
135.000    0.163000    0.031000
145.000    0.164000    0.037000
155.000    0.056000    0.046000
165.000    0.161000    0.062000
175.000    0.139000    0.113000
------------------------------------------
E =  300.000 MeV, Wght = 1.00, Syst = 0.05
  5.000    0.034000    0.116000
 15.000    0.107000    0.062000
 25.000    0.022000    0.046000
 35.000   -0.005000    0.036000
 45.000    0.087000    0.030000
 55.000   -0.048000    0.026000
 65.000    0.020000    0.024000
 75.000    0.019000    0.022000
 85.000    0.055000    0.021000
 95.000    0.103000    0.021000
105.000    0.112000    0.022000
115.000    0.125000    0.024000
125.000    0.135000    0.027000
135.000    0.182000    0.031000
145.000    0.177000    0.037000
155.000    0.155000    0.047000
165.000    0.176000    0.063000
175.000   -0.012000    0.110000
------------------------------------------
E =  302.000 MeV, Wght = 1.00, Syst = 0.05
  5.000    0.036000    0.109000
 15.000    0.010000    0.062000
 25.000   -0.011000    0.045000
 35.000   -0.042000    0.036000
 45.000   -0.061000    0.030000
 55.000   -0.043000    0.026000
 65.000    0.031000    0.023000
 75.000    0.054000    0.022000
 85.000    0.078000    0.021000
 95.000    0.101000    0.021000
105.000    0.099000    0.022000
115.000    0.178000    0.024000
125.000    0.142000    0.026000
135.000    0.182000    0.030000
145.000    0.171000    0.036000
155.000    0.192000    0.045000
165.000    0.113000    0.061000
175.000    0.110000    0.114000
------------------------------------------
E =  304.000 MeV, Wght = 1.00, Syst = 0.05
  5.000    0.076000    0.113000
 15.000    0.044000    0.062000
 25.000   -0.047000    0.044000
 35.000   -0.043000    0.035000
 45.000    0.040000    0.029000
 55.000    0.004000    0.026000
 65.000    0.050000    0.023000
 75.000    0.046000    0.022000
 85.000    0.078000    0.021000
 95.000    0.083000    0.021000
105.000    0.131000    0.022000
115.000    0.179000    0.023000
125.000    0.108000    0.026000
135.000    0.221000    0.030000
145.000    0.184000    0.036000
155.000    0.096000    0.046000
165.000    0.095000    0.062000
175.000   -0.076000    0.113000
------------------------------------------
E =  306.000 MeV, Wght = 1.00, Syst = 0.05
  5.000    0.006000    0.107000
 15.000   -0.023000    0.062000
 25.000   -0.037000    0.044000
 35.000   -0.034000    0.035000
 45.000   -0.066000    0.029000
 55.000   -0.023000    0.025000
 65.000    0.008000    0.023000
 75.000    0.060000    0.021000
 85.000    0.045000    0.021000
 95.000    0.047000    0.021000
105.000    0.126000    0.022000
115.000    0.179000    0.023000
125.000    0.185000    0.026000
135.000    0.223000    0.030000
145.000    0.147000    0.036000
155.000    0.198000    0.045000
165.000    0.242000    0.062000
175.000    0.211000    0.107000
------------------------------------------
E =  308.000 MeV, Wght = 1.00, Syst = 0.05
  5.000   -0.099000    0.108000
 15.000   -0.021000    0.059000
 25.000   -0.023000    0.044000
 35.000   -0.050000    0.034000
 45.000   -0.061000    0.029000
 55.000    0.009000    0.025000
 65.000    0.033000    0.023000
 75.000    0.059000    0.021000
 85.000    0.066000    0.021000
 95.000    0.115000    0.021000
105.000    0.106000    0.021000
115.000    0.127000    0.023000
125.000    0.212000    0.026000
135.000    0.183000    0.030000
145.000    0.258000    0.036000
155.000    0.191000    0.044000
165.000    0.216000    0.060000
175.000   -0.270000    0.113000
------------------------------------------
E =  310.000 MeV, Wght = 1.00, Syst = 0.05
  5.000   -0.156000    0.155000
 15.000    0.103000    0.083000
 25.000   -0.098000    0.063000
 35.000    0.008000    0.048000
 45.000    0.030000    0.041000
 55.000    0.033000    0.035000
 65.000    0.037000    0.032000
 75.000    0.042000    0.030000
 85.000    0.115000    0.029000
 95.000    0.132000    0.029000
105.000    0.085000    0.031000
115.000    0.195000    0.033000
125.000    0.144000    0.036000
135.000    0.230000    0.042000
145.000    0.157000    0.050000
155.000    0.137000    0.063000
165.000    0.058000    0.085000
175.000    0.072000    0.155000
------------------------------------------
