E =  710.000 MeV, E_lo =  705.000 MeV, E_hi =  715.000 MeV
Systematic = 0.050000, Preliminary = 0, PSEUDO_SAID
  5.000     1.006000     0.075000
 15.000     0.928000     0.044000
 25.000     0.933000     0.034000
 35.000     0.972000     0.030000
 45.000     0.972000     0.027000
 55.000     0.959000     0.025000
 65.000     0.972000     0.024000
 75.000     0.985000     0.023000
 85.000     0.963000     0.022000
 95.000     0.961000     0.022000
105.000     0.958000     0.022000
115.000     0.966000     0.023000
125.000     0.987000     0.024000
135.000     0.983000     0.026000
145.000     0.973000     0.029000
155.000     0.938000     0.033000
165.000     0.980000     0.042000
175.000     0.994000     0.075000
----------------------------------------------------------
E =  720.000 MeV, E_lo =  715.000 MeV, E_hi =  725.000 MeV
Systematic = 0.050000, Preliminary = 0, PSEUDO_SAID
  5.000     0.983000     0.051000
 15.000     1.003000     0.030000
 25.000     1.011000     0.023000
 35.000     0.993000     0.020000
 45.000     0.995000     0.018000
 55.000     1.001000     0.016000
 65.000     0.992000     0.015000
 75.000     1.003000     0.015000
 85.000     1.000000     0.015000
 95.000     0.993000     0.014000
105.000     1.005000     0.015000
115.000     1.012000     0.015000
125.000     1.011000     0.016000
135.000     0.998000     0.017000
145.000     0.987000     0.019000
155.000     1.004000     0.022000
165.000     0.994000     0.028000
175.000     0.982000     0.047000
----------------------------------------------------------
E =  730.000 MeV, E_lo =  725.000 MeV, E_hi =  735.000 MeV
Systematic = 0.050000, Preliminary = 0, PSEUDO_SAID
  5.000     1.007000     0.045000
 15.000     1.005000     0.026000
 25.000     0.995000     0.020000
 35.000     1.000000     0.017000
 45.000     1.006000     0.015000
 55.000     0.988000     0.014000
 65.000     1.001000     0.013000
 75.000     0.993000     0.013000
 85.000     0.995000     0.013000
 95.000     0.988000     0.013000
105.000     0.995000     0.013000
115.000     0.992000     0.013000
125.000     1.003000     0.014000
135.000     1.001000     0.015000
145.000     0.998000     0.017000
155.000     1.009000     0.019000
165.000     0.998000     0.025000
175.000     0.986000     0.043000
----------------------------------------------------------
E =  740.000 MeV, E_lo =  735.000 MeV, E_hi =  745.000 MeV
Systematic = 0.050000, Preliminary = 0, PSEUDO_SAID
  5.000     0.976000     0.041000
 15.000     1.002000     0.025000
 25.000     0.990000     0.019000
 35.000     0.991000     0.016000
 45.000     0.985000     0.014000
 55.000     0.978000     0.013000
 65.000     0.984000     0.013000
 75.000     0.987000     0.012000
 85.000     1.004000     0.012000
 95.000     0.990000     0.012000
105.000     0.998000     0.012000
115.000     0.998000     0.012000
125.000     0.990000     0.013000
135.000     1.002000     0.014000
145.000     0.991000     0.015000
155.000     0.995000     0.018000
165.000     0.994000     0.023000
175.000     1.005000     0.040000
----------------------------------------------------------
E =  750.000 MeV, E_lo =  745.000 MeV, E_hi =  755.000 MeV
Systematic = 0.050000, Preliminary = 0, PSEUDO_SAID
  5.000     1.010000     0.040000
 15.000     0.989000     0.023000
 25.000     0.993000     0.018000
 35.000     0.992000     0.015000
 45.000     0.978000     0.014000
 55.000     0.977000     0.013000
 65.000     0.980000     0.012000
 75.000     0.982000     0.011000
 85.000     0.984000     0.011000
 95.000     0.982000     0.011000
105.000     0.991000     0.011000
115.000     0.996000     0.012000
125.000     0.993000     0.012000
135.000     0.999000     0.013000
145.000     0.991000     0.015000
155.000     0.994000     0.018000
165.000     0.995000     0.022000
175.000     1.021000     0.040000
----------------------------------------------------------
E =  760.000 MeV, E_lo =  755.000 MeV, E_hi =  765.000 MeV
Systematic = 0.050000, Preliminary = 0, PSEUDO_SAID
  5.000     1.008000     0.040000
 15.000     1.015000     0.023000
 25.000     0.988000     0.018000
 35.000     0.977000     0.015000
 45.000     0.984000     0.013000
 55.000     0.969000     0.012000
 65.000     0.976000     0.012000
 75.000     0.980000     0.011000
 85.000     0.976000     0.011000
 95.000     0.979000     0.011000
105.000     0.984000     0.011000
115.000     0.983000     0.011000
125.000     0.992000     0.012000
135.000     1.006000     0.013000
145.000     0.988000     0.015000
155.000     0.989000     0.017000
165.000     1.003000     0.022000
175.000     1.004000     0.039000
----------------------------------------------------------
E =  770.000 MeV, E_lo =  765.000 MeV, E_hi =  775.000 MeV
Systematic = 0.050000, Preliminary = 0, PSEUDO_SAID
  5.000     1.002000     0.040000
 15.000     1.006000     0.023000
 25.000     0.985000     0.018000
 35.000     0.979000     0.015000
 45.000     0.969000     0.013000
 55.000     0.962000     0.012000
 65.000     0.977000     0.011000
 75.000     0.969000     0.011000
 85.000     0.967000     0.011000
 95.000     0.987000     0.011000
105.000     0.978000     0.011000
115.000     0.984000     0.011000
125.000     0.988000     0.012000
135.000     0.998000     0.013000
145.000     0.990000     0.015000
155.000     1.001000     0.017000
165.000     0.995000     0.022000
175.000     0.983000     0.040000
----------------------------------------------------------
E =  780.000 MeV, E_lo =  775.000 MeV, E_hi =  785.000 MeV
Systematic = 0.050000, Preliminary = 0, PSEUDO_SAID
  5.000     1.006000     0.040000
 15.000     0.995000     0.023000
 25.000     0.984000     0.018000
 35.000     0.972000     0.015000
 45.000     0.964000     0.013000
 55.000     0.964000     0.012000
 65.000     0.968000     0.011000
 75.000     0.959000     0.011000
 85.000     0.966000     0.011000
 95.000     0.972000     0.011000
105.000     0.979000     0.011000
115.000     0.983000     0.011000
125.000     0.990000     0.012000
135.000     0.989000     0.013000
145.000     1.000000     0.015000
155.000     0.997000     0.018000
165.000     1.001000     0.023000
175.000     1.013000     0.040000
----------------------------------------------------------
E =  790.000 MeV, E_lo =  785.000 MeV, E_hi =  795.000 MeV
Systematic = 0.050000, Preliminary = 0, PSEUDO_SAID
  5.000     0.950000     0.039000
 15.000     0.997000     0.023000
 25.000     0.977000     0.018000
 35.000     0.961000     0.015000
 45.000     0.952000     0.013000
 55.000     0.953000     0.012000
 65.000     0.948000     0.012000
 75.000     0.946000     0.011000
 85.000     0.955000     0.011000
 95.000     0.970000     0.011000
105.000     0.970000     0.011000
115.000     0.985000     0.012000
125.000     0.973000     0.012000
135.000     0.991000     0.013000
145.000     1.011000     0.015000
155.000     1.003000     0.018000
165.000     1.007000     0.023000
175.000     0.995000     0.039000
----------------------------------------------------------
E =  800.000 MeV, E_lo =  795.000 MeV, E_hi =  805.000 MeV
Systematic = 0.050000, Preliminary = 0, PSEUDO_SAID
  5.000     0.993000     0.040000
 15.000     1.001000     0.023000
 25.000     0.976000     0.018000
 35.000     0.945000     0.015000
 45.000     0.943000     0.014000
 55.000     0.946000     0.013000
 65.000     0.942000     0.012000
 75.000     0.952000     0.011000
 85.000     0.951000     0.011000
 95.000     0.961000     0.011000
105.000     0.971000     0.011000
115.000     0.979000     0.012000
125.000     0.981000     0.013000
135.000     0.997000     0.014000
145.000     1.000000     0.015000
155.000     0.996000     0.018000
165.000     1.010000     0.024000
175.000     1.001000     0.041000
----------------------------------------------------------
E =  810.000 MeV, E_lo =  805.000 MeV, E_hi =  815.000 MeV
Systematic = 0.050000, Preliminary = 0, PSEUDO_SAID
  5.000     1.031000     0.041000
 15.000     0.997000     0.024000
 25.000     0.972000     0.018000
 35.000     0.958000     0.016000
 45.000     0.941000     0.014000
 55.000     0.932000     0.013000
 65.000     0.933000     0.012000
 75.000     0.944000     0.012000
 85.000     0.940000     0.011000
 95.000     0.960000     0.011000
105.000     0.957000     0.012000
115.000     0.969000     0.012000
125.000     0.978000     0.013000
135.000     0.981000     0.014000
145.000     0.988000     0.016000
155.000     1.003000     0.019000
165.000     1.010000     0.024000
175.000     0.982000     0.041000
----------------------------------------------------------
E =  820.000 MeV, E_lo =  815.000 MeV, E_hi =  825.000 MeV
Systematic = 0.050000, Preliminary = 0, PSEUDO_SAID
  5.000     0.995000     0.021000
 15.000     0.992000     0.012000
 25.000     0.956000     0.009000
 35.000     0.947000     0.008000
 45.000     0.934000     0.007000
 55.000     0.922000     0.007000
 65.000     0.920000     0.006000
 75.000     0.927000     0.006000
 85.000     0.940000     0.006000
 95.000     0.952000     0.006000
105.000     0.959000     0.006000
115.000     0.963000     0.006000
125.000     0.977000     0.007000
135.000     0.986000     0.007000
145.000     0.988000     0.008000
155.000     1.000000     0.009000
165.000     0.999000     0.012000
175.000     1.002000     0.022000
----------------------------------------------------------
E =  830.000 MeV, E_lo =  825.000 MeV, E_hi =  835.000 MeV
Systematic = 0.050000, Preliminary = 0, PSEUDO_SAID
  5.000     0.995000     0.021000
 15.000     0.985000     0.012000
 25.000     0.968000     0.010000
 35.000     0.931000     0.008000
 45.000     0.915000     0.007000
 55.000     0.905000     0.007000
 65.000     0.909000     0.006000
 75.000     0.914000     0.006000
 85.000     0.925000     0.006000
 95.000     0.937000     0.006000
105.000     0.947000     0.006000
115.000     0.965000     0.006000
125.000     0.968000     0.007000
135.000     0.983000     0.007000
145.000     0.989000     0.008000
155.000     0.994000     0.010000
165.000     0.997000     0.013000
175.000     0.998000     0.022000
----------------------------------------------------------
E =  840.000 MeV, E_lo =  835.000 MeV, E_hi =  845.000 MeV
Systematic = 0.050000, Preliminary = 0, PSEUDO_SAID
  5.000     0.985000     0.022000
 15.000     0.981000     0.013000
 25.000     0.939000     0.010000
 35.000     0.918000     0.008000
 45.000     0.910000     0.008000
 55.000     0.898000     0.007000
 65.000     0.902000     0.007000
 75.000     0.907000     0.006000
 85.000     0.918000     0.006000
 95.000     0.931000     0.006000
105.000     0.946000     0.006000
115.000     0.959000     0.007000
125.000     0.972000     0.007000
135.000     0.977000     0.008000
145.000     0.999000     0.009000
155.000     1.003000     0.010000
165.000     0.991000     0.013000
175.000     1.014000     0.023000
----------------------------------------------------------
E =  850.000 MeV, E_lo =  845.000 MeV, E_hi =  855.000 MeV
Systematic = 0.050000, Preliminary = 0, PSEUDO_SAID
  5.000     0.984000     0.022000
 15.000     0.979000     0.013000
 25.000     0.944000     0.010000
 35.000     0.906000     0.009000
 45.000     0.891000     0.008000
 55.000     0.871000     0.007000
 65.000     0.883000     0.007000
 75.000     0.897000     0.007000
 85.000     0.908000     0.006000
 95.000     0.925000     0.006000
105.000     0.940000     0.007000
115.000     0.950000     0.007000
125.000     0.959000     0.007000
135.000     0.974000     0.008000
145.000     0.983000     0.009000
155.000     0.996000     0.010000
165.000     1.005000     0.013000
175.000     0.971000     0.023000
----------------------------------------------------------
E =  860.000 MeV, E_lo =  855.000 MeV, E_hi =  865.000 MeV
Systematic = 0.050000, Preliminary = 0, PSEUDO_SAID
  5.000     0.981000     0.023000
 15.000     0.974000     0.013000
 25.000     0.932000     0.010000
 35.000     0.895000     0.009000
 45.000     0.873000     0.008000
 55.000     0.859000     0.007000
 65.000     0.865000     0.007000
 75.000     0.872000     0.007000
 85.000     0.893000     0.007000
 95.000     0.912000     0.007000
105.000     0.923000     0.007000
115.000     0.950000     0.007000
125.000     0.960000     0.007000
135.000     0.971000     0.008000
145.000     0.992000     0.009000
155.000     0.993000     0.011000
165.000     0.988000     0.014000
175.000     1.009000     0.024000
----------------------------------------------------------
E =  870.000 MeV, E_lo =  865.000 MeV, E_hi =  875.000 MeV
Systematic = 0.050000, Preliminary = 0, PSEUDO_SAID
  5.000     0.998000     0.024000
 15.000     0.974000     0.014000
 25.000     0.922000     0.011000
 35.000     0.890000     0.009000
 45.000     0.861000     0.008000
 55.000     0.839000     0.008000
 65.000     0.851000     0.007000
 75.000     0.856000     0.007000
 85.000     0.889000     0.007000
 95.000     0.897000     0.007000
105.000     0.924000     0.007000
115.000     0.935000     0.007000
125.000     0.952000     0.008000
135.000     0.971000     0.008000
145.000     0.990000     0.009000
155.000     0.989000     0.011000
165.000     0.998000     0.014000
175.000     1.005000     0.025000
----------------------------------------------------------
E =  880.000 MeV, E_lo =  875.000 MeV, E_hi =  885.000 MeV
Systematic = 0.050000, Preliminary = 0, PSEUDO_SAID
  5.000     1.003000     0.025000
 15.000     0.952000     0.014000
 25.000     0.911000     0.011000
 35.000     0.864000     0.010000
 45.000     0.831000     0.009000
 55.000     0.820000     0.008000
 65.000     0.817000     0.008000
 75.000     0.845000     0.007000
 85.000     0.866000     0.007000
 95.000     0.890000     0.007000
105.000     0.910000     0.007000
115.000     0.923000     0.007000
125.000     0.948000     0.008000
135.000     0.962000     0.008000
145.000     0.983000     0.010000
155.000     1.009000     0.011000
165.000     1.001000     0.015000
175.000     0.988000     0.025000
----------------------------------------------------------
E =  890.000 MeV, E_lo =  885.000 MeV, E_hi =  895.000 MeV
Systematic = 0.050000, Preliminary = 0, PSEUDO_SAID
  5.000     1.001000     0.026000
 15.000     0.967000     0.015000
 25.000     0.914000     0.012000
 35.000     0.850000     0.010000
 45.000     0.808000     0.009000
 55.000     0.788000     0.008000
 65.000     0.797000     0.008000
 75.000     0.816000     0.008000
 85.000     0.845000     0.007000
 95.000     0.873000     0.007000
105.000     0.897000     0.007000
115.000     0.924000     0.008000
125.000     0.943000     0.008000
135.000     0.966000     0.009000
145.000     0.986000     0.010000
155.000     1.002000     0.012000
165.000     1.004000     0.015000
175.000     1.007000     0.026000
----------------------------------------------------------
E =  900.000 MeV, E_lo =  895.000 MeV, E_hi =  905.000 MeV
Systematic = 0.050000, Preliminary = 0, PSEUDO_SAID
  5.000     0.992000     0.027000
 15.000     0.956000     0.016000
 25.000     0.902000     0.012000
 35.000     0.820000     0.010000
 45.000     0.785000     0.009000
 55.000     0.761000     0.009000
 65.000     0.770000     0.008000
 75.000     0.803000     0.008000
 85.000     0.832000     0.008000
 95.000     0.861000     0.008000
105.000     0.887000     0.008000
115.000     0.911000     0.008000
125.000     0.923000     0.008000
135.000     0.950000     0.009000
145.000     0.980000     0.010000
155.000     0.994000     0.012000
165.000     1.002000     0.016000
175.000     0.977000     0.027000
----------------------------------------------------------
E =  910.000 MeV, E_lo =  905.000 MeV, E_hi =  915.000 MeV
Systematic = 0.050000, Preliminary = 0, PSEUDO_SAID
  5.000     0.960000     0.028000
 15.000     0.956000     0.017000
 25.000     0.860000     0.013000
 35.000     0.813000     0.011000
 45.000     0.743000     0.010000
 55.000     0.726000     0.009000
 65.000     0.745000     0.008000
 75.000     0.774000     0.008000
 85.000     0.811000     0.008000
 95.000     0.857000     0.008000
105.000     0.879000     0.008000
115.000     0.903000     0.008000
125.000     0.932000     0.009000
135.000     0.951000     0.009000
145.000     0.979000     0.010000
155.000     0.992000     0.012000
165.000     0.989000     0.016000
175.000     1.000000     0.028000
----------------------------------------------------------
E =  920.000 MeV, E_lo =  915.000 MeV, E_hi =  925.000 MeV
Systematic = 0.050000, Preliminary = 0, PSEUDO_SAID
  5.000     0.988000     0.030000
 15.000     0.920000     0.017000
 25.000     0.832000     0.013000
 35.000     0.758000     0.011000
 45.000     0.712000     0.010000
 55.000     0.688000     0.009000
 65.000     0.708000     0.009000
 75.000     0.738000     0.008000
 85.000     0.797000     0.008000
 95.000     0.830000     0.008000
105.000     0.874000     0.008000
115.000     0.896000     0.008000
125.000     0.899000     0.009000
135.000     0.937000     0.010000
145.000     0.974000     0.011000
155.000     0.994000     0.013000
165.000     0.993000     0.017000
175.000     0.988000     0.029000
----------------------------------------------------------
E =  930.000 MeV, E_lo =  925.000 MeV, E_hi =  935.000 MeV
Systematic = 0.050000, Preliminary = 0, PSEUDO_SAID
  5.000     0.991000     0.033000
 15.000     0.938000     0.018000
 25.000     0.823000     0.014000
 35.000     0.719000     0.012000
 45.000     0.660000     0.010000
 55.000     0.661000     0.010000
 65.000     0.666000     0.009000
 75.000     0.717000     0.009000
 85.000     0.760000     0.008000
 95.000     0.801000     0.008000
105.000     0.844000     0.008000
115.000     0.875000     0.009000
125.000     0.902000     0.009000
135.000     0.942000     0.010000
145.000     0.972000     0.011000
155.000     0.981000     0.013000
165.000     0.979000     0.017000
175.000     1.009000     0.030000
----------------------------------------------------------
E =  940.000 MeV, E_lo =  935.000 MeV, E_hi =  945.000 MeV
Systematic = 0.050000, Preliminary = 0, PSEUDO_SAID
  5.000     0.984000     0.035000
 15.000     0.892000     0.020000
 25.000     0.792000     0.015000
 35.000     0.670000     0.012000
 45.000     0.616000     0.011000
 55.000     0.591000     0.010000
 65.000     0.624000     0.009000
 75.000     0.685000     0.009000
 85.000     0.731000     0.009000
 95.000     0.790000     0.009000
105.000     0.839000     0.009000
115.000     0.859000     0.009000
125.000     0.906000     0.010000
135.000     0.923000     0.010000
145.000     0.971000     0.012000
155.000     0.984000     0.014000
165.000     0.997000     0.018000
175.000     1.018000     0.031000
----------------------------------------------------------
E =  950.000 MeV, E_lo =  945.000 MeV, E_hi =  955.000 MeV
Systematic = 0.050000, Preliminary = 0, PSEUDO_SAID
  5.000     0.998000     0.038000
 15.000     0.893000     0.021000
 25.000     0.768000     0.016000
 35.000     0.609000     0.013000
 45.000     0.537000     0.011000
 55.000     0.535000     0.010000
 65.000     0.583000     0.010000
 75.000     0.650000     0.009000
 85.000     0.709000     0.009000
 95.000     0.771000     0.009000
105.000     0.810000     0.009000
115.000     0.847000     0.009000
125.000     0.876000     0.010000
135.000     0.925000     0.011000
145.000     0.957000     0.012000
155.000     0.986000     0.015000
165.000     0.999000     0.019000
175.000     0.989000     0.033000
----------------------------------------------------------
E =  960.000 MeV, E_lo =  955.000 MeV, E_hi =  965.000 MeV
Systematic = 0.050000, Preliminary = 0, PSEUDO_SAID
  5.000     0.946000     0.040000
 15.000     0.869000     0.023000
 25.000     0.695000     0.017000
 35.000     0.551000     0.013000
 45.000     0.469000     0.012000
 55.000     0.481000     0.011000
 65.000     0.518000     0.010000
 75.000     0.614000     0.009000
 85.000     0.675000     0.009000
 95.000     0.748000     0.009000
105.000     0.794000     0.009000
115.000     0.835000     0.010000
125.000     0.876000     0.010000
135.000     0.907000     0.011000
145.000     0.955000     0.013000
155.000     0.983000     0.015000
165.000     0.996000     0.020000
175.000     0.977000     0.034000
----------------------------------------------------------
E =  970.000 MeV, E_lo =  965.000 MeV, E_hi =  975.000 MeV
Systematic = 0.050000, Preliminary = 0, PSEUDO_SAID
  5.000     0.960000     0.045000
 15.000     0.872000     0.025000
 25.000     0.628000     0.017000
 35.000     0.456000     0.014000
 45.000     0.389000     0.012000
 55.000     0.412000     0.011000
 65.000     0.500000     0.010000
 75.000     0.558000     0.010000
 85.000     0.659000     0.010000
 95.000     0.714000     0.009000
105.000     0.769000     0.010000
115.000     0.820000     0.010000
125.000     0.850000     0.011000
135.000     0.893000     0.012000
145.000     0.950000     0.013000
155.000     0.972000     0.016000
165.000     0.982000     0.021000
175.000     1.013000     0.036000
----------------------------------------------------------
E =  980.000 MeV, E_lo =  975.000 MeV, E_hi =  985.000 MeV
Systematic = 0.050000, Preliminary = 0, PSEUDO_SAID
  5.000     0.941000     0.050000
 15.000     0.780000     0.026000
 25.000     0.545000     0.018000
 35.000     0.361000     0.015000
 45.000     0.305000     0.012000
 55.000     0.329000     0.011000
 65.000     0.417000     0.010000
 75.000     0.531000     0.010000
 85.000     0.617000     0.010000
 95.000     0.693000     0.010000
105.000     0.745000     0.010000
115.000     0.781000     0.010000
125.000     0.826000     0.011000
135.000     0.877000     0.012000
145.000     0.940000     0.014000
155.000     0.986000     0.017000
165.000     0.994000     0.022000
175.000     0.986000     0.038000
----------------------------------------------------------
E =  990.000 MeV, E_lo =  985.000 MeV, E_hi =  995.000 MeV
Systematic = 0.050000, Preliminary = 0, PSEUDO_SAID
  5.000     0.947000     0.053000
 15.000     0.739000     0.028000
 25.000     0.431000     0.020000
 35.000     0.294000     0.015000
 45.000     0.190000     0.013000
 55.000     0.270000     0.011000
 65.000     0.403000     0.011000
 75.000     0.493000     0.010000
 85.000     0.584000     0.010000
 95.000     0.644000     0.010000
105.000     0.718000     0.010000
115.000     0.756000     0.011000
125.000     0.797000     0.011000
135.000     0.865000     0.013000
145.000     0.931000     0.015000
155.000     0.987000     0.018000
165.000     0.999000     0.024000
175.000     1.008000     0.041000
----------------------------------------------------------
E = 1000.000 MeV, E_lo =  995.000 MeV, E_hi = 1005.000 MeV
Systematic = 0.050000, Preliminary = 0, PSEUDO_SAID
  5.000     0.982000     0.059000
 15.000     0.668000     0.030000
 25.000     0.363000     0.020000
 35.000     0.151000     0.016000
 45.000     0.124000     0.013000
 55.000     0.215000     0.012000
 65.000     0.344000     0.011000
 75.000     0.455000     0.010000
 85.000     0.566000     0.010000
 95.000     0.647000     0.010000
105.000     0.690000     0.011000
115.000     0.740000     0.011000
125.000     0.782000     0.012000
135.000     0.850000     0.013000
145.000     0.905000     0.016000
155.000     0.979000     0.019000
165.000     1.003000     0.025000
175.000     0.987000     0.044000
----------------------------------------------------------
E = 1010.000 MeV, E_lo = 1005.000 MeV, E_hi = 1015.000 MeV
Systematic = 0.050000, Preliminary = 0, PSEUDO_SAID
  5.000     0.962000     0.064000
 15.000     0.631000     0.032000
 25.000     0.248000     0.021000
 35.000     0.056000     0.016000
 45.000     0.031000     0.014000
 55.000     0.148000     0.012000
 65.000     0.310000     0.011000
 75.000     0.427000     0.010000
 85.000     0.534000     0.010000
 95.000     0.596000     0.010000
105.000     0.664000     0.011000
115.000     0.724000     0.012000
125.000     0.756000     0.012000
135.000     0.829000     0.014000
145.000     0.902000     0.016000
155.000     0.964000     0.020000
165.000     0.997000     0.027000
175.000     0.984000     0.046000
----------------------------------------------------------
E = 1020.000 MeV, E_lo = 1015.000 MeV, E_hi = 1025.000 MeV
Systematic = 0.050000, Preliminary = 0, PSEUDO_SAID
  5.000     0.859000     0.067000
 15.000     0.505000     0.033000
 25.000     0.153000     0.022000
 35.000    -0.053000     0.017000
 45.000    -0.037000     0.014000
 55.000     0.100000     0.012000
 65.000     0.261000     0.011000
 75.000     0.395000     0.011000
 85.000     0.501000     0.010000
 95.000     0.585000     0.011000
105.000     0.638000     0.011000
115.000     0.669000     0.012000
125.000     0.734000     0.013000
135.000     0.806000     0.014000
145.000     0.895000     0.017000
155.000     0.953000     0.022000
165.000     1.008000     0.029000
175.000     0.981000     0.050000
----------------------------------------------------------
E = 1030.000 MeV, E_lo = 1025.000 MeV, E_hi = 1035.000 MeV
Systematic = 0.050000, Preliminary = 0, PSEUDO_SAID
  5.000     0.838000     0.071000
 15.000     0.466000     0.034000
 25.000     0.115000     0.023000
 35.000    -0.127000     0.018000
 45.000    -0.046000     0.014000
 55.000     0.085000     0.012000
 65.000     0.241000     0.011000
 75.000     0.385000     0.011000
 85.000     0.480000     0.011000
 95.000     0.560000     0.011000
105.000     0.606000     0.011000
115.000     0.653000     0.012000
125.000     0.709000     0.013000
135.000     0.788000     0.015000
145.000     0.869000     0.018000
155.000     0.949000     0.023000
165.000     0.999000     0.031000
175.000     0.968000     0.053000
----------------------------------------------------------
E = 1040.000 MeV, E_lo = 1035.000 MeV, E_hi = 1045.000 MeV
Systematic = 0.050000, Preliminary = 0, PSEUDO_SAID
  5.000     0.868000     0.073000
 15.000     0.424000     0.035000
 25.000     0.005000     0.023000
 35.000    -0.167000     0.018000
 45.000    -0.114000     0.015000
 55.000     0.021000     0.012000
 65.000     0.191000     0.011000
 75.000     0.356000     0.011000
 85.000     0.470000     0.011000
 95.000     0.543000     0.011000
105.000     0.567000     0.012000
115.000     0.635000     0.012000
125.000     0.675000     0.014000
135.000     0.760000     0.016000
145.000     0.871000     0.019000
155.000     0.945000     0.024000
165.000     0.969000     0.032000
175.000     0.994000     0.056000
----------------------------------------------------------
E = 1050.000 MeV, E_lo = 1045.000 MeV, E_hi = 1055.000 MeV
Systematic = 0.050000, Preliminary = 0, PSEUDO_SAID
  5.000     0.822000     0.074000
 15.000     0.472000     0.035000
 25.000    -0.035000     0.023000
 35.000    -0.179000     0.018000
 45.000    -0.159000     0.015000
 55.000    -0.000000     0.012000
 65.000     0.184000     0.011000
 75.000     0.343000     0.011000
 85.000     0.451000     0.011000
 95.000     0.514000     0.011000
105.000     0.563000     0.012000
115.000     0.605000     0.013000
125.000     0.632000     0.014000
135.000     0.718000     0.016000
145.000     0.837000     0.020000
155.000     0.936000     0.025000
165.000     0.967000     0.034000
175.000     1.002000     0.060000
----------------------------------------------------------
E = 1060.000 MeV, E_lo = 1055.000 MeV, E_hi = 1065.000 MeV
Systematic = 0.050000, Preliminary = 0, PSEUDO_SAID
  5.000     0.890000     0.074000
 15.000     0.359000     0.035000
 25.000    -0.046000     0.023000
 35.000    -0.222000     0.018000
 45.000    -0.151000     0.015000
 55.000    -0.015000     0.013000
 65.000     0.175000     0.011000
 75.000     0.333000     0.011000
 85.000     0.424000     0.011000
 95.000     0.500000     0.011000
105.000     0.520000     0.012000
115.000     0.563000     0.013000
125.000     0.603000     0.014000
135.000     0.708000     0.017000
145.000     0.840000     0.021000
155.000     0.913000     0.027000
165.000     0.960000     0.037000
175.000     1.047000     0.066000
----------------------------------------------------------
E = 1070.000 MeV, E_lo = 1065.000 MeV, E_hi = 1075.000 MeV
Systematic = 0.050000, Preliminary = 0, PSEUDO_SAID
  5.000     0.842000     0.072000
 15.000     0.370000     0.034000
 25.000    -0.027000     0.023000
 35.000    -0.230000     0.018000
 45.000    -0.155000     0.015000
 55.000    -0.025000     0.013000
 65.000     0.155000     0.011000
 75.000     0.327000     0.011000
 85.000     0.418000     0.011000
 95.000     0.488000     0.012000
105.000     0.515000     0.012000
115.000     0.546000     0.013000
125.000     0.582000     0.015000
135.000     0.661000     0.017000
145.000     0.807000     0.022000
155.000     0.910000     0.028000
165.000     1.001000     0.039000
175.000     1.013000     0.068000
----------------------------------------------------------
E = 1080.000 MeV, E_lo = 1075.000 MeV, E_hi = 1085.000 MeV
Systematic = 0.050000, Preliminary = 0, PSEUDO_SAID
  5.000     0.775000     0.070000
 15.000     0.448000     0.034000
 25.000    -0.003000     0.023000
 35.000    -0.227000     0.018000
 45.000    -0.161000     0.015000
 55.000    -0.018000     0.013000
 65.000     0.157000     0.012000
 75.000     0.310000     0.011000
 85.000     0.411000     0.011000
 95.000     0.478000     0.012000
105.000     0.498000     0.012000
115.000     0.524000     0.013000
125.000     0.569000     0.015000
135.000     0.638000     0.018000
145.000     0.781000     0.022000
155.000     0.916000     0.030000
165.000     0.981000     0.042000
175.000     1.032000     0.076000
----------------------------------------------------------
E = 1090.000 MeV, E_lo = 1085.000 MeV, E_hi = 1095.000 MeV
Systematic = 0.050000, Preliminary = 0, PSEUDO_SAID
  5.000     0.818000     0.068000
 15.000     0.403000     0.032000
 25.000     0.000000     0.022000
 35.000    -0.221000     0.018000
 45.000    -0.167000     0.015000
 55.000    -0.012000     0.012000
 65.000     0.162000     0.011000
 75.000     0.332000     0.011000
 85.000     0.412000     0.011000
 95.000     0.485000     0.012000
105.000     0.471000     0.012000
115.000     0.489000     0.013000
125.000     0.517000     0.015000
135.000     0.638000     0.018000
145.000     0.768000     0.023000
155.000     0.852000     0.030000
165.000     1.003000     0.044000
175.000     0.989000     0.078000
----------------------------------------------------------
E = 1100.000 MeV, E_lo = 1095.000 MeV, E_hi = 1105.000 MeV
Systematic = 0.050000, Preliminary = 0, PSEUDO_SAID
  5.000     0.855000     0.066000
 15.000     0.497000     0.033000
 25.000     0.027000     0.022000
 35.000    -0.174000     0.017000
 45.000    -0.201000     0.015000
 55.000    -0.008000     0.012000
 65.000     0.160000     0.011000
 75.000     0.297000     0.011000
 85.000     0.402000     0.011000
 95.000     0.444000     0.012000
105.000     0.486000     0.013000
115.000     0.488000     0.014000
125.000     0.524000     0.015000
135.000     0.593000     0.019000
145.000     0.733000     0.024000
155.000     0.870000     0.032000
165.000     0.944000     0.046000
175.000     1.074000     0.086000
----------------------------------------------------------
E = 1110.000 MeV, E_lo = 1105.000 MeV, E_hi = 1115.000 MeV
Systematic = 0.050000, Preliminary = 0, PSEUDO_SAID
  5.000     0.841000     0.064000
 15.000     0.499000     0.032000
 25.000    -0.008000     0.021000
 35.000    -0.192000     0.017000
 45.000    -0.175000     0.014000
 55.000    -0.013000     0.012000
 65.000     0.168000     0.011000
 75.000     0.316000     0.011000
 85.000     0.406000     0.012000
 95.000     0.460000     0.012000
105.000     0.450000     0.013000
115.000     0.470000     0.014000
125.000     0.490000     0.016000
135.000     0.571000     0.019000
145.000     0.690000     0.024000
155.000     0.898000     0.034000
165.000     0.994000     0.049000
175.000     1.000000     0.087000
----------------------------------------------------------
E = 1120.000 MeV, E_lo = 1115.000 MeV, E_hi = 1125.000 MeV
Systematic = 0.050000, Preliminary = 0, PSEUDO_SAID
  5.000     0.846000     0.061000
 15.000     0.460000     0.030000
 25.000     0.079000     0.021000
 35.000    -0.142000     0.017000
 45.000    -0.146000     0.014000
 55.000     0.006000     0.012000
 65.000     0.158000     0.011000
 75.000     0.316000     0.011000
 85.000     0.392000     0.011000
 95.000     0.446000     0.012000
105.000     0.442000     0.013000
115.000     0.429000     0.014000
125.000     0.445000     0.016000
135.000     0.561000     0.019000
145.000     0.647000     0.024000
155.000     0.879000     0.035000
165.000     0.979000     0.050000
175.000     1.025000     0.093000
----------------------------------------------------------
E = 1130.000 MeV, E_lo = 1125.000 MeV, E_hi = 1135.000 MeV
Systematic = 0.050000, Preliminary = 0, PSEUDO_SAID
  5.000     0.844000     0.062000
 15.000     0.504000     0.030000
 25.000     0.073000     0.021000
 35.000    -0.167000     0.017000
 45.000    -0.149000     0.014000
 55.000    -0.015000     0.013000
 65.000     0.147000     0.012000
 75.000     0.296000     0.011000
 85.000     0.395000     0.012000
 95.000     0.436000     0.012000
105.000     0.431000     0.013000
115.000     0.421000     0.014000
125.000     0.462000     0.016000
135.000     0.529000     0.019000
145.000     0.670000     0.025000
155.000     0.817000     0.037000
165.000     0.936000     0.053000
175.000     0.996000     0.095000
----------------------------------------------------------
E = 1140.000 MeV, E_lo = 1135.000 MeV, E_hi = 1145.000 MeV
Systematic = 0.050000, Preliminary = 0, PSEUDO_SAID
  5.000     0.892000     0.061000
 15.000     0.524000     0.030000
 25.000     0.115000     0.020000
 35.000    -0.151000     0.016000
 45.000    -0.123000     0.014000
 55.000     0.020000     0.012000
 65.000     0.182000     0.012000
 75.000     0.296000     0.011000
 85.000     0.387000     0.012000
 95.000     0.427000     0.012000
105.000     0.441000     0.013000
115.000     0.414000     0.014000
125.000     0.438000     0.016000
135.000     0.498000     0.020000
145.000     0.680000     0.026000
155.000     0.848000     0.037000
165.000     0.939000     0.055000
175.000     1.048000     0.101000
----------------------------------------------------------
E = 1150.000 MeV, E_lo = 1145.000 MeV, E_hi = 1155.000 MeV
Systematic = 0.050000, Preliminary = 0, PSEUDO_SAID
  5.000     0.927000     0.059000
 15.000     0.570000     0.030000
 25.000     0.089000     0.020000
 35.000    -0.117000     0.016000
 45.000    -0.142000     0.014000
 55.000    -0.007000     0.012000
 65.000     0.176000     0.012000
 75.000     0.303000     0.011000
 85.000     0.400000     0.012000
 95.000     0.411000     0.012000
105.000     0.435000     0.013000
115.000     0.400000     0.014000
125.000     0.438000     0.016000
135.000     0.499000     0.020000
145.000     0.635000     0.026000
155.000     0.795000     0.036000
165.000     0.979000     0.057000
175.000     1.025000     0.108000
----------------------------------------------------------
E = 1160.000 MeV, E_lo = 1155.000 MeV, E_hi = 1165.000 MeV
Systematic = 0.050000, Preliminary = 0, PSEUDO_SAID
  5.000     0.939000     0.059000
 15.000     0.578000     0.030000
 25.000     0.137000     0.020000
 35.000    -0.101000     0.016000
 45.000    -0.095000     0.014000
 55.000     0.020000     0.012000
 65.000     0.166000     0.012000
 75.000     0.318000     0.011000
 85.000     0.408000     0.012000
 95.000     0.421000     0.012000
105.000     0.417000     0.013000
115.000     0.403000     0.014000
125.000     0.410000     0.017000
135.000     0.479000     0.020000
145.000     0.630000     0.027000
155.000     0.803000     0.038000
165.000     0.929000     0.057000
175.000     1.040000     0.114000
----------------------------------------------------------
E = 1170.000 MeV, E_lo = 1165.000 MeV, E_hi = 1175.000 MeV
Systematic = 0.050000, Preliminary = 0, PSEUDO_SAID
  5.000     0.852000     0.057000
 15.000     0.545000     0.029000
 25.000     0.123000     0.020000
 35.000    -0.098000     0.016000
 45.000    -0.115000     0.014000
 55.000     0.018000     0.012000
 65.000     0.168000     0.012000
 75.000     0.318000     0.012000
 85.000     0.387000     0.012000
 95.000     0.407000     0.013000
105.000     0.430000     0.013000
115.000     0.398000     0.015000
125.000     0.409000     0.017000
135.000     0.422000     0.020000
145.000     0.585000     0.027000
155.000     0.770000     0.039000
165.000     0.927000     0.059000
175.000     0.941000     0.115000
----------------------------------------------------------
E = 1180.000 MeV, E_lo = 1175.000 MeV, E_hi = 1185.000 MeV
Systematic = 0.050000, Preliminary = 0, PSEUDO_SAID
  5.000     0.955000     0.059000
 15.000     0.548000     0.028000
 25.000     0.141000     0.019000
 35.000    -0.112000     0.016000
 45.000    -0.121000     0.014000
 55.000    -0.003000     0.012000
 65.000     0.175000     0.012000
 75.000     0.309000     0.012000
 85.000     0.397000     0.012000
 95.000     0.411000     0.013000
105.000     0.386000     0.013000
115.000     0.381000     0.015000
125.000     0.389000     0.017000
135.000     0.433000     0.021000
145.000     0.575000     0.027000
155.000     0.777000     0.040000
165.000     0.898000     0.061000
175.000     0.951000     0.111000
----------------------------------------------------------
E = 1190.000 MeV, E_lo = 1185.000 MeV, E_hi = 1195.000 MeV
Systematic = 0.050000, Preliminary = 0, PSEUDO_SAID
  5.000     0.895000     0.057000
 15.000     0.615000     0.029000
 25.000     0.146000     0.019000
 35.000    -0.079000     0.016000
 45.000    -0.096000     0.014000
 55.000     0.000000     0.012000
 65.000     0.160000     0.012000
 75.000     0.287000     0.012000
 85.000     0.376000     0.012000
 95.000     0.398000     0.013000
105.000     0.409000     0.014000
115.000     0.398000     0.015000
125.000     0.371000     0.017000
135.000     0.432000     0.021000
145.000     0.559000     0.027000
155.000     0.801000     0.041000
165.000     0.935000     0.063000
175.000     0.980000     0.120000
----------------------------------------------------------
E = 1200.000 MeV, E_lo = 1195.000 MeV, E_hi = 1205.000 MeV
Systematic = 0.050000, Preliminary = 0, PSEUDO_SAID
  5.000     0.863000     0.055000
 15.000     0.573000     0.028000
 25.000     0.151000     0.019000
 35.000    -0.098000     0.016000
 45.000    -0.115000     0.014000
 55.000     0.011000     0.013000
 65.000     0.166000     0.012000
 75.000     0.311000     0.012000
 85.000     0.376000     0.012000
 95.000     0.403000     0.013000
105.000     0.418000     0.014000
115.000     0.379000     0.015000
125.000     0.372000     0.017000
135.000     0.400000     0.020000
145.000     0.545000     0.027000
155.000     0.742000     0.040000
165.000     0.934000     0.063000
175.000     0.942000     0.110000
----------------------------------------------------------
E = 1210.000 MeV, E_lo = 1205.000 MeV, E_hi = 1215.000 MeV
Systematic = 0.050000, Preliminary = 0, PSEUDO_SAID
  5.000     0.901000     0.054000
 15.000     0.562000     0.028000
 25.000     0.201000     0.019000
 35.000    -0.076000     0.016000
 45.000    -0.111000     0.014000
 55.000     0.001000     0.013000
 65.000     0.177000     0.012000
 75.000     0.307000     0.012000
 85.000     0.371000     0.012000
 95.000     0.409000     0.013000
105.000     0.393000     0.014000
115.000     0.379000     0.015000
125.000     0.373000     0.017000
135.000     0.434000     0.021000
145.000     0.540000     0.028000
155.000     0.762000     0.041000
165.000     0.936000     0.065000
175.000     1.010000     0.129000
----------------------------------------------------------
E = 1220.000 MeV, E_lo = 1215.000 MeV, E_hi = 1225.000 MeV
Systematic = 0.050000, Preliminary = 0, PSEUDO_SAID
  5.000     0.913000     0.053000
 15.000     0.570000     0.027000
 25.000     0.187000     0.019000
 35.000    -0.066000     0.016000
 45.000    -0.111000     0.014000
 55.000     0.029000     0.013000
 65.000     0.159000     0.012000
 75.000     0.310000     0.012000
 85.000     0.405000     0.012000
 95.000     0.397000     0.013000
105.000     0.394000     0.014000
115.000     0.352000     0.015000
125.000     0.372000     0.017000
135.000     0.379000     0.021000
145.000     0.550000     0.028000
155.000     0.757000     0.043000
165.000     0.958000     0.067000
175.000     0.995000     0.132000
----------------------------------------------------------
E = 1230.000 MeV, E_lo = 1225.000 MeV, E_hi = 1235.000 MeV
Systematic = 0.050000, Preliminary = 0, PSEUDO_SAID
  5.000     0.860000     0.053000
 15.000     0.581000     0.027000
 25.000     0.180000     0.019000
 35.000    -0.058000     0.016000
 45.000    -0.115000     0.014000
 55.000     0.010000     0.013000
 65.000     0.185000     0.012000
 75.000     0.311000     0.012000
 85.000     0.402000     0.013000
 95.000     0.402000     0.013000
105.000     0.393000     0.014000
115.000     0.380000     0.015000
125.000     0.347000     0.018000
135.000     0.380000     0.021000
145.000     0.508000     0.029000
155.000     0.764000     0.042000
165.000     0.878000     0.065000
175.000     1.118000     0.136000
----------------------------------------------------------
E = 1240.000 MeV, E_lo = 1235.000 MeV, E_hi = 1245.000 MeV
Systematic = 0.050000, Preliminary = 0, PSEUDO_SAID
  5.000     0.904000     0.054000
 15.000     0.622000     0.028000
 25.000     0.189000     0.019000
 35.000    -0.059000     0.016000
 45.000    -0.119000     0.014000
 55.000     0.005000     0.013000
 65.000     0.181000     0.012000
 75.000     0.302000     0.012000
 85.000     0.381000     0.013000
 95.000     0.415000     0.013000
105.000     0.389000     0.014000
115.000     0.359000     0.016000
125.000     0.344000     0.017000
135.000     0.421000     0.022000
145.000     0.538000     0.029000
155.000     0.739000     0.043000
165.000     0.967000     0.070000
175.000     1.061000     0.125000
----------------------------------------------------------
E = 1250.000 MeV, E_lo = 1245.000 MeV, E_hi = 1255.000 MeV
Systematic = 0.050000, Preliminary = 0, PSEUDO_SAID
  5.000     0.850000     0.052000
 15.000     0.575000     0.027000
 25.000     0.187000     0.019000
 35.000    -0.073000     0.016000
 45.000    -0.095000     0.014000
 55.000    -0.008000     0.013000
 65.000     0.173000     0.012000
 75.000     0.302000     0.012000
 85.000     0.401000     0.013000
 95.000     0.434000     0.013000
105.000     0.380000     0.014000
115.000     0.305000     0.016000
125.000     0.328000     0.018000
135.000     0.363000     0.022000
145.000     0.495000     0.029000
155.000     0.726000     0.043000
165.000     0.956000     0.071000
175.000     1.082000     0.143000
----------------------------------------------------------
E = 1260.000 MeV, E_lo = 1255.000 MeV, E_hi = 1265.000 MeV
Systematic = 0.050000, Preliminary = 0, PSEUDO_SAID
  5.000     0.882000     0.053000
 15.000     0.601000     0.027000
 25.000     0.191000     0.019000
 35.000    -0.082000     0.016000
 45.000    -0.091000     0.014000
 55.000    -0.009000     0.013000
 65.000     0.188000     0.012000
 75.000     0.312000     0.012000
 85.000     0.402000     0.013000
 95.000     0.408000     0.014000
105.000     0.399000     0.015000
115.000     0.356000     0.016000
125.000     0.288000     0.018000
135.000     0.360000     0.022000
145.000     0.455000     0.029000
155.000     0.747000     0.043000
165.000     0.851000     0.071000
175.000     1.024000     0.140000
----------------------------------------------------------
E = 1270.000 MeV, E_lo = 1265.000 MeV, E_hi = 1275.000 MeV
Systematic = 0.050000, Preliminary = 0, PSEUDO_SAID
  5.000     0.927000     0.052000
 15.000     0.600000     0.027000
 25.000     0.174000     0.019000
 35.000    -0.063000     0.016000
 45.000    -0.095000     0.014000
 55.000    -0.015000     0.013000
 65.000     0.177000     0.013000
 75.000     0.321000     0.013000
 85.000     0.401000     0.013000
 95.000     0.423000     0.014000
105.000     0.408000     0.015000
115.000     0.341000     0.016000
125.000     0.311000     0.018000
135.000     0.367000     0.022000
145.000     0.451000     0.029000
155.000     0.705000     0.042000
165.000     0.905000     0.070000
175.000     1.101000     0.144000
----------------------------------------------------------
E = 1280.000 MeV, E_lo = 1275.000 MeV, E_hi = 1285.000 MeV
Systematic = 0.050000, Preliminary = 0, PSEUDO_SAID
  5.000     0.875000     0.053000
 15.000     0.586000     0.027000
 25.000     0.156000     0.019000
 35.000    -0.086000     0.016000
 45.000    -0.120000     0.014000
 55.000    -0.003000     0.013000
 65.000     0.187000     0.013000
 75.000     0.297000     0.012000
 85.000     0.407000     0.013000
 95.000     0.422000     0.014000
105.000     0.397000     0.015000
115.000     0.307000     0.016000
125.000     0.284000     0.018000
135.000     0.342000     0.022000
145.000     0.533000     0.030000
155.000     0.725000     0.045000
165.000     0.882000     0.073000
175.000     0.910000     0.138000
----------------------------------------------------------
E = 1290.000 MeV, E_lo = 1285.000 MeV, E_hi = 1295.000 MeV
Systematic = 0.050000, Preliminary = 0, PSEUDO_SAID
  5.000     0.921000     0.052000
 15.000     0.571000     0.027000
 25.000     0.169000     0.019000
 35.000    -0.083000     0.016000
 45.000    -0.119000     0.014000
 55.000     0.003000     0.013000
 65.000     0.169000     0.013000
 75.000     0.324000     0.013000
 85.000     0.426000     0.013000
 95.000     0.412000     0.014000
105.000     0.389000     0.015000
115.000     0.330000     0.016000
125.000     0.319000     0.018000
135.000     0.365000     0.022000
145.000     0.521000     0.030000
155.000     0.697000     0.044000
165.000     0.909000     0.079000
175.000     0.953000     0.131000
----------------------------------------------------------
E = 1300.000 MeV, E_lo = 1295.000 MeV, E_hi = 1305.000 MeV
Systematic = 0.050000, Preliminary = 0, PSEUDO_SAID
  5.000     0.882000     0.052000
 15.000     0.604000     0.027000
 25.000     0.202000     0.019000
 35.000    -0.115000     0.016000
 45.000    -0.142000     0.014000
 55.000    -0.031000     0.013000
 65.000     0.150000     0.013000
 75.000     0.312000     0.013000
 85.000     0.395000     0.013000
 95.000     0.431000     0.014000
105.000     0.377000     0.015000
115.000     0.348000     0.017000
125.000     0.312000     0.018000
135.000     0.341000     0.022000
145.000     0.515000     0.030000
155.000     0.709000     0.045000
165.000     0.942000     0.075000
175.000     1.015000     0.149000
----------------------------------------------------------
E = 1310.000 MeV, E_lo = 1305.000 MeV, E_hi = 1315.000 MeV
Systematic = 0.050000, Preliminary = 0, PSEUDO_SAID
  5.000     0.897000     0.054000
 15.000     0.596000     0.027000
 25.000     0.171000     0.019000
 35.000    -0.078000     0.016000
 45.000    -0.151000     0.014000
 55.000    -0.015000     0.013000
 65.000     0.169000     0.013000
 75.000     0.321000     0.013000
 85.000     0.411000     0.014000
 95.000     0.438000     0.014000
105.000     0.391000     0.015000
115.000     0.329000     0.017000
125.000     0.322000     0.019000
135.000     0.329000     0.023000
145.000     0.492000     0.030000
155.000     0.720000     0.045000
165.000     0.809000     0.070000
175.000     0.926000     0.132000
----------------------------------------------------------
E = 1320.000 MeV, E_lo = 1315.000 MeV, E_hi = 1325.000 MeV
Systematic = 0.050000, Preliminary = 0, PSEUDO_SAID
  5.000     0.900000     0.052000
 15.000     0.546000     0.026000
 25.000     0.163000     0.019000
 35.000    -0.091000     0.016000
 45.000    -0.174000     0.014000
 55.000     0.011000     0.013000
 65.000     0.168000     0.013000
 75.000     0.314000     0.013000
 85.000     0.396000     0.014000
 95.000     0.428000     0.015000
105.000     0.373000     0.015000
115.000     0.342000     0.017000
125.000     0.289000     0.019000
135.000     0.340000     0.022000
145.000     0.432000     0.030000
155.000     0.664000     0.045000
165.000     0.874000     0.076000
175.000     1.025000     0.162000
----------------------------------------------------------
E = 1330.000 MeV, E_lo = 1325.000 MeV, E_hi = 1335.000 MeV
Systematic = 0.050000, Preliminary = 0, PSEUDO_SAID
  5.000     0.947000     0.053000
 15.000     0.590000     0.027000
 25.000     0.188000     0.019000
 35.000    -0.125000     0.016000
 45.000    -0.146000     0.015000
 55.000    -0.026000     0.014000
 65.000     0.155000     0.013000
 75.000     0.324000     0.013000
 85.000     0.411000     0.014000
 95.000     0.405000     0.015000
105.000     0.403000     0.016000
115.000     0.319000     0.017000
125.000     0.277000     0.019000
135.000     0.308000     0.023000
145.000     0.453000     0.031000
155.000     0.671000     0.045000
165.000     0.910000     0.077000
175.000     1.108000     0.162000
----------------------------------------------------------
E = 1340.000 MeV, E_lo = 1335.000 MeV, E_hi = 1345.000 MeV
Systematic = 0.050000, Preliminary = 0, PSEUDO_SAID
  5.000     0.945000     0.055000
 15.000     0.598000     0.027000
 25.000     0.184000     0.019000
 35.000    -0.090000     0.016000
 45.000    -0.169000     0.015000
 55.000    -0.027000     0.014000
 65.000     0.170000     0.013000
 75.000     0.326000     0.013000
 85.000     0.418000     0.014000
 95.000     0.420000     0.015000
105.000     0.371000     0.016000
115.000     0.342000     0.017000
125.000     0.272000     0.019000
135.000     0.323000     0.023000
145.000     0.401000     0.030000
155.000     0.643000     0.046000
165.000     0.840000     0.072000
175.000     0.946000     0.133000
----------------------------------------------------------
E = 1350.000 MeV, E_lo = 1345.000 MeV, E_hi = 1355.000 MeV
Systematic = 0.050000, Preliminary = 0, PSEUDO_SAID
  5.000     0.909000     0.051000
 15.000     0.563000     0.026000
 25.000     0.188000     0.019000
 35.000    -0.116000     0.016000
 45.000    -0.167000     0.015000
 55.000    -0.045000     0.014000
 65.000     0.152000     0.013000
 75.000     0.338000     0.014000
 85.000     0.423000     0.014000
 95.000     0.431000     0.015000
105.000     0.404000     0.016000
115.000     0.309000     0.017000
125.000     0.263000     0.020000
135.000     0.328000     0.023000
145.000     0.425000     0.031000
155.000     0.714000     0.046000
165.000     0.904000     0.077000
175.000     0.665000     0.146000
----------------------------------------------------------
E = 1360.000 MeV, E_lo = 1355.000 MeV, E_hi = 1365.000 MeV
Systematic = 0.050000, Preliminary = 0, PSEUDO_SAID
  5.000     0.944000     0.053000
 15.000     0.549000     0.027000
 25.000     0.161000     0.019000
 35.000    -0.080000     0.016000
 45.000    -0.158000     0.015000
 55.000    -0.050000     0.014000
 65.000     0.167000     0.014000
 75.000     0.304000     0.014000
 85.000     0.421000     0.014000
 95.000     0.421000     0.015000
105.000     0.382000     0.016000
115.000     0.325000     0.017000
125.000     0.265000     0.019000
135.000     0.325000     0.024000
145.000     0.455000     0.031000
155.000     0.739000     0.047000
165.000     0.894000     0.074000
175.000     1.115000     0.147000
----------------------------------------------------------
E = 1370.000 MeV, E_lo = 1365.000 MeV, E_hi = 1375.000 MeV
Systematic = 0.050000, Preliminary = 0, PSEUDO_SAID
  5.000     0.913000     0.053000
 15.000     0.547000     0.027000
 25.000     0.151000     0.019000
 35.000    -0.146000     0.016000
 45.000    -0.175000     0.015000
 55.000    -0.058000     0.014000
 65.000     0.145000     0.014000
 75.000     0.330000     0.014000
 85.000     0.415000     0.015000
 95.000     0.423000     0.015000
105.000     0.395000     0.016000
115.000     0.299000     0.018000
125.000     0.274000     0.020000
135.000     0.314000     0.024000
145.000     0.440000     0.031000
155.000     0.656000     0.047000
165.000     0.846000     0.072000
175.000     1.132000     0.164000
----------------------------------------------------------
E = 1380.000 MeV, E_lo = 1375.000 MeV, E_hi = 1385.000 MeV
Systematic = 0.050000, Preliminary = 0, PSEUDO_SAID
  5.000     0.907000     0.053000
 15.000     0.569000     0.027000
 25.000     0.122000     0.019000
 35.000    -0.129000     0.016000
 45.000    -0.189000     0.015000
 55.000    -0.046000     0.014000
 65.000     0.149000     0.014000
 75.000     0.352000     0.014000
 85.000     0.396000     0.015000
 95.000     0.428000     0.016000
105.000     0.366000     0.016000
115.000     0.322000     0.018000
125.000     0.301000     0.020000
135.000     0.277000     0.024000
145.000     0.404000     0.031000
155.000     0.627000     0.046000
165.000     0.935000     0.079000
175.000     1.184000     0.161000
----------------------------------------------------------
E = 1390.000 MeV, E_lo = 1385.000 MeV, E_hi = 1395.000 MeV
Systematic = 0.050000, Preliminary = 0, PSEUDO_SAID
  5.000     0.878000     0.051000
 15.000     0.573000     0.027000
 25.000     0.160000     0.019000
 35.000    -0.116000     0.016000
 45.000    -0.183000     0.015000
 55.000    -0.066000     0.014000
 65.000     0.148000     0.014000
 75.000     0.322000     0.014000
 85.000     0.436000     0.015000
 95.000     0.429000     0.016000
105.000     0.379000     0.017000
115.000     0.318000     0.018000
125.000     0.224000     0.020000
135.000     0.325000     0.025000
145.000     0.386000     0.031000
155.000     0.694000     0.048000
165.000     0.949000     0.079000
175.000     0.991000     0.155000
----------------------------------------------------------
E = 1400.000 MeV, E_lo = 1395.000 MeV, E_hi = 1405.000 MeV
Systematic = 0.050000, Preliminary = 0, PSEUDO_SAID
  5.000     0.887000     0.053000
 15.000     0.580000     0.027000
 25.000     0.161000     0.019000
 35.000    -0.132000     0.017000
 45.000    -0.209000     0.015000
 55.000    -0.071000     0.014000
 65.000     0.155000     0.014000
 75.000     0.340000     0.015000
 85.000     0.437000     0.015000
 95.000     0.428000     0.016000
105.000     0.398000     0.017000
115.000     0.306000     0.018000
125.000     0.243000     0.020000
135.000     0.277000     0.024000
145.000     0.426000     0.032000
155.000     0.755000     0.049000
165.000     0.868000     0.077000
175.000     0.994000     0.148000
----------------------------------------------------------
E = 1410.000 MeV, E_lo = 1405.000 MeV, E_hi = 1415.000 MeV
Systematic = 0.050000, Preliminary = 0, PSEUDO_SAID
  5.000     0.890000     0.054000
 15.000     0.592000     0.027000
 25.000     0.177000     0.019000
 35.000    -0.143000     0.016000
 45.000    -0.214000     0.015000
 55.000    -0.044000     0.015000
 65.000     0.161000     0.014000
 75.000     0.323000     0.015000
 85.000     0.439000     0.016000
 95.000     0.437000     0.016000
105.000     0.393000     0.017000
115.000     0.292000     0.018000
125.000     0.221000     0.021000
135.000     0.266000     0.024000
145.000     0.419000     0.032000
155.000     0.701000     0.048000
165.000     0.978000     0.083000
175.000     0.880000     0.147000
----------------------------------------------------------
E = 1420.000 MeV, E_lo = 1415.000 MeV, E_hi = 1425.000 MeV
Systematic = 0.050000, Preliminary = 0, PSEUDO_SAID
  5.000     0.912000     0.054000
 15.000     0.556000     0.027000
 25.000     0.150000     0.019000
 35.000    -0.145000     0.016000
 45.000    -0.191000     0.015000
 55.000    -0.057000     0.015000
 65.000     0.139000     0.015000
 75.000     0.333000     0.015000
 85.000     0.429000     0.016000
 95.000     0.446000     0.017000
105.000     0.390000     0.018000
115.000     0.284000     0.019000
125.000     0.234000     0.021000
135.000     0.288000     0.024000
145.000     0.399000     0.033000
155.000     0.641000     0.049000
165.000     0.913000     0.080000
175.000     0.972000     0.146000
----------------------------------------------------------
E = 1430.000 MeV, E_lo = 1425.000 MeV, E_hi = 1435.000 MeV
Systematic = 0.050000, Preliminary = 0, PSEUDO_SAID
  5.000     0.923000     0.052000
 15.000     0.543000     0.027000
 25.000     0.139000     0.019000
 35.000    -0.180000     0.017000
 45.000    -0.250000     0.016000
 55.000    -0.093000     0.015000
 65.000     0.140000     0.015000
 75.000     0.321000     0.015000
 85.000     0.449000     0.016000
 95.000     0.436000     0.017000
105.000     0.344000     0.018000
115.000     0.306000     0.019000
125.000     0.230000     0.021000
135.000     0.240000     0.025000
145.000     0.392000     0.032000
155.000     0.671000     0.050000
165.000     0.961000     0.081000
175.000     1.054000     0.152000
----------------------------------------------------------
E = 1440.000 MeV, E_lo = 1435.000 MeV, E_hi = 1445.000 MeV
Systematic = 0.050000, Preliminary = 0, PSEUDO_SAID
  5.000     0.903000     0.055000
 15.000     0.574000     0.028000
 25.000     0.126000     0.019000
 35.000    -0.172000     0.017000
 45.000    -0.235000     0.016000
 55.000    -0.086000     0.015000
 65.000     0.179000     0.015000
 75.000     0.343000     0.015000
 85.000     0.432000     0.016000
 95.000     0.432000     0.017000
105.000     0.356000     0.018000
115.000     0.317000     0.019000
125.000     0.214000     0.022000
135.000     0.270000     0.025000
145.000     0.360000     0.033000
155.000     0.583000     0.047000
165.000     0.891000     0.084000
175.000     0.966000     0.160000
----------------------------------------------------------
E = 1450.000 MeV, E_lo = 1445.000 MeV, E_hi = 1455.000 MeV
Systematic = 0.050000, Preliminary = 0, PSEUDO_SAID
  5.000     0.902000     0.054000
 15.000     0.541000     0.027000
 25.000     0.145000     0.019000
 35.000    -0.124000     0.017000
 45.000    -0.225000     0.016000
 55.000    -0.094000     0.015000
 65.000     0.141000     0.015000
 75.000     0.328000     0.015000
 85.000     0.409000     0.016000
 95.000     0.455000     0.017000
105.000     0.389000     0.018000
115.000     0.292000     0.019000
125.000     0.253000     0.021000
135.000     0.242000     0.025000
145.000     0.334000     0.032000
155.000     0.676000     0.049000
165.000     0.861000     0.081000
175.000     0.959000     0.155000
----------------------------------------------------------
E = 1460.000 MeV, E_lo = 1455.000 MeV, E_hi = 1465.000 MeV
Systematic = 0.050000, Preliminary = 0, PSEUDO_SAID
  5.000     0.878000     0.053000
 15.000     0.531000     0.027000
 25.000     0.125000     0.019000
 35.000    -0.202000     0.017000
 45.000    -0.236000     0.016000
 55.000    -0.107000     0.015000
 65.000     0.154000     0.015000
 75.000     0.332000     0.016000
 85.000     0.410000     0.016000
 95.000     0.446000     0.018000
105.000     0.369000     0.018000
115.000     0.305000     0.020000
125.000     0.233000     0.021000
135.000     0.218000     0.026000
145.000     0.400000     0.033000
155.000     0.664000     0.050000
165.000     0.851000     0.076000
175.000     0.829000     0.149000
----------------------------------------------------------
E = 1470.000 MeV, E_lo = 1465.000 MeV, E_hi = 1475.000 MeV
Systematic = 0.050000, Preliminary = 0, PSEUDO_SAID
  5.000     0.895000     0.052000
 15.000     0.513000     0.027000
 25.000     0.126000     0.019000
 35.000    -0.170000     0.017000
 45.000    -0.250000     0.016000
 55.000    -0.106000     0.015000
 65.000     0.107000     0.015000
 75.000     0.347000     0.016000
 85.000     0.406000     0.016000
 95.000     0.431000     0.018000
105.000     0.369000     0.019000
115.000     0.304000     0.020000
125.000     0.216000     0.022000
135.000     0.226000     0.026000
145.000     0.379000     0.034000
155.000     0.670000     0.050000
165.000     0.990000     0.083000
175.000     1.008000     0.167000
----------------------------------------------------------
E = 1480.000 MeV, E_lo = 1475.000 MeV, E_hi = 1485.000 MeV
Systematic = 0.050000, Preliminary = 0, PSEUDO_SAID
  5.000     0.857000     0.055000
 15.000     0.559000     0.027000
 25.000     0.097000     0.020000
 35.000    -0.164000     0.017000
 45.000    -0.272000     0.016000
 55.000    -0.121000     0.015000
 65.000     0.116000     0.016000
 75.000     0.332000     0.016000
 85.000     0.422000     0.017000
 95.000     0.443000     0.018000
105.000     0.389000     0.019000
115.000     0.285000     0.020000
125.000     0.185000     0.022000
135.000     0.207000     0.026000
145.000     0.350000     0.034000
155.000     0.616000     0.051000
165.000     0.867000     0.082000
175.000     0.975000     0.159000
----------------------------------------------------------
E = 1490.000 MeV, E_lo = 1485.000 MeV, E_hi = 1495.000 MeV
Systematic = 0.050000, Preliminary = 0, PSEUDO_SAID
  5.000     0.897000     0.053000
 15.000     0.541000     0.028000
 25.000     0.122000     0.020000
 35.000    -0.178000     0.017000
 45.000    -0.275000     0.016000
 55.000    -0.082000     0.016000
 65.000     0.119000     0.016000
 75.000     0.323000     0.016000
 85.000     0.441000     0.017000
 95.000     0.420000     0.018000
105.000     0.382000     0.020000
115.000     0.273000     0.020000
125.000     0.234000     0.023000
135.000     0.250000     0.027000
145.000     0.369000     0.034000
155.000     0.600000     0.051000
165.000     0.891000     0.084000
175.000     1.005000     0.159000
----------------------------------------------------------
E = 1500.000 MeV, E_lo = 1495.000 MeV, E_hi = 1505.000 MeV
Systematic = 0.050000, Preliminary = 0, PSEUDO_SAID
  5.000     0.903000     0.055000
 15.000     0.515000     0.028000
 25.000     0.118000     0.020000
 35.000    -0.193000     0.017000
 45.000    -0.271000     0.017000
 55.000    -0.123000     0.016000
 65.000     0.115000     0.016000
 75.000     0.342000     0.017000
 85.000     0.432000     0.017000
 95.000     0.422000     0.019000
105.000     0.367000     0.020000
115.000     0.236000     0.021000
125.000     0.181000     0.023000
135.000     0.236000     0.027000
145.000     0.387000     0.034000
155.000     0.641000     0.051000
165.000     0.824000     0.081000
175.000     1.038000     0.158000
----------------------------------------------------------
