kinematics for pion photoproduction at threshold

   qcm  Wcm(n+)  Elab(n+) Wcm(p0)  Elab(p0) Wcm(p-)  Elab(p-) Wcm(n0)  Elab(n0)
   0    1079.14  151.437  1073.25  144.685  1077.84  148.452  1074.54  144.671
   1.   1079.14  151.442  1073.25  144.689  1077.85  148.457  1074.55  144.676
   2.   1079.15  151.456  1073.27  144.704  1077.86  148.471  1074.56  144.691
   3.   1079.17  151.48   1073.29  144.728  1077.88  148.494  1074.58  144.715
   4.   1079.2   151.513  1073.32  144.762  1077.91  148.527  1074.61  144.749
   5.   1079.24  151.556  1073.35  144.806  1077.95  148.57   1074.65  144.792
   6.   1079.28  151.608  1073.4   144.859  1077.99  148.622  1074.69  144.846
   7.   1079.34  151.669  1073.46  144.922  1078.04  148.683  1074.75  144.908
   8.   1079.4   151.74   1073.52  144.995  1078.11  148.754  1074.81  144.981
   9.   1079.47  151.82   1073.59  145.077  1078.18  148.834  1074.88  145.063
   10.  1079.55  151.91   1073.67  145.169  1078.25  148.924  1074.96  145.155
   11.  1079.63  152.009  1073.76  145.27   1078.34  149.022  1075.05  145.257
   12.  1079.73  152.118  1073.86  145.381  1078.43  149.131  1075.15  145.368
   13.  1079.83  152.236  1073.96  145.502  1078.54  149.248  1075.26  145.489
   14.  1079.94  152.363  1074.08  145.633  1078.65  149.375  1075.37  145.619
   15.  1080.06  152.5    1074.2   145.773  1078.77  149.512  1075.49  145.759
   16.  1080.19  152.646  1074.33  145.922  1078.89  149.658  1075.62  145.908
   17.  1080.32  152.801  1074.47  146.081  1079.03  149.813  1075.76  146.067
   18.  1080.46  152.966  1074.62  146.25   1079.17  149.977  1075.91  146.236
   19.  1080.62  153.14   1074.77  146.428  1079.32  150.15   1076.06  146.414
   20.  1080.77  153.323  1074.94  146.616  1079.48  150.333  1076.23  146.602
   21.  1080.94  153.516  1075.11  146.813  1079.65  150.525  1076.4   146.799
   22.  1081.12  153.717  1075.29  147.019  1079.82  150.727  1076.58  147.005
   23.  1081.3   153.928  1075.48  147.235  1080.01  150.937  1076.77  147.221
   24.  1081.49  154.149  1075.67  147.46   1080.2   151.157  1076.97  147.446
   25.  1081.69  154.378  1075.88  147.695  1080.4   151.386  1077.17  147.681
   26.  1081.9   154.617  1076.09  147.939  1080.6   151.624  1077.38  147.925
   27.  1082.11  154.864  1076.31  148.192  1080.82  151.871  1077.6   148.178
   28.  1082.33  155.121  1076.54  148.455  1081.04  152.127  1077.83  148.44
   29.  1082.56  155.387  1076.78  148.727  1081.27  152.392  1078.07  148.712
   30.  1082.8   155.661  1077.02  149.008  1081.51  152.666  1078.31  148.993
   31.  1083.05  155.945  1077.27  149.298  1081.76  152.949  1078.57  149.284
   32.  1083.3   156.238  1077.54  149.598  1082.01  153.241  1078.83  149.583
   33.  1083.56  156.54   1077.8   149.907  1082.27  153.542  1079.1   149.891
   34.  1083.83  156.851  1078.08  150.224  1082.54  153.852  1079.37  150.209
   35.  1084.11  157.17   1078.36  150.551  1082.82  154.171  1079.66  150.536
   36.  1084.39  157.499  1078.66  150.887  1083.1   154.499  1079.95  150.871
   37.  1084.68  157.836  1078.96  151.232  1083.39  154.835  1080.25  151.216
   38.  1084.98  158.182  1079.26  151.586  1083.69  155.181  1080.56  151.57
   39.  1085.29  158.537  1079.58  151.948  1084.    155.535  1080.87  151.932
   40.  1085.61  158.901  1079.9   152.32   1084.31  155.898  1081.19  152.304
   41.  1085.93  159.273  1080.23  152.7    1084.64  156.269  1081.53  152.684
   42.  1086.26  159.654  1080.57  153.09   1084.96  156.649  1081.86  153.073
   43.  1086.59  160.044  1080.92  153.488  1085.3   157.038  1082.21  153.471
   44.  1086.94  160.442  1081.27  153.895  1085.64  157.435  1082.56  153.878
   45.  1087.29  160.849  1081.63  154.31   1086.    157.841  1082.92  154.293
   46.  1087.65  161.264  1082.    154.734  1086.35  158.255  1083.29  154.717
   47.  1088.01  161.688  1082.37  155.167  1086.72  158.678  1083.67  155.15
   48.  1088.38  162.12   1082.76  155.608  1087.09  159.109  1084.05  155.591
   49.  1088.76  162.561  1083.15  156.058  1087.47  159.549  1084.44  156.041
   50.  1089.15  163.01   1083.54  156.517  1087.86  159.997  1084.83  156.499
   51.  1089.54  163.467  1083.95  156.983  1088.25  160.453  1085.24  156.966
   52.  1089.95  163.933  1084.36  157.459  1088.65  160.917  1085.65  157.441
   53.  1090.35  164.406  1084.78  157.942  1089.06  161.39   1086.07  157.924
   54.  1090.77  164.888  1085.2   158.434  1089.48  161.871  1086.49  158.416
   55.  1091.19  165.379  1085.63  158.934  1089.9   162.36   1086.93  158.916
   56.  1091.62  165.877  1086.07  159.443  1090.33  162.857  1087.36  159.424
   57.  1092.05  166.384  1086.52  159.959  1090.76  163.363  1087.81  159.941
   58.  1092.5   166.898  1086.97  160.484  1091.2   163.876  1088.26  160.465
   59.  1092.94  167.421  1087.43  161.017  1091.65  164.397  1088.72  160.998
   60.  1093.4   167.951  1087.9   161.558  1092.11  164.927  1089.19  161.539
   61.  1093.86  168.49   1088.37  162.107  1092.57  165.464  1089.66  162.087
   62.  1094.33  169.036  1088.85  162.664  1093.04  166.009  1090.14  162.644
   63.  1094.81  169.59   1089.34  163.229  1093.51  166.562  1090.63  163.209
   64.  1095.29  170.152  1089.83  163.802  1094.    167.122  1091.12  163.781
   65.  1095.77  170.722  1090.33  164.382  1094.48  167.691  1091.62  164.362
   66.  1096.27  171.3    1090.84  164.971  1094.98  168.267  1092.13  164.95
   67.  1096.77  171.885  1091.35  165.567  1095.48  168.851  1092.64  165.546
   68.  1097.28  172.478  1091.87  166.171  1095.99  169.442  1093.16  166.149
   69.  1097.79  173.078  1092.4   166.782  1096.5   170.041  1093.69  166.761
   70.  1098.31  173.686  1092.93  167.401  1097.02  170.648  1094.22  167.38
   71.  1098.84  174.302  1093.47  168.028  1097.55  171.262  1094.76  168.006
   72.  1099.37  174.925  1094.01  168.662  1098.08  171.883  1095.3   168.64
   73.  1099.91  175.555  1094.56  169.304  1098.62  172.512  1095.85  169.281
   74.  1100.45  176.193  1095.12  169.953  1099.16  173.149  1096.41  169.93
   75.  1101.    176.838  1095.68  170.61   1099.71  173.792  1096.97  170.587

    0.00  1079.14   151.44  1073.25   144.68  1077.84   148.45  1074.54   144.67
    1.00  1079.14   151.44  1073.25   144.69  1077.85   148.46  1074.55   144.68
    2.00  1079.15   151.46  1073.27   144.70  1077.86   148.47  1074.56   144.69
    3.00  1079.17   151.48  1073.29   144.73  1077.88   148.49  1074.58   144.71
    4.00  1079.20   151.51  1073.32   144.76  1077.91   148.53  1074.61   144.75
    5.00  1079.24   151.56  1073.35   144.81  1077.95   148.57  1074.65   144.79
    6.00  1079.28   151.61  1073.40   144.86  1077.99   148.62  1074.69   144.85
    7.00  1079.34   151.67  1073.46   144.92  1078.04   148.68  1074.75   144.91
    8.00  1079.40   151.74  1073.52   144.99  1078.11   148.75  1074.81   144.98
    9.00  1079.47   151.82  1073.59   145.08  1078.18   148.83  1074.88   145.06
   10.00  1079.55   151.91  1073.67   145.17  1078.25   148.92  1074.96   145.16
   11.00  1079.63   152.01  1073.76   145.27  1078.34   149.02  1075.05   145.26
   12.00  1079.73   152.12  1073.86   145.38  1078.43   149.13  1075.15   145.37
   13.00  1079.83   152.24  1073.96   145.50  1078.54   149.25  1075.26   145.49
   14.00  1079.94   152.36  1074.08   145.63  1078.65   149.38  1075.37   145.62
   15.00  1080.06   152.50  1074.20   145.77  1078.77   149.51  1075.49   145.76
   16.00  1080.19   152.65  1074.33   145.92  1078.89   149.66  1075.62   145.91
   17.00  1080.32   152.80  1074.47   146.08  1079.03   149.81  1075.76   146.07
   18.00  1080.46   152.97  1074.62   146.25  1079.17   149.98  1075.91   146.24
   19.00  1080.62   153.14  1074.77   146.43  1079.32   150.15  1076.06   146.41
   20.00  1080.77   153.32  1074.94   146.62  1079.48   150.33  1076.23   146.60
   21.00  1080.94   153.52  1075.11   146.81  1079.65   150.53  1076.40   146.80
   22.00  1081.12   153.72  1075.29   147.02  1079.82   150.73  1076.58   147.00
   23.00  1081.30   153.93  1075.48   147.24  1080.01   150.94  1076.77   147.22
   24.00  1081.49   154.15  1075.67   147.46  1080.20   151.16  1076.97   147.45
   25.00  1081.69   154.38  1075.88   147.70  1080.40   151.39  1077.17   147.68
   26.00  1081.90   154.62  1076.09   147.94  1080.60   151.62  1077.38   147.92
   27.00  1082.11   154.86  1076.31   148.19  1080.82   151.87  1077.60   148.18
   28.00  1082.33   155.12  1076.54   148.46  1081.04   152.13  1077.83   148.44
   29.00  1082.56   155.39  1076.78   148.73  1081.27   152.39  1078.07   148.71
   30.00  1082.80   155.66  1077.02   149.01  1081.51   152.67  1078.31   148.99
   31.00  1083.05   155.95  1077.27   149.30  1081.76   152.95  1078.57   149.28
   32.00  1083.30   156.24  1077.54   149.60  1082.01   153.24  1078.83   149.58
   33.00  1083.56   156.54  1077.80   149.91  1082.27   153.54  1079.10   149.89
   34.00  1083.83   156.85  1078.08   150.22  1082.54   153.85  1079.37   150.21
   35.00  1084.11   157.17  1078.36   150.55  1082.82   154.17  1079.66   150.54
   36.00  1084.39   157.50  1078.66   150.89  1083.10   154.50  1079.95   150.87
   37.00  1084.68   157.84  1078.96   151.23  1083.39   154.84  1080.25   151.22
   38.00  1084.98   158.18  1079.26   151.59  1083.69   155.18  1080.56   151.57
   39.00  1085.29   158.54  1079.58   151.95  1084.00   155.53  1080.87   151.93
   40.00  1085.61   158.90  1079.90   152.32  1084.31   155.90  1081.19   152.30
   41.00  1085.93   159.27  1080.23   152.70  1084.64   156.27  1081.53   152.68
   42.00  1086.26   159.65  1080.57   153.09  1084.96   156.65  1081.86   153.07
   43.00  1086.59   160.04  1080.92   153.49  1085.30   157.04  1082.21   153.47
   44.00  1086.94   160.44  1081.27   153.89  1085.64   157.43  1082.56   153.88
   45.00  1087.29   160.85  1081.63   154.31  1086.00   157.84  1082.92   154.29
   46.00  1087.65   161.26  1082.00   154.73  1086.35   158.26  1083.29   154.72
   47.00  1088.01   161.69  1082.37   155.17  1086.72   158.68  1083.67   155.15
   48.00  1088.38   162.12  1082.76   155.61  1087.09   159.11  1084.05   155.59
   49.00  1088.76   162.56  1083.15   156.06  1087.47   159.55  1084.44   156.04
   50.00  1089.15   163.01  1083.54   156.52  1087.86   160.00  1084.83   156.50
   51.00  1089.54   163.47  1083.95   156.98  1088.25   160.45  1085.24   156.97
   52.00  1089.95   163.93  1084.36   157.46  1088.65   160.92  1085.65   157.44
   53.00  1090.35   164.41  1084.78   157.94  1089.06   161.39  1086.07   157.92
   54.00  1090.77   164.89  1085.20   158.43  1089.48   161.87  1086.49   158.42
   55.00  1091.19   165.38  1085.63   158.93  1089.90   162.36  1086.93   158.92
   56.00  1091.62   165.88  1086.07   159.44  1090.33   162.86  1087.36   159.42
   57.00  1092.05   166.38  1086.52   159.96  1090.76   163.36  1087.81   159.94
   58.00  1092.50   166.90  1086.97   160.48  1091.20   163.88  1088.26   160.47
   59.00  1092.94   167.42  1087.43   161.02  1091.65   164.40  1088.72   161.00
   60.00  1093.40   167.95  1087.90   161.56  1092.11   164.93  1089.19   161.54
   61.00  1093.86   168.49  1088.37   162.11  1092.57   165.46  1089.66   162.09
   62.00  1094.33   169.04  1088.85   162.66  1093.04   166.01  1090.14   162.64
   63.00  1094.81   169.59  1089.34   163.23  1093.51   166.56  1090.63   163.21
   64.00  1095.29   170.15  1089.83   163.80  1094.00   167.12  1091.12   163.78
   65.00  1095.77   170.72  1090.33   164.38  1094.48   167.69  1091.62   164.36
   66.00  1096.27   171.30  1090.84   164.97  1094.98   168.27  1092.13   164.95
   67.00  1096.77   171.88  1091.35   165.57  1095.48   168.85  1092.64   165.55
   68.00  1097.28   172.48  1091.87   166.17  1095.99   169.44  1093.16   166.15
   69.00  1097.79   173.08  1092.40   166.78  1096.50   170.04  1093.69   166.76
   70.00  1098.31   173.69  1092.93   167.40  1097.02   170.65  1094.22   167.38
   71.00  1098.84   174.30  1093.47   168.03  1097.55   171.26  1094.76   168.01
   72.00  1099.37   174.92  1094.01   168.66  1098.08   171.88  1095.30   168.64
   73.00  1099.91   175.55  1094.56   169.30  1098.62   172.51  1095.85   169.28
   74.00  1100.45   176.19  1095.12   169.95  1099.16   173.15  1096.41   169.93
   75.00  1101.00   176.84  1095.68   170.61  1099.71   173.79  1096.97   170.59

