E =  160.000 MeV, Wght = 1.00, Syst = 0.05
     5.0   -0.0990    0.1710
    15.0   -0.0060    0.0960
    25.0   -0.0160    0.0750
    35.0   -0.0380    0.0640
    45.0   -0.0140    0.0570
    55.0   -0.0370    0.0540
    65.0   -0.0630    0.0520
    75.0   -0.0250    0.0490
    85.0    0.0700    0.0500
    95.0    0.0850    0.0490
   105.0   -0.0370    0.0500
   115.0   -0.0430    0.0510
   125.0   -0.0700    0.0540
   135.0    0.0270    0.0570
   145.0   -0.0260    0.0640
   155.0   -0.1600    0.0730
   165.0    0.1950    0.0920
   175.0   -0.1070    0.1630
------------------------------------------
E =  170.000 MeV, Wght = 1.00, Syst = 0.05
     5.0   -0.1500    0.1430
    15.0    0.0030    0.0790
    25.0    0.0140    0.0640
    35.0   -0.0360    0.0540
    45.0   -0.0730    0.0490
    55.0    0.1120    0.0460
    65.0   -0.0200    0.0430
    75.0    0.0640    0.0420
    85.0    0.0370    0.0410
    95.0   -0.0550    0.0410
   105.0    0.0740    0.0410
   115.0    0.0260    0.0430
   125.0    0.0190    0.0440
   135.0    0.0590    0.0480
   145.0   -0.0910    0.0520
   155.0    0.1120    0.0620
   165.0    0.0590    0.0810
   175.0    0.0110    0.1370
------------------------------------------
E =  180.000 MeV, Wght = 1.00, Syst = 0.05
     5.0   -0.1320    0.2140
    15.0    0.0070    0.1130
    25.0    0.1120    0.0910
    35.0   -0.0730    0.0790
    45.0    0.0660    0.0710
    55.0    0.1140    0.0660
    65.0   -0.0920    0.0620
    75.0    0.0570    0.0590
    85.0   -0.0780    0.0580
    95.0    0.1280    0.0580
   105.0   -0.0250    0.0570
   115.0   -0.0380    0.0600
   125.0   -0.0160    0.0620
   135.0   -0.0040    0.0670
   145.0   -0.0480    0.0740
   155.0    0.0580    0.0860
   165.0   -0.1060    0.1070
   175.0    0.0090    0.1850
------------------------------------------
E =  190.000 MeV, Wght = 1.00, Syst = 0.05
     5.0   -0.2920    0.1940
    15.0   -0.0780    0.1160
    25.0   -0.0690    0.0930
    35.0    0.0550    0.0810
    45.0   -0.0220    0.0710
    55.0   -0.0660    0.0640
    65.0   -0.0260    0.0620
    75.0   -0.0320    0.0570
    85.0   -0.0460    0.0550
    95.0    0.0130    0.0550
   105.0   -0.0740    0.0540
   115.0   -0.0280    0.0560
   125.0   -0.0350    0.0580
   135.0   -0.0300    0.0640
   145.0   -0.0620    0.0700
   155.0    0.1150    0.0830
   165.0    0.0980    0.1090
   175.0   -0.1650    0.1820
------------------------------------------
E =  200.000 MeV, Wght = 1.00, Syst = 0.05
     5.0    0.3050    0.2100
    15.0    0.0830    0.1170
    25.0   -0.0690    0.0880
    35.0    0.0030    0.0800
    45.0   -0.0710    0.0700
    55.0   -0.1060    0.0640
    65.0   -0.0400    0.0600
    75.0   -0.0600    0.0560
    85.0   -0.0940    0.0540
    95.0    0.0090    0.0520
   105.0   -0.0160    0.0520
   115.0   -0.0020    0.0530
   125.0    0.0450    0.0560
   135.0   -0.0020    0.0610
   145.0    0.0730    0.0680
   155.0    0.0300    0.0800
   165.0   -0.0670    0.1090
   175.0   -0.3620    0.1690
------------------------------------------
E =  210.000 MeV, Wght = 1.00, Syst = 0.05
     5.0   -0.0930    0.2140
    15.0   -0.0280    0.1250
    25.0   -0.0390    0.0930
    35.0   -0.0920    0.0800
    45.0    0.0000    0.0690
    55.0    0.0550    0.0640
    65.0   -0.1900    0.0570
    75.0    0.0060    0.0540
    85.0   -0.0260    0.0500
    95.0   -0.0400    0.0490
   105.0   -0.0290    0.0500
   115.0    0.0030    0.0520
   125.0   -0.0770    0.0550
   135.0   -0.0870    0.0580
   145.0    0.0930    0.0660
   155.0    0.0820    0.0770
   165.0    0.0340    0.1020
   175.0    0.0140    0.1750
------------------------------------------
E =  220.000 MeV, Wght = 1.00, Syst = 0.05
     5.0    0.1530    0.1910
    15.0   -0.0130    0.1190
    25.0    0.0160    0.0980
    35.0   -0.0590    0.0800
    45.0   -0.1400    0.0720
    55.0   -0.0820    0.0620
    65.0   -0.0390    0.0560
    75.0   -0.0360    0.0520
    85.0   -0.1160    0.0490
    95.0   -0.0770    0.0480
   105.0   -0.0640    0.0470
   115.0   -0.0520    0.0490
   125.0    0.0170    0.0520
   135.0    0.0210    0.0550
   145.0   -0.0400    0.0640
   155.0   -0.0140    0.0720
   165.0    0.0840    0.0970
   175.0    0.1250    0.1710
------------------------------------------
E =  230.000 MeV, Wght = 1.00, Syst = 0.05
     5.0   -0.0760    0.2140
    15.0   -0.0130    0.1270
    25.0   -0.2040    0.0980
    35.0   -0.2020    0.0850
    45.0   -0.1750    0.0720
    55.0   -0.1610    0.0620
    65.0   -0.0940    0.0550
    75.0   -0.1010    0.0500
    85.0   -0.0730    0.0470
    95.0   -0.0180    0.0460
   105.0   -0.0690    0.0460
   115.0   -0.0710    0.0460
   125.0    0.0270    0.0500
   135.0    0.0970    0.0540
   145.0    0.0510    0.0600
   155.0    0.0530    0.0700
   165.0   -0.0220    0.0930
   175.0   -0.0660    0.1650
------------------------------------------
E =  240.000 MeV, Wght = 1.00, Syst = 0.05
     5.0    0.1180    0.2960
    15.0   -0.0260    0.1650
    25.0   -0.1730    0.1320
    35.0   -0.0980    0.1090
    45.0   -0.1200    0.0870
    55.0   -0.2280    0.0760
    65.0   -0.1820    0.0660
    75.0   -0.1500    0.0600
    85.0   -0.1540    0.0580
    95.0   -0.1020    0.0540
   105.0   -0.0440    0.0550
   115.0   -0.1040    0.0560
   125.0   -0.0720    0.0600
   135.0    0.0980    0.0650
   145.0    0.0550    0.0720
   155.0   -0.1410    0.0870
   165.0    0.0130    0.1140
   175.0    0.3340    0.1950
------------------------------------------
E =  250.000 MeV, Wght = 1.00, Syst = 0.05
     5.0    0.1650    0.3260
    15.0   -0.0110    0.1790
    25.0   -0.2060    0.1380
    35.0   -0.2500    0.1060
    45.0   -0.2690    0.0860
    55.0   -0.1870    0.0700
    65.0   -0.2370    0.0630
    75.0   -0.2090    0.0570
    85.0   -0.0780    0.0540
    95.0   -0.2390    0.0520
   105.0   -0.1860    0.0530
   115.0   -0.1010    0.0540
   125.0   -0.0810    0.0560
   135.0   -0.0500    0.0630
   145.0    0.0050    0.0700
   155.0    0.0010    0.0810
   165.0   -0.0200    0.1020
   175.0    0.2250    0.1850
------------------------------------------
E =  260.000 MeV, Wght = 1.00, Syst = 0.05
     5.0    0.2560    0.3730
    15.0   -0.2420    0.2030
    25.0   -0.2230    0.1340
    35.0   -0.3560    0.1080
    45.0   -0.3740    0.0840
    55.0   -0.2260    0.0700
    65.0   -0.4220    0.0590
    75.0   -0.2940    0.0550
    85.0   -0.2170    0.0520
    95.0   -0.1460    0.0500
   105.0   -0.2010    0.0500
   115.0   -0.1290    0.0510
   125.0   -0.1470    0.0540
   135.0   -0.0100    0.0600
   145.0   -0.1970    0.0680
   155.0    0.0540    0.0780
   165.0   -0.0790    0.1020
   175.0   -0.0690    0.1790
------------------------------------------
E =  270.000 MeV, Wght = 1.00, Syst = 0.05
     5.0    0.0910    0.3450
    15.0   -0.2040    0.1840
    25.0   -0.3750    0.1340
    35.0   -0.5910    0.1020
    45.0   -0.5100    0.0800
    55.0   -0.3810    0.0670
    65.0   -0.3790    0.0570
    75.0   -0.2740    0.0520
    85.0   -0.2030    0.0480
    95.0   -0.2320    0.0470
   105.0   -0.1990    0.0470
   115.0   -0.0800    0.0490
   125.0   -0.1400    0.0530
   135.0   -0.1050    0.0570
   145.0   -0.0560    0.0670
   155.0   -0.0350    0.0750
   165.0    0.0640    0.0990
   175.0    0.0450    0.1750
------------------------------------------
E =  280.000 MeV, Wght = 1.00, Syst = 0.05
     5.0   -0.3940    0.3330
    15.0   -0.4200    0.1760
    25.0   -0.7100    0.1370
    35.0   -0.5320    0.0990
    45.0   -0.4580    0.0740
    55.0   -0.3760    0.0620
    65.0   -0.4210    0.0550
    75.0   -0.2400    0.0490
    85.0   -0.2470    0.0460
    95.0   -0.2180    0.0460
   105.0   -0.3010    0.0460
   115.0   -0.1700    0.0470
   125.0   -0.1720    0.0500
   135.0   -0.1480    0.0540
   145.0   -0.1260    0.0640
   155.0   -0.0950    0.0740
   165.0    0.1140    0.1000
   175.0   -0.0400    0.1670
------------------------------------------
E =  290.000 MeV, Wght = 1.00, Syst = 0.05
     5.0    0.3340    0.3190
    15.0   -0.2590    0.1650
    25.0   -0.5180    0.1270
    35.0   -0.6330    0.0900
    45.0   -0.6190    0.0720
    55.0   -0.6240    0.0590
    65.0   -0.4460    0.0530
    75.0   -0.3800    0.0470
    85.0   -0.3100    0.0450
    95.0   -0.3040    0.0440
   105.0   -0.1690    0.0440
   115.0   -0.1080    0.0450
   125.0   -0.1430    0.0480
   135.0   -0.1520    0.0550
   145.0   -0.0520    0.0610
   155.0   -0.1530    0.0740
   165.0   -0.0630    0.0960
   175.0    0.2790    0.1750
------------------------------------------
E =  300.000 MeV, Wght = 1.00, Syst = 0.05
     5.0   -0.5100    0.3020
    15.0   -0.3740    0.1640
    25.0   -0.5040    0.1290
    35.0   -0.7130    0.1000
    45.0   -0.7240    0.0810
    55.0   -0.4120    0.0640
    65.0   -0.5400    0.0560
    75.0   -0.3520    0.0520
    85.0   -0.3230    0.0490
    95.0   -0.2810    0.0480
   105.0   -0.2490    0.0490
   115.0   -0.2290    0.0500
   125.0   -0.1650    0.0530
   135.0   -0.1560    0.0580
   145.0   -0.1360    0.0670
   155.0   -0.0920    0.0820
   165.0   -0.1920    0.1060
   175.0   -0.1570    0.1790
------------------------------------------
E =  310.000 MeV, Wght = 1.00, Syst = 0.05
     5.0    0.2810    0.2600
    15.0   -0.0920    0.1400
    25.0   -0.6510    0.1160
    35.0   -0.7220    0.0930
    45.0   -0.6400    0.0740
    55.0   -0.5410    0.0610
    65.0   -0.4930    0.0560
    75.0   -0.4170    0.0510
    85.0   -0.3140    0.0490
    95.0   -0.2660    0.0480
   105.0   -0.3160    0.0480
   115.0   -0.2570    0.0500
   125.0   -0.1980    0.0530
   135.0   -0.2420    0.0590
   145.0   -0.1600    0.0690
   155.0   -0.2090    0.0840
   165.0   -0.1560    0.1050
   175.0    0.2640    0.2060
------------------------------------------
E =  320.000 MeV, Wght = 1.00, Syst = 0.05
     5.0   -0.4280    0.2280
    15.0   -0.3320    0.1330
    25.0   -0.5720    0.1100
    35.0   -0.6820    0.0870
    45.0   -0.5740    0.0720
    55.0   -0.5740    0.0630
    65.0   -0.5020    0.0540
    75.0   -0.3740    0.0510
    85.0   -0.3230    0.0490
    95.0   -0.2870    0.0480
   105.0   -0.2670    0.0490
   115.0   -0.3240    0.0520
   125.0   -0.1450    0.0540
   135.0   -0.0910    0.0600
   145.0   -0.0930    0.0690
   155.0    0.0260    0.0830
   165.0   -0.0930    0.1100
   175.0   -0.0160    0.2010
------------------------------------------
E =  330.000 MeV, Wght = 1.00, Syst = 0.05
     5.0   -0.1160    0.2160
    15.0   -0.3250    0.1260
    25.0   -0.6700    0.1040
    35.0   -0.6160    0.0870
    45.0   -0.5370    0.0700
    55.0   -0.6140    0.0640
    65.0   -0.4580    0.0560
    75.0   -0.4010    0.0520
    85.0   -0.3020    0.0500
    95.0   -0.2820    0.0500
   105.0   -0.2430    0.0520
   115.0   -0.1820    0.0540
   125.0   -0.0170    0.0570
   135.0   -0.2160    0.0650
   145.0   -0.1600    0.0770
   155.0   -0.0940    0.0890
   165.0   -0.0830    0.1150
   175.0    0.2180    0.2050
------------------------------------------
E =  340.000 MeV, Wght = 1.00, Syst = 0.05
     5.0    0.0250    0.1920
    15.0   -0.4290    0.1180
    25.0   -0.5700    0.0970
    35.0   -0.7040    0.0840
    45.0   -0.6210    0.0730
    55.0   -0.5180    0.0650
    65.0   -0.5460    0.0590
    75.0   -0.2330    0.0550
    85.0   -0.3130    0.0530
    95.0   -0.3110    0.0530
   105.0   -0.1990    0.0540
   115.0   -0.2070    0.0560
   125.0   -0.1760    0.0630
   135.0   -0.2670    0.0670
   145.0   -0.1900    0.0800
   155.0   -0.1060    0.0970
   165.0   -0.0990    0.1310
   175.0   -0.0090    0.2360
------------------------------------------
E =  350.000 MeV, Wght = 1.00, Syst = 0.05
     5.0   -0.2850    0.1850
    15.0   -0.1600    0.1120
    25.0   -0.5560    0.0950
    35.0   -0.6580    0.0830
    45.0   -0.5690    0.0730
    55.0   -0.6160    0.0650
    65.0   -0.4650    0.0610
    75.0   -0.3130    0.0560
    85.0   -0.2730    0.0550
    95.0   -0.3940    0.0540
   105.0   -0.3110    0.0570
   115.0   -0.3590    0.0610
   125.0   -0.1270    0.0650
   135.0   -0.1840    0.0750
   145.0   -0.1300    0.0860
   155.0   -0.0940    0.1040
   165.0    0.0910    0.1340
   175.0    0.1690    0.2350
------------------------------------------
E =  360.000 MeV, Wght = 1.00, Syst = 0.05
     5.0   -0.0020    0.1420
    15.0   -0.1350    0.0850
    25.0   -0.3250    0.0750
    35.0   -0.5000    0.0690
    45.0   -0.5690    0.0600
    55.0   -0.4900    0.0540
    65.0   -0.3600    0.0500
    75.0   -0.2140    0.0480
    85.0   -0.2270    0.0470
    95.0   -0.2100    0.0480
   105.0   -0.2060    0.0500
   115.0   -0.2140    0.0520
   125.0   -0.2580    0.0560
   135.0   -0.1400    0.0650
   145.0   -0.1230    0.0750
   155.0   -0.1140    0.0880
   165.0   -0.0370    0.1220
   175.0   -0.1930    0.2060
------------------------------------------
E =  370.000 MeV, Wght = 1.00, Syst = 0.05
     5.0    0.0930    0.1400
    15.0   -0.2980    0.0900
    25.0   -0.3890    0.0750
    35.0   -0.4100    0.0660
    45.0   -0.5250    0.0610
    55.0   -0.4660    0.0560
    65.0   -0.4160    0.0530
    75.0   -0.3080    0.0510
    85.0   -0.2840    0.0490
    95.0   -0.2450    0.0510
   105.0   -0.1590    0.0530
   115.0   -0.1520    0.0550
   125.0   -0.0740    0.0610
   135.0   -0.1700    0.0700
   145.0   -0.1430    0.0800
   155.0   -0.1230    0.0970
   165.0   -0.0570    0.1290
   175.0   -0.0880    0.2400
------------------------------------------
E =  380.000 MeV, Wght = 1.00, Syst = 0.05
     5.0   -0.1390    0.1340
    15.0   -0.1650    0.0850
    25.0   -0.4580    0.0750
    35.0   -0.6230    0.0680
    45.0   -0.5540    0.0640
    55.0   -0.3050    0.0570
    65.0   -0.3830    0.0550
    75.0   -0.2830    0.0530
    85.0   -0.2770    0.0530
    95.0   -0.1750    0.0540
   105.0   -0.1810    0.0560
   115.0   -0.2700    0.0620
   125.0   -0.1780    0.0660
   135.0   -0.2120    0.0760
   145.0   -0.0600    0.0840
   155.0   -0.1200    0.1050
   165.0    0.0470    0.1390
   175.0   -0.2670    0.2340
------------------------------------------
E =  390.000 MeV, Wght = 1.00, Syst = 0.05
     5.0   -0.0100    0.1330
    15.0   -0.2510    0.0870
    25.0   -0.3920    0.0750
    35.0   -0.3920    0.0700
    45.0   -0.4270    0.0630
    55.0   -0.4130    0.0590
    65.0   -0.3390    0.0560
    75.0   -0.2790    0.0540
    85.0   -0.2320    0.0550
    95.0   -0.1880    0.0560
   105.0   -0.2290    0.0600
   115.0   -0.3000    0.0640
   125.0   -0.2130    0.0700
   135.0   -0.3440    0.0810
   145.0   -0.2250    0.0940
   155.0    0.1060    0.1150
   165.0   -0.0210    0.1470
   175.0    0.3260    0.2730
------------------------------------------
E =  400.000 MeV, Wght = 1.00, Syst = 0.05
     5.0    0.0660    0.1310
    15.0   -0.1420    0.0840
    25.0   -0.2740    0.0790
    35.0   -0.2750    0.0700
    45.0   -0.4230    0.0650
    55.0   -0.3080    0.0610
    65.0   -0.3120    0.0590
    75.0   -0.1380    0.0580
    85.0   -0.2930    0.0600
    95.0   -0.2220    0.0610
   105.0   -0.2720    0.0620
   115.0   -0.1430    0.0670
   125.0   -0.1920    0.0750
   135.0   -0.2070    0.0850
   145.0   -0.2070    0.1020
   155.0   -0.0050    0.1160
   165.0   -0.0660    0.1630
   175.0    0.1210    0.2770
------------------------------------------
E =  410.000 MeV, Wght = 1.00, Syst = 0.05
     5.0    0.1250    0.1330
    15.0   -0.2400    0.0860
    25.0   -0.3620    0.0790
    35.0   -0.4080    0.0730
    45.0   -0.3630    0.0670
    55.0   -0.3370    0.0640
    65.0   -0.3060    0.0590
    75.0   -0.2340    0.0600
    85.0   -0.1120    0.0590
    95.0   -0.1340    0.0620
   105.0   -0.1870    0.0670
   115.0   -0.0260    0.0720
   125.0   -0.1540    0.0800
   135.0   -0.1890    0.0890
   145.0   -0.1260    0.1080
   155.0   -0.0120    0.1300
   165.0   -0.0420    0.1610
   175.0   -0.1640    0.3010
------------------------------------------
E =  420.000 MeV, Wght = 1.00, Syst = 0.05
     5.0    0.0190    0.1140
    15.0   -0.1570    0.0730
    25.0   -0.1430    0.0670
    35.0   -0.3610    0.0620
    45.0   -0.3680    0.0580
    55.0   -0.3260    0.0540
    65.0   -0.2110    0.0510
    75.0   -0.2020    0.0510
    85.0   -0.1350    0.0520
    95.0   -0.1160    0.0560
   105.0   -0.1510    0.0570
   115.0   -0.0460    0.0640
   125.0   -0.0130    0.0690
   135.0   -0.1470    0.0800
   145.0   -0.1120    0.0940
   155.0   -0.2140    0.1090
   165.0   -0.2680    0.1400
   175.0   -0.2060    0.2500
------------------------------------------
E =  430.000 MeV, Wght = 1.00, Syst = 0.05
     5.0   -0.1220    0.1110
    15.0   -0.0290    0.0750
    25.0   -0.2500    0.0680
    35.0   -0.2700    0.0620
    45.0   -0.3480    0.0570
    55.0   -0.3040    0.0540
    65.0   -0.2910    0.0510
    75.0   -0.1440    0.0520
    85.0   -0.0920    0.0540
    95.0   -0.1400    0.0570
   105.0   -0.0870    0.0600
   115.0   -0.1950    0.0650
   125.0   -0.1910    0.0730
   135.0   -0.1190    0.0810
   145.0    0.0430    0.0950
   155.0    0.0110    0.1150
   165.0   -0.1900    0.1620
   175.0   -0.2470    0.2660
------------------------------------------
E =  440.000 MeV, Wght = 1.00, Syst = 0.05
     5.0   -0.1460    0.1140
    15.0   -0.2900    0.0770
    25.0   -0.2360    0.0690
    35.0   -0.2960    0.0630
    45.0   -0.2800    0.0580
    55.0   -0.2020    0.0550
    65.0   -0.2090    0.0520
    75.0   -0.1250    0.0520
    85.0   -0.0900    0.0540
    95.0   -0.1200    0.0560
   105.0   -0.0100    0.0620
   115.0   -0.0250    0.0690
   125.0   -0.0790    0.0760
   135.0   -0.1060    0.0860
   145.0   -0.2020    0.1020
   155.0   -0.0240    0.1110
   165.0    0.0190    0.1500
   175.0   -0.0710    0.2710
------------------------------------------
E =  450.000 MeV, Wght = 1.00, Syst = 0.05
     5.0    0.2310    0.1150
    15.0   -0.2210    0.0740
    25.0   -0.2530    0.0700
    35.0   -0.4050    0.0640
    45.0   -0.2990    0.0590
    55.0   -0.2530    0.0550
    65.0   -0.1450    0.0520
    75.0   -0.1850    0.0550
    85.0   -0.1480    0.0560
    95.0   -0.1430    0.0590
   105.0    0.0010    0.0640
   115.0   -0.1080    0.0700
   125.0   -0.0190    0.0780
   135.0   -0.0610    0.0870
   145.0    0.0120    0.0990
   155.0   -0.0290    0.1140
   165.0    0.2160    0.1570
   175.0    0.0100    0.2960
------------------------------------------
E =  460.000 MeV, Wght = 1.00, Syst = 0.05
     5.0   -0.0970    0.1160
    15.0   -0.0600    0.0760
    25.0   -0.2410    0.0720
    35.0   -0.2730    0.0640
    45.0   -0.3230    0.0600
    55.0   -0.2390    0.0570
    65.0   -0.2170    0.0550
    75.0   -0.1560    0.0550
    85.0   -0.0950    0.0560
    95.0   -0.0070    0.0610
   105.0   -0.0840    0.0680
   115.0   -0.0320    0.0720
   125.0   -0.0390    0.0790
   135.0   -0.1700    0.0890
   145.0   -0.1150    0.1030
   155.0    0.0730    0.1200
   165.0   -0.1050    0.1580
   175.0   -0.0590    0.3200
------------------------------------------
E =  470.000 MeV, Wght = 1.00, Syst = 0.05
     5.0    0.0400    0.1170
    15.0   -0.1500    0.0780
    25.0   -0.2580    0.0700
    35.0   -0.3000    0.0650
    45.0   -0.2690    0.0600
    55.0   -0.2030    0.0560
    65.0   -0.1690    0.0550
    75.0   -0.1980    0.0560
    85.0   -0.1110    0.0570
    95.0   -0.0980    0.0600
   105.0   -0.0430    0.0670
   115.0   -0.0960    0.0730
   125.0   -0.0070    0.0800
   135.0   -0.1050    0.0870
   145.0    0.0510    0.1050
   155.0    0.0690    0.1210
   165.0    0.2310    0.1510
   175.0    0.2340    0.3070
------------------------------------------
E =  480.000 MeV, Wght = 1.00, Syst = 0.05
     5.0   -0.1030    0.1110
    15.0   -0.2210    0.0760
    25.0   -0.1700    0.0680
    35.0   -0.2880    0.0620
    45.0   -0.3550    0.0570
    55.0   -0.1850    0.0530
    65.0   -0.0970    0.0530
    75.0   -0.1310    0.0520
    85.0   -0.1280    0.0550
    95.0   -0.1110    0.0570
   105.0   -0.0470    0.0650
   115.0   -0.1110    0.0690
   125.0   -0.0750    0.0740
   135.0   -0.0000    0.0870
   145.0    0.0670    0.0960
   155.0   -0.0260    0.1100
   165.0   -0.1130    0.1450
   175.0    0.0030    0.2650
------------------------------------------
E =  490.000 MeV, Wght = 1.00, Syst = 0.05
     5.0    0.0030    0.1100
    15.0   -0.1590    0.0760
    25.0   -0.2080    0.0680
    35.0   -0.1530    0.0630
    45.0   -0.2910    0.0570
    55.0   -0.1700    0.0540
    65.0   -0.2240    0.0530
    75.0   -0.1960    0.0530
    85.0    0.0000    0.0540
    95.0   -0.0180    0.0580
   105.0   -0.0690    0.0630
   115.0   -0.1210    0.0670
   125.0   -0.1160    0.0750
   135.0   -0.0590    0.0840
   145.0   -0.0620    0.0980
   155.0   -0.2130    0.1130
   165.0   -0.1810    0.1450
   175.0   -0.1150    0.2850
------------------------------------------
E =  500.000 MeV, Wght = 1.00, Syst = 0.05
     5.0   -0.1790    0.1080
    15.0   -0.1540    0.0750
    25.0   -0.1720    0.0690
    35.0   -0.2520    0.0620
    45.0   -0.2870    0.0570
    55.0   -0.1580    0.0540
    65.0   -0.1520    0.0520
    75.0   -0.0950    0.0520
    85.0   -0.0920    0.0540
    95.0   -0.0410    0.0570
   105.0   -0.0450    0.0630
   115.0    0.0200    0.0700
   125.0   -0.1050    0.0770
   135.0    0.0050    0.0850
   145.0    0.0750    0.0970
   155.0   -0.0410    0.1130
   165.0    0.1390    0.1500
   175.0    0.0280    0.2410
------------------------------------------
E =  510.000 MeV, Wght = 1.00, Syst = 0.05
     5.0   -0.1280    0.1080
    15.0   -0.1680    0.0780
    25.0   -0.2570    0.0670
    35.0   -0.3230    0.0620
    45.0   -0.1750    0.0570
    55.0   -0.1900    0.0540
    65.0   -0.1560    0.0530
    75.0   -0.0240    0.0530
    85.0   -0.0070    0.0550
    95.0   -0.0650    0.0580
   105.0   -0.1530    0.0620
   115.0   -0.0060    0.0690
   125.0   -0.1800    0.0800
   135.0    0.1160    0.0880
   145.0   -0.1340    0.1000
   155.0   -0.0190    0.1190
   165.0   -0.0720    0.1440
   175.0   -0.0830    0.2360
------------------------------------------
E =  520.000 MeV, Wght = 1.00, Syst = 0.05
     5.0   -0.0630    0.1130
    15.0   -0.1360    0.0770
    25.0   -0.2230    0.0680
    35.0   -0.3710    0.0630
    45.0   -0.2400    0.0580
    55.0   -0.1750    0.0540
    65.0   -0.0900    0.0520
    75.0   -0.1800    0.0530
    85.0   -0.0980    0.0560
    95.0   -0.0090    0.0590
   105.0   -0.0570    0.0630
   115.0   -0.1210    0.0720
   125.0   -0.0660    0.0790
   135.0   -0.0930    0.0840
   145.0    0.0970    0.0990
   155.0   -0.0320    0.1170
   165.0    0.1500    0.1490
   175.0    0.2080    0.2890
------------------------------------------
E =  530.000 MeV, Wght = 1.00, Syst = 0.05
     5.0   -0.1610    0.1120
    15.0   -0.1790    0.0760
    25.0   -0.2630    0.0690
    35.0   -0.2800    0.0620
    45.0   -0.3630    0.0580
    55.0   -0.2070    0.0540
    65.0   -0.1980    0.0530
    75.0   -0.0950    0.0530
    85.0   -0.1520    0.0550
    95.0   -0.0410    0.0600
   105.0   -0.1290    0.0660
   115.0   -0.1160    0.0720
   125.0   -0.1320    0.0780
   135.0    0.0550    0.0880
   145.0   -0.0570    0.0990
   155.0    0.0770    0.1110
   165.0   -0.1400    0.1520
   175.0    0.4280    0.2710
------------------------------------------
E =  540.000 MeV, Wght = 1.00, Syst = 0.05
     5.0    0.0400    0.1110
    15.0   -0.0370    0.0770
    25.0   -0.2620    0.0680
    35.0   -0.2580    0.0610
    45.0   -0.2960    0.0560
    55.0   -0.2770    0.0540
    65.0   -0.1420    0.0510
    75.0   -0.1370    0.0520
    85.0   -0.1060    0.0540
    95.0   -0.0790    0.0600
   105.0    0.0500    0.0630
   115.0    0.0180    0.0740
   125.0    0.0340    0.0780
   135.0   -0.0900    0.0870
   145.0   -0.0050    0.0940
   155.0    0.0440    0.1140
   165.0   -0.0240    0.1420
   175.0   -0.2520    0.2680
------------------------------------------
E =  550.000 MeV, Wght = 1.00, Syst = 0.05
     5.0    0.1120    0.1130
    15.0   -0.1980    0.0760
    25.0   -0.1870    0.0680
    35.0   -0.2100    0.0620
    45.0   -0.2570    0.0560
    55.0   -0.2510    0.0530
    65.0   -0.1320    0.0520
    75.0   -0.1260    0.0530
    85.0   -0.1000    0.0570
    95.0   -0.1800    0.0600
   105.0   -0.0110    0.0640
   115.0   -0.1640    0.0690
   125.0   -0.0450    0.0790
   135.0    0.1570    0.0890
   145.0   -0.1110    0.0990
   155.0    0.0750    0.1140
   165.0   -0.3050    0.1560
   175.0   -0.0300    0.2400
------------------------------------------
E =  560.000 MeV, Wght = 1.00, Syst = 0.05
     5.0    0.0290    0.1120
    15.0   -0.1800    0.0730
    25.0   -0.3780    0.0670
    35.0   -0.1720    0.0600
    45.0   -0.1960    0.0560
    55.0   -0.0810    0.0530
    65.0   -0.2900    0.0510
    75.0   -0.1800    0.0520
    85.0   -0.0890    0.0540
    95.0   -0.0640    0.0600
   105.0    0.0010    0.0650
   115.0   -0.0640    0.0710
   125.0   -0.0070    0.0800
   135.0   -0.0020    0.0870
   145.0   -0.0120    0.1020
   155.0    0.0130    0.1130
   165.0    0.2910    0.1540
   175.0    0.4890    0.2680
------------------------------------------
E =  570.000 MeV, Wght = 1.00, Syst = 0.05
     5.0   -0.1730    0.1110
    15.0   -0.2100    0.0770
    25.0   -0.2410    0.0670
    35.0   -0.2580    0.0610
    45.0   -0.2050    0.0560
    55.0   -0.1820    0.0530
    65.0   -0.1440    0.0500
    75.0   -0.1030    0.0520
    85.0   -0.1330    0.0550
    95.0   -0.0810    0.0600
   105.0   -0.0970    0.0650
   115.0   -0.0520    0.0740
   125.0   -0.0730    0.0800
   135.0    0.0170    0.0880
   145.0   -0.1000    0.1020
   155.0   -0.0540    0.1200
   165.0    0.1510    0.1460
   175.0    0.1940    0.2620
------------------------------------------
E =  580.000 MeV, Wght = 1.00, Syst = 0.05
     5.0   -0.0760    0.1130
    15.0    0.0080    0.0770
    25.0   -0.1120    0.0660
    35.0   -0.3610    0.0590
    45.0   -0.2180    0.0560
    55.0   -0.1760    0.0520
    65.0   -0.2130    0.0510
    75.0   -0.1700    0.0520
    85.0   -0.1170    0.0550
    95.0   -0.1290    0.0590
   105.0   -0.2870    0.0650
   115.0    0.0500    0.0730
   125.0   -0.0090    0.0770
   135.0   -0.0920    0.0870
   145.0    0.2380    0.1040
   155.0    0.1590    0.1250
   165.0   -0.1300    0.1530
   175.0    0.1950    0.3120
------------------------------------------
E =  590.000 MeV, Wght = 1.00, Syst = 0.05
     5.0    0.2250    0.1090
    15.0   -0.2790    0.0760
    25.0   -0.2700    0.0680
    35.0   -0.2220    0.0610
    45.0   -0.2710    0.0550
    55.0   -0.1800    0.0520
    65.0   -0.1010    0.0510
    75.0   -0.1080    0.0520
    85.0   -0.1500    0.0540
    95.0   -0.0640    0.0580
   105.0   -0.0480    0.0650
   115.0   -0.0660    0.0740
   125.0    0.0840    0.0820
   135.0   -0.0340    0.0890
   145.0    0.1250    0.1030
   155.0   -0.0040    0.1180
   165.0   -0.0720    0.1580
   175.0    0.0450    0.2540
------------------------------------------
E =  600.000 MeV, Wght = 1.00, Syst = 0.05
     5.0    0.0500    0.1150
    15.0   -0.2690    0.0780
    25.0   -0.1990    0.0690
    35.0   -0.2540    0.0610
    45.0   -0.1430    0.0560
    55.0   -0.1040    0.0510
    65.0   -0.1090    0.0520
    75.0   -0.1600    0.0520
    85.0   -0.1410    0.0580
    95.0   -0.0040    0.0610
   105.0   -0.0650    0.0650
   115.0   -0.0960    0.0750
   125.0    0.0810    0.0820
   135.0   -0.0730    0.0900
   145.0   -0.0200    0.1080
   155.0    0.0360    0.1220
   165.0    0.2610    0.1660
   175.0   -0.3730    0.2790
------------------------------------------
E =  610.000 MeV, Wght = 1.00, Syst = 0.05
     5.0   -0.1270    0.1110
    15.0   -0.1770    0.0780
    25.0   -0.2110    0.0690
    35.0   -0.2530    0.0610
    45.0   -0.1670    0.0550
    55.0   -0.1160    0.0530
    65.0   -0.0740    0.0510
    75.0   -0.0840    0.0520
    85.0   -0.0690    0.0550
    95.0    0.0310    0.0610
   105.0    0.0410    0.0650
   115.0   -0.0400    0.0730
   125.0    0.0540    0.0810
   135.0    0.0980    0.0950
   145.0   -0.0030    0.1100
   155.0   -0.0090    0.1310
   165.0   -0.1500    0.1570
   175.0    0.1880    0.2590
------------------------------------------
E =  620.000 MeV, Wght = 1.00, Syst = 0.05
     5.0   -0.0420    0.1100
    15.0   -0.0880    0.0770
    25.0   -0.2270    0.0690
    35.0   -0.1910    0.0610
    45.0   -0.1300    0.0550
    55.0   -0.0970    0.0510
    65.0   -0.0950    0.0510
    75.0   -0.0310    0.0520
    85.0   -0.0200    0.0540
    95.0   -0.0290    0.0610
   105.0    0.0800    0.0660
   115.0    0.1150    0.0730
   125.0   -0.0870    0.0830
   135.0    0.0300    0.0940
   145.0   -0.0900    0.1050
   155.0   -0.2110    0.1260
   165.0   -0.1190    0.1670
   175.0    0.1460    0.3090
------------------------------------------
E =  630.000 MeV, Wght = 1.00, Syst = 0.05
     5.0   -0.1210    0.1110
    15.0   -0.0850    0.0770
    25.0   -0.2320    0.0690
    35.0   -0.1160    0.0600
    45.0   -0.1430    0.0530
    55.0   -0.1400    0.0510
    65.0   -0.0290    0.0500
    75.0    0.0410    0.0520
    85.0    0.0430    0.0530
    95.0    0.0030    0.0590
   105.0   -0.0940    0.0630
   115.0    0.0320    0.0700
   125.0    0.1540    0.0790
   135.0    0.0160    0.0940
   145.0    0.0750    0.1100
   155.0    0.0240    0.1270
   165.0    0.3740    0.1620
   175.0    0.1130    0.3030
------------------------------------------
E =  640.000 MeV, Wght = 1.00, Syst = 0.05
     5.0    0.1340    0.1140
    15.0   -0.0060    0.0760
    25.0   -0.2540    0.0690
    35.0   -0.2420    0.0590
    45.0   -0.1790    0.0540
    55.0   -0.0990    0.0510
    65.0   -0.0700    0.0500
    75.0   -0.1260    0.0500
    85.0   -0.0680    0.0530
    95.0    0.1260    0.0590
   105.0    0.0370    0.0620
   115.0    0.0820    0.0700
   125.0    0.1870    0.0810
   135.0    0.2470    0.0920
   145.0   -0.0040    0.1090
   155.0   -0.0670    0.1210
   165.0    0.0060    0.1670
   175.0   -0.0560    0.3390
------------------------------------------
E =  650.000 MeV, Wght = 1.00, Syst = 0.05
     5.0    0.0420    0.1140
    15.0    0.0210    0.0770
    25.0   -0.1930    0.0680
    35.0   -0.1690    0.0600
    45.0   -0.1610    0.0540
    55.0   -0.0440    0.0500
    65.0   -0.1660    0.0490
    75.0   -0.0330    0.0500
    85.0   -0.0970    0.0510
    95.0   -0.0110    0.0580
   105.0    0.0730    0.0620
   115.0    0.0730    0.0700
   125.0    0.1440    0.0780
   135.0    0.2540    0.0930
   145.0   -0.0830    0.1040
   155.0    0.1090    0.1290
   165.0    0.2830    0.1630
   175.0    0.3650    0.3690
------------------------------------------
E =  660.000 MeV, Wght = 1.00, Syst = 0.05
     5.0   -0.0610    0.1220
    15.0    0.0570    0.0830
    25.0   -0.1430    0.0720
    35.0   -0.0510    0.0640
    45.0   -0.1450    0.0580
    55.0   -0.0880    0.0530
    65.0   -0.0790    0.0520
    75.0   -0.0750    0.0530
    85.0    0.0590    0.0560
    95.0    0.0590    0.0600
   105.0    0.1410    0.0670
   115.0    0.0650    0.0730
   125.0    0.1850    0.0820
   135.0    0.0660    0.0940
   145.0    0.0190    0.1090
   155.0    0.2680    0.1390
   165.0    0.1620    0.1840
   175.0   -0.0280    0.3410
------------------------------------------
E =  670.000 MeV, Wght = 1.00, Syst = 0.05
     5.0   -0.0770    0.1160
    15.0    0.1000    0.0850
    25.0   -0.1820    0.0700
    35.0   -0.1310    0.0620
    45.0   -0.0720    0.0550
    55.0   -0.0690    0.0520
    65.0   -0.0930    0.0510
    75.0   -0.0150    0.0520
    85.0    0.0760    0.0540
    95.0    0.1360    0.0590
   105.0    0.1350    0.0630
   115.0    0.1160    0.0700
   125.0    0.1520    0.0820
   135.0    0.0510    0.0930
   145.0    0.0820    0.1120
   155.0    0.1650    0.1300
   165.0   -0.1790    0.1670
   175.0    0.2240    0.3320
------------------------------------------
E =  680.000 MeV, Wght = 1.00, Syst = 0.05
     5.0   -0.2120    0.1190
    15.0   -0.1150    0.0810
    25.0   -0.0830    0.0720
    35.0   -0.1080    0.0640
    45.0   -0.1170    0.0550
    55.0   -0.0150    0.0520
    65.0    0.0500    0.0500
    75.0    0.0600    0.0510
    85.0    0.0610    0.0530
    95.0    0.0660    0.0580
   105.0    0.2390    0.0630
   115.0    0.1940    0.0700
   125.0    0.1900    0.0780
   135.0    0.0900    0.0900
   145.0    0.0820    0.1050
   155.0   -0.0360    0.1390
   165.0    0.1650    0.1770
   175.0    0.4550    0.3200
------------------------------------------
E =  690.000 MeV, Wght = 1.00, Syst = 0.05
     5.0   -0.0170    0.1180
    15.0   -0.2120    0.0830
    25.0   -0.0460    0.0720
    35.0   -0.1000    0.0610
    45.0   -0.0920    0.0540
    55.0    0.0640    0.0520
    65.0    0.0070    0.0500
    75.0   -0.0010    0.0490
    85.0    0.0870    0.0520
    95.0    0.2550    0.0560
   105.0    0.2290    0.0610
   115.0    0.2130    0.0690
   125.0    0.2170    0.0800
   135.0    0.3150    0.0860
   145.0    0.2080    0.1040
   155.0    0.2930    0.1290
   165.0    0.2510    0.1590
   175.0   -0.2690    0.3230
------------------------------------------
E =  700.000 MeV, Wght = 1.00, Syst = 0.05
     5.0   -0.0350    0.1210
    15.0    0.0300    0.0830
    25.0   -0.1950    0.0730
    35.0   -0.0140    0.0610
    45.0   -0.0260    0.0540
    55.0    0.0660    0.0500
    65.0   -0.0060    0.0500
    75.0    0.1060    0.0490
    85.0    0.1190    0.0520
    95.0    0.2170    0.0560
   105.0    0.1220    0.0620
   115.0    0.2970    0.0690
   125.0    0.3900    0.0780
   135.0    0.4780    0.0850
   145.0    0.2020    0.1000
   155.0   -0.1790    0.1210
   165.0    0.0220    0.1800
   175.0   -0.0470    0.2960
------------------------------------------
E =  710.000 MeV, Wght = 1.00, Syst = 0.05
     5.0    0.1690    0.1210
    15.0   -0.1620    0.0810
    25.0    0.0340    0.0710
    35.0    0.0130    0.0630
    45.0   -0.0410    0.0550
    55.0    0.0580    0.0520
    65.0    0.0500    0.0500
    75.0    0.0870    0.0490
    85.0    0.1280    0.0520
    95.0    0.1880    0.0560
   105.0    0.3350    0.0610
   115.0    0.3810    0.0670
   125.0    0.3500    0.0730
   135.0    0.2860    0.0860
   145.0    0.1330    0.0970
   155.0    0.1940    0.1230
   165.0   -0.1050    0.1600
   175.0   -0.3470    0.3460
------------------------------------------
E =  720.000 MeV, Wght = 1.00, Syst = 0.05
     5.0   -0.1270    0.1200
    15.0    0.0330    0.0850
    25.0   -0.0040    0.0720
    35.0    0.0100    0.0610
    45.0    0.0480    0.0530
    55.0    0.0150    0.0510
    65.0    0.1040    0.0490
    75.0    0.1210    0.0480
    85.0    0.2310    0.0500
    95.0    0.1720    0.0530
   105.0    0.3260    0.0570
   115.0    0.3250    0.0640
   125.0    0.3570    0.0720
   135.0    0.3710    0.0840
   145.0   -0.0150    0.0970
   155.0    0.1290    0.1190
   165.0    0.1730    0.1610
   175.0    0.0230    0.3190
------------------------------------------
E =  730.000 MeV, Wght = 1.00, Syst = 0.05
     5.0    0.0000    0.1240
    15.0    0.0380    0.0840
    25.0   -0.0410    0.0710
    35.0   -0.0430    0.0630
    45.0    0.0900    0.0540
    55.0    0.1030    0.0510
    65.0    0.0330    0.0490
    75.0    0.1950    0.0490
    85.0    0.2070    0.0510
    95.0    0.3390    0.0540
   105.0    0.3110    0.0580
   115.0    0.4970    0.0650
   125.0    0.4000    0.0710
   135.0    0.3380    0.0840
   145.0    0.3590    0.1000
   155.0    0.1940    0.1240
   165.0    0.2240    0.1700
   175.0    0.3220    0.3180
------------------------------------------
E =  740.000 MeV, Wght = 1.00, Syst = 0.05
     5.0    0.0320    0.1200
    15.0    0.0850    0.0860
    25.0   -0.0050    0.0750
    35.0   -0.0330    0.0630
    45.0    0.0110    0.0560
    55.0    0.0850    0.0510
    65.0    0.0870    0.0500
    75.0    0.1620    0.0500
    85.0    0.3000    0.0520
    95.0    0.3050    0.0540
   105.0    0.4400    0.0590
   115.0    0.5480    0.0630
   125.0    0.5320    0.0730
   135.0    0.5140    0.0850
   145.0    0.3590    0.1000
   155.0    0.4350    0.1260
   165.0   -0.1590    0.1730
   175.0   -0.1100    0.3210
------------------------------------------
E =  750.000 MeV, Wght = 1.00, Syst = 0.05
     5.0   -0.0540    0.1200
    15.0   -0.0300    0.0910
    25.0    0.0570    0.0770
    35.0   -0.0490    0.0650
    45.0   -0.0490    0.0570
    55.0    0.0410    0.0530
    65.0    0.2090    0.0510
    75.0    0.2610    0.0520
    85.0    0.3700    0.0530
    95.0    0.3980    0.0560
   105.0    0.4760    0.0600
   115.0    0.5250    0.0650
   125.0    0.5890    0.0740
   135.0    0.5520    0.0870
   145.0    0.4470    0.1060
   155.0    0.1050    0.1370
   165.0   -0.0860    0.1730
   175.0    0.0820    0.3290
------------------------------------------
E =  760.000 MeV, Wght = 1.00, Syst = 0.05
     5.0    0.0690    0.1260
    15.0    0.0860    0.0900
    25.0    0.1110    0.0760
    35.0    0.0960    0.0670
    45.0    0.1240    0.0590
    55.0    0.1490    0.0540
    65.0    0.1570    0.0540
    75.0    0.2720    0.0540
    85.0    0.3690    0.0560
    95.0    0.4830    0.0580
   105.0    0.6210    0.0620
   115.0    0.6760    0.0690
   125.0    0.6460    0.0780
   135.0    0.5770    0.0870
   145.0    0.5050    0.1080
   155.0    0.2800    0.1370
   165.0    0.0800    0.1830
   175.0   -0.4360    0.4190
------------------------------------------
E =  770.000 MeV, Wght = 1.00, Syst = 0.05
     5.0   -0.0390    0.1280
    15.0   -0.0780    0.0940
    25.0   -0.0360    0.0780
    35.0    0.0190    0.0670
    45.0    0.1060    0.0610
    55.0    0.0700    0.0580
    65.0    0.1090    0.0550
    75.0    0.2970    0.0570
    85.0    0.4140    0.0580
    95.0    0.5560    0.0620
   105.0    0.5850    0.0660
   115.0    0.6920    0.0700
   125.0    0.7740    0.0820
   135.0    0.7040    0.0960
   145.0    0.4500    0.1100
   155.0    0.4130    0.1350
   165.0    0.4850    0.1980
   175.0    0.2750    0.3280
------------------------------------------
E =  780.000 MeV, Wght = 1.00, Syst = 0.05
     5.0    0.2060    0.1040
    15.0    0.0770    0.0790
    25.0    0.0930    0.0670
    35.0   -0.0350    0.0560
    45.0    0.0640    0.0510
    55.0    0.1890    0.0500
    65.0    0.1480    0.0470
    75.0    0.3430    0.0480
    85.0    0.4020    0.0480
    95.0    0.4580    0.0520
   105.0    0.6540    0.0540
   115.0    0.7160    0.0610
   125.0    0.6480    0.0690
   135.0    0.6090    0.0770
   145.0    0.4670    0.0910
   155.0    0.2990    0.1100
   165.0   -0.1200    0.1500
   175.0    0.3980    0.2860
------------------------------------------
E =  790.000 MeV, Wght = 1.00, Syst = 0.05
     5.0   -0.1980    0.1030
    15.0   -0.0210    0.0780
    25.0   -0.0260    0.0660
    35.0    0.0210    0.0560
    45.0    0.1040    0.0540
    55.0    0.1110    0.0500
    65.0    0.2480    0.0510
    75.0    0.3730    0.0510
    85.0    0.4930    0.0530
    95.0    0.5720    0.0560
   105.0    0.7050    0.0570
   115.0    0.7060    0.0630
   125.0    0.6660    0.0700
   135.0    0.5590    0.0770
   145.0    0.5090    0.0970
   155.0    0.4200    0.1130
   165.0    0.2620    0.1610
   175.0    0.1340    0.2780
------------------------------------------
E =  800.000 MeV, Wght = 1.00, Syst = 0.05
     5.0    0.0060    0.1100
    15.0    0.1780    0.0730
    25.0    0.0310    0.0670
    35.0    0.1580    0.0580
    45.0    0.1100    0.0550
    55.0    0.1530    0.0520
    65.0    0.2850    0.0530
    75.0    0.4490    0.0550
    85.0    0.5610    0.0570
    95.0    0.5110    0.0580
   105.0    0.6280    0.0600
   115.0    0.7200    0.0640
   125.0    0.7560    0.0730
   135.0    0.7540    0.0830
   145.0    0.5510    0.0950
   155.0    0.3940    0.1210
   165.0    0.2230    0.1540
   175.0    0.0320    0.2730
------------------------------------------
E =  810.000 MeV, Wght = 1.00, Syst = 0.05
     5.0   -0.1500    0.1050
    15.0   -0.0390    0.0770
    25.0    0.0930    0.0660
    35.0    0.1340    0.0600
    45.0    0.0430    0.0570
    55.0    0.2440    0.0550
    65.0    0.2300    0.0560
    75.0    0.3520    0.0580
    85.0    0.5140    0.0590
    95.0    0.6380    0.0610
   105.0    0.7400    0.0630
   115.0    0.7870    0.0680
   125.0    0.6950    0.0750
   135.0    0.7260    0.0850
   145.0    0.4650    0.0980
   155.0    0.1660    0.1180
   165.0    0.1980    0.1550
   175.0   -0.3720    0.2880
------------------------------------------
E =  820.000 MeV, Wght = 1.00, Syst = 0.05
     5.0   -0.1320    0.1080
    15.0    0.0470    0.0780
    25.0    0.0260    0.0670
    35.0    0.0200    0.0610
    45.0    0.1520    0.0570
    55.0    0.2180    0.0560
    65.0    0.2960    0.0590
    75.0    0.4000    0.0610
    85.0    0.5610    0.0630
    95.0    0.6270    0.0650
   105.0    0.7310    0.0660
   115.0    0.7510    0.0700
   125.0    0.6880    0.0740
   135.0    0.7110    0.0860
   145.0    0.6190    0.1020
   155.0    0.2820    0.1290
   165.0    0.1400    0.1620
   175.0    0.1340    0.2630
------------------------------------------
E =  830.000 MeV, Wght = 1.00, Syst = 0.05
     5.0   -0.0240    0.1130
    15.0    0.1180    0.0770
    25.0    0.1340    0.0680
    35.0    0.1760    0.0610
    45.0    0.1760    0.0580
    55.0    0.1460    0.0590
    65.0    0.2770    0.0600
    75.0    0.4340    0.0640
    85.0    0.5570    0.0650
    95.0    0.7950    0.0670
   105.0    0.6870    0.0680
   115.0    0.6520    0.0710
   125.0    0.6310    0.0770
   135.0    0.5550    0.0870
   145.0    0.6060    0.1030
   155.0    0.1000    0.1220
   165.0    0.1430    0.1480
   175.0   -0.1510    0.2520
------------------------------------------
E =  840.000 MeV, Wght = 1.00, Syst = 0.05
     5.0    0.0300    0.0960
    15.0    0.1770    0.0690
    25.0    0.1350    0.0610
    35.0    0.2260    0.0550
    45.0    0.0750    0.0510
    55.0    0.1630    0.0520
    65.0    0.2690    0.0550
    75.0    0.4430    0.0600
    85.0    0.5570    0.0610
    95.0    0.7610    0.0640
   105.0    0.6770    0.0630
   115.0    0.7150    0.0640
   125.0    0.7500    0.0700
   135.0    0.7270    0.0790
   145.0    0.5210    0.0880
   155.0    0.1590    0.1040
   165.0   -0.0110    0.1400
   175.0   -0.1870    0.2210
------------------------------------------
E =  850.000 MeV, Wght = 1.00, Syst = 0.05
     5.0   -0.0530    0.0990
    15.0    0.0590    0.0690
    25.0    0.0670    0.0590
    35.0    0.1810    0.0550
    45.0    0.2390    0.0520
    55.0    0.2350    0.0540
    65.0    0.4030    0.0560
    75.0    0.5400    0.0600
    85.0    0.4790    0.0640
    95.0    0.6650    0.0640
   105.0    0.7370    0.0630
   115.0    0.6550    0.0660
   125.0    0.6110    0.0720
   135.0    0.5950    0.0790
   145.0    0.5070    0.0910
   155.0    0.4440    0.1020
   165.0    0.3480    0.1330
   175.0    0.3740    0.2390
------------------------------------------
E =  860.000 MeV, Wght = 1.00, Syst = 0.05
     5.0    0.1940    0.0960
    15.0    0.1240    0.0700
    25.0    0.0930    0.0610
    35.0    0.1160    0.0540
    45.0    0.2250    0.0520
    55.0    0.1830    0.0510
    65.0    0.3340    0.0570
    75.0    0.3920    0.0610
    85.0    0.5530    0.0670
    95.0    0.6420    0.0660
   105.0    0.6420    0.0650
   115.0    0.7360    0.0660
   125.0    0.6450    0.0700
   135.0    0.5400    0.0770
   145.0    0.4850    0.0890
   155.0    0.1230    0.1070
   165.0    0.2570    0.1290
   175.0    0.1330    0.2180
------------------------------------------
E =  870.000 MeV, Wght = 1.00, Syst = 0.05
     5.0    0.0140    0.0970
    15.0    0.1180    0.0710
    25.0    0.1280    0.0580
    35.0    0.2370    0.0540
    45.0    0.1880    0.0520
    55.0    0.1560    0.0530
    65.0    0.2630    0.0570
    75.0    0.4850    0.0650
    85.0    0.6600    0.0690
    95.0    0.6780    0.0670
   105.0    0.7770    0.0690
   115.0    0.6180    0.0670
   125.0    0.6380    0.0710
   135.0    0.4580    0.0800
   145.0    0.3840    0.0930
   155.0    0.2490    0.1050
   165.0    0.2760    0.1350
   175.0    0.0710    0.2290
------------------------------------------
E =  880.000 MeV, Wght = 1.00, Syst = 0.05
     5.0    0.0560    0.0990
    15.0    0.0490    0.0730
    25.0    0.1770    0.0590
    35.0    0.2670    0.0540
    45.0    0.2320    0.0510
    55.0    0.2600    0.0540
    65.0    0.3370    0.0580
    75.0    0.4150    0.0640
    85.0    0.6030    0.0690
    95.0    0.7040    0.0700
   105.0    0.6370    0.0670
   115.0    0.5630    0.0660
   125.0    0.6060    0.0690
   135.0    0.4860    0.0760
   145.0    0.3540    0.0880
   155.0    0.1590    0.1010
   165.0    0.0560    0.1330
   175.0   -0.0290    0.2230
------------------------------------------
E =  890.000 MeV, Wght = 1.00, Syst = 0.05
     5.0   -0.0120    0.1060
    15.0    0.2360    0.0730
    25.0    0.1680    0.0590
    35.0    0.2640    0.0540
    45.0    0.1640    0.0500
    55.0    0.2510    0.0520
    65.0    0.2500    0.0560
    75.0    0.4460    0.0640
    85.0    0.6970    0.0710
    95.0    0.5420    0.0700
   105.0    0.6080    0.0680
   115.0    0.4180    0.0660
   125.0    0.5230    0.0710
   135.0    0.5680    0.0790
   145.0    0.3430    0.0850
   155.0    0.1880    0.1060
   165.0    0.0330    0.1320
   175.0    0.2260    0.2230
------------------------------------------
E =  900.000 MeV, Wght = 1.00, Syst = 0.05
     5.0   -0.0490    0.1060
    15.0    0.1070    0.0760
    25.0    0.2260    0.0620
    35.0    0.3380    0.0530
    45.0    0.2810    0.0520
    55.0    0.2650    0.0520
    65.0    0.3000    0.0570
    75.0    0.4830    0.0650
    85.0    0.5840    0.0710
    95.0    0.6900    0.0710
   105.0    0.5850    0.0680
   115.0    0.6050    0.0690
   125.0    0.4770    0.0700
   135.0    0.4220    0.0770
   145.0    0.4320    0.0930
   155.0    0.3600    0.1050
   165.0    0.2410    0.1390
   175.0    0.2570    0.2370
------------------------------------------
E =  910.000 MeV, Wght = 1.00, Syst = 0.05
     5.0    0.0510    0.1020
    15.0    0.2420    0.0760
    25.0    0.2250    0.0620
    35.0    0.2600    0.0530
    45.0    0.2760    0.0490
    55.0    0.3070    0.0520
    65.0    0.2880    0.0560
    75.0    0.4730    0.0660
    85.0    0.5390    0.0730
    95.0    0.5480    0.0720
   105.0    0.5390    0.0690
   115.0    0.6090    0.0690
   125.0    0.3520    0.0730
   135.0    0.4030    0.0790
   145.0    0.4610    0.0890
   155.0    0.2190    0.1060
   165.0    0.1760    0.1380
   175.0    0.2110    0.2420
------------------------------------------
E =  920.000 MeV, Wght = 1.00, Syst = 0.05
     5.0   -0.2070    0.1070
    15.0    0.2750    0.0770
    25.0    0.2610    0.0610
    35.0    0.3060    0.0530
    45.0    0.2780    0.0490
    55.0    0.3540    0.0500
    65.0    0.2760    0.0550
    75.0    0.3970    0.0630
    85.0    0.4200    0.0710
    95.0    0.5290    0.0730
   105.0    0.5830    0.0680
   115.0    0.4530    0.0670
   125.0    0.4240    0.0720
   135.0    0.4490    0.0780
   145.0    0.5010    0.0890
   155.0    0.0790    0.1050
   165.0    0.3240    0.1350
   175.0   -0.0670    0.2360
------------------------------------------
E =  930.000 MeV, Wght = 1.00, Syst = 0.05
     5.0    0.0620    0.1070
    15.0    0.2610    0.0760
    25.0    0.3190    0.0620
    35.0    0.2560    0.0520
    45.0    0.3450    0.0480
    55.0    0.3080    0.0500
    65.0    0.3260    0.0540
    75.0    0.3160    0.0620
    85.0    0.4650    0.0720
    95.0    0.5890    0.0720
   105.0    0.5320    0.0690
   115.0    0.4450    0.0670
   125.0    0.3670    0.0700
   135.0    0.4380    0.0770
   145.0    0.3900    0.0910
   155.0    0.1610    0.1060
   165.0    0.1850    0.1310
   175.0    0.4920    0.2280
------------------------------------------
E =  940.000 MeV, Wght = 1.00, Syst = 0.05
     5.0    0.0150    0.1140
    15.0    0.1910    0.0770
    25.0    0.2900    0.0610
    35.0    0.3500    0.0520
    45.0    0.2860    0.0480
    55.0    0.3130    0.0480
    65.0    0.1910    0.0520
    75.0    0.3340    0.0610
    85.0    0.4460    0.0710
    95.0    0.4210    0.0720
   105.0    0.4160    0.0720
   115.0    0.3990    0.0660
   125.0    0.2180    0.0690
   135.0    0.3590    0.0780
   145.0    0.3420    0.0880
   155.0    0.1050    0.1030
   165.0    0.2490    0.1330
   175.0    0.0690    0.2390
------------------------------------------
E =  950.000 MeV, Wght = 1.00, Syst = 0.05
     5.0    0.0530    0.1100
    15.0    0.1500    0.0760
    25.0    0.3470    0.0600
    35.0    0.2850    0.0520
    45.0    0.3080    0.0460
    55.0    0.2670    0.0470
    65.0    0.2320    0.0520
    75.0    0.3620    0.0590
    85.0    0.4050    0.0700
    95.0    0.3830    0.0740
   105.0    0.2720    0.0680
   115.0    0.2540    0.0660
   125.0    0.3660    0.0670
   135.0    0.2900    0.0760
   145.0    0.3080    0.0870
   155.0    0.2520    0.1050
   165.0    0.1730    0.1410
   175.0   -0.2370    0.2310
------------------------------------------
E =  960.000 MeV, Wght = 1.00, Syst = 0.05
     5.0   -0.0030    0.1190
    15.0    0.2530    0.0800
    25.0    0.3540    0.0630
    35.0    0.3280    0.0510
    45.0    0.2520    0.0480
    55.0    0.3420    0.0490
    65.0    0.2680    0.0540
    75.0    0.3020    0.0610
    85.0    0.3420    0.0720
    95.0    0.3280    0.0760
   105.0    0.2670    0.0720
   115.0    0.3170    0.0690
   125.0    0.2610    0.0700
   135.0    0.2130    0.0780
   145.0    0.2690    0.0930
   155.0    0.2130    0.1150
   165.0    0.2230    0.1490
   175.0   -0.0830    0.2290
------------------------------------------
E =  970.000 MeV, Wght = 1.00, Syst = 0.05
     5.0   -0.0220    0.1250
    15.0    0.3470    0.0860
    25.0    0.3460    0.0620
    35.0    0.3620    0.0510
    45.0    0.2870    0.0470
    55.0    0.2580    0.0470
    65.0    0.2580    0.0520
    75.0    0.3620    0.0610
    85.0    0.3180    0.0710
    95.0    0.2870    0.0770
   105.0    0.3450    0.0730
   115.0    0.2560    0.0680
   125.0    0.3540    0.0720
   135.0    0.1430    0.0780
   145.0    0.4120    0.0910
   155.0    0.2010    0.1070
   165.0    0.1410    0.1390
   175.0   -0.1460    0.2600
------------------------------------------
E =  980.000 MeV, Wght = 1.00, Syst = 0.05
     5.0    0.0780    0.1260
    15.0    0.2170    0.0830
    25.0    0.4370    0.0630
    35.0    0.3510    0.0510
    45.0    0.3070    0.0470
    55.0    0.2680    0.0470
    65.0    0.3400    0.0510
    75.0    0.3420    0.0590
    85.0    0.2170    0.0710
    95.0    0.2720    0.0780
   105.0    0.2650    0.0720
   115.0    0.2370    0.0690
   125.0    0.3310    0.0690
   135.0    0.2900    0.0780
   145.0    0.1530    0.0880
   155.0    0.3420    0.1080
   165.0    0.1820    0.1440
   175.0    0.1680    0.2360
------------------------------------------
E =  990.000 MeV, Wght = 1.00, Syst = 0.05
     5.0    0.0440    0.1230
    15.0    0.2960    0.0860
    25.0    0.3160    0.0630
    35.0    0.2610    0.0500
    45.0    0.3670    0.0450
    55.0    0.2730    0.0460
    65.0    0.3330    0.0520
    75.0    0.2650    0.0590
    85.0    0.3700    0.0710
    95.0    0.4800    0.0780
   105.0    0.2520    0.0730
   115.0    0.1510    0.0680
   125.0    0.0820    0.0680
   135.0    0.2320    0.0760
   145.0    0.2780    0.0890
   155.0    0.0100    0.1050
   165.0    0.4190    0.1440
   175.0   -0.1820    0.2590
------------------------------------------
E = 1000.000 MeV, Wght = 1.00, Syst = 0.05
     5.0   -0.0150    0.1330
    15.0    0.4410    0.0890
    25.0    0.4120    0.0620
    35.0    0.2910    0.0500
    45.0    0.3240    0.0450
    55.0    0.2300    0.0450
    65.0    0.2120    0.0500
    75.0    0.2300    0.0590
    85.0    0.4030    0.0720
    95.0    0.3240    0.0770
   105.0    0.1360    0.0740
   115.0    0.1500    0.0700
   125.0    0.2110    0.0690
   135.0    0.2850    0.0770
   145.0    0.1270    0.0880
   155.0    0.3040    0.1070
   165.0    0.2720    0.1440
   175.0    0.1080    0.2420
------------------------------------------
E = 1010.000 MeV, Wght = 1.00, Syst = 0.05
     5.0    0.1260    0.1360
    15.0    0.3340    0.0900
    25.0    0.4150    0.0630
    35.0    0.4210    0.0500
    45.0    0.3590    0.0460
    55.0    0.3940    0.0450
    65.0    0.2590    0.0510
    75.0    0.2550    0.0600
    85.0    0.2940    0.0720
    95.0    0.3230    0.0780
   105.0    0.1160    0.0720
   115.0    0.2270    0.0690
   125.0    0.1920    0.0700
   135.0    0.1850    0.0750
   145.0    0.2550    0.0870
   155.0    0.2350    0.1070
   165.0    0.1650    0.1450
   175.0   -0.1950    0.3050
------------------------------------------
E = 1020.000 MeV, Wght = 1.00, Syst = 0.05
     5.0   -0.0710    0.1350
    15.0    0.2510    0.0830
    25.0    0.3510    0.0580
    35.0    0.3940    0.0470
    45.0    0.2990    0.0430
    55.0    0.2010    0.0420
    65.0    0.1660    0.0460
    75.0    0.2600    0.0570
    85.0    0.3530    0.0700
    95.0    0.2550    0.0740
   105.0    0.2720    0.0720
   115.0    0.2120    0.0690
   125.0    0.1060    0.0660
   135.0    0.1650    0.0710
   145.0    0.2810    0.0800
   155.0    0.0170    0.1030
   165.0    0.1140    0.1370
   175.0    0.2640    0.2880
------------------------------------------
E = 1030.000 MeV, Wght = 1.00, Syst = 0.05
     5.0    0.2320    0.1300
    15.0    0.2770    0.0880
    25.0    0.3620    0.0610
    35.0    0.3320    0.0470
    45.0    0.2640    0.0420
    55.0    0.2880    0.0430
    65.0    0.1610    0.0470
    75.0    0.2900    0.0560
    85.0    0.1500    0.0710
    95.0    0.2740    0.0780
   105.0    0.0810    0.0720
   115.0    0.0230    0.0680
   125.0    0.1250    0.0660
   135.0    0.2480    0.0720
   145.0    0.2120    0.0850
   155.0    0.1230    0.1030
   165.0    0.0890    0.1400
   175.0   -0.2360    0.2770
------------------------------------------
E = 1040.000 MeV, Wght = 1.00, Syst = 0.05
     5.0    0.0280    0.1420
    15.0    0.2550    0.0860
    25.0    0.3230    0.0590
    35.0    0.3120    0.0480
    45.0    0.2590    0.0430
    55.0    0.2430    0.0440
    65.0    0.3120    0.0480
    75.0    0.2200    0.0570
    85.0    0.2560    0.0720
    95.0    0.1730    0.0800
   105.0    0.0810    0.0780
   115.0   -0.0290    0.0690
   125.0    0.0810    0.0680
   135.0    0.2050    0.0740
   145.0    0.0540    0.0880
   155.0   -0.1060    0.1060
   165.0    0.1390    0.1430
   175.0    0.0080    0.2820
------------------------------------------
E = 1050.000 MeV, Wght = 1.00, Syst = 0.05
     5.0    0.0060    0.1450
    15.0    0.3070    0.0850
    25.0    0.2730    0.0610
    35.0    0.2810    0.0490
    45.0    0.2350    0.0440
    55.0    0.1760    0.0440
    65.0    0.2900    0.0490
    75.0    0.2430    0.0590
    85.0    0.1480    0.0750
    95.0    0.2820    0.0830
   105.0    0.1720    0.0810
   115.0   -0.0270    0.0750
   125.0    0.0580    0.0730
   135.0    0.0130    0.0780
   145.0    0.2460    0.0860
   155.0    0.0320    0.1100
   165.0    0.1010    0.1580
   175.0   -0.2990    0.2930
------------------------------------------
E = 1060.000 MeV, Wght = 1.00, Syst = 0.05
     5.0   -0.1920    0.1320
    15.0    0.4260    0.0890
    25.0    0.3390    0.0620
    35.0    0.2260    0.0510
    45.0    0.2560    0.0450
    55.0    0.3090    0.0460
    65.0    0.2360    0.0510
    75.0    0.1350    0.0620
    85.0    0.2400    0.0750
    95.0    0.2020    0.0840
   105.0    0.0580    0.0850
   115.0   -0.0200    0.0800
   125.0    0.0660    0.0750
   135.0    0.2840    0.0780
   145.0    0.2500    0.0930
   155.0    0.0130    0.1120
   165.0   -0.0950    0.1620
   175.0    0.0800    0.3040
------------------------------------------
E = 1070.000 MeV, Wght = 1.00, Syst = 0.05
     5.0   -0.0660    0.1480
    15.0    0.1630    0.0890
    25.0    0.3490    0.0640
    35.0    0.3190    0.0510
    45.0    0.2280    0.0460
    55.0    0.3020    0.0470
    65.0    0.1860    0.0520
    75.0    0.2850    0.0640
    85.0    0.3090    0.0780
    95.0    0.1420    0.0890
   105.0   -0.0640    0.0860
   115.0    0.0720    0.0820
   125.0    0.0770    0.0810
   135.0    0.0950    0.0820
   145.0    0.1830    0.0940
   155.0    0.1020    0.1220
   165.0   -0.1330    0.1600
   175.0    0.1150    0.3900
------------------------------------------
E = 1080.000 MeV, Wght = 1.00, Syst = 0.05
     5.0    0.2870    0.1160
    15.0    0.3620    0.0740
    25.0    0.2550    0.0520
    35.0    0.2860    0.0420
    45.0    0.2620    0.0400
    55.0    0.2690    0.0400
    65.0    0.2800    0.0450
    75.0    0.2400    0.0540
    85.0    0.1870    0.0660
    95.0    0.2910    0.0760
   105.0    0.0610    0.0790
   115.0   -0.0690    0.0730
   125.0   -0.0920    0.0690
   135.0    0.0090    0.0710
   145.0    0.0950    0.0780
   155.0   -0.0280    0.0970
   165.0    0.4510    0.1370
   175.0   -0.1380    0.2820
------------------------------------------
E = 1090.000 MeV, Wght = 1.00, Syst = 0.05
     5.0    0.1250    0.1270
    15.0    0.2780    0.0760
    25.0    0.3720    0.0540
    35.0    0.3280    0.0440
    45.0    0.2210    0.0400
    55.0    0.2620    0.0420
    65.0    0.1380    0.0470
    75.0    0.2370    0.0570
    85.0    0.2030    0.0690
    95.0    0.2400    0.0810
   105.0   -0.0190    0.0770
   115.0   -0.0060    0.0770
   125.0    0.0370    0.0730
   135.0    0.1310    0.0740
   145.0   -0.0630    0.0840
   155.0    0.2350    0.1000
   165.0    0.1720    0.1420
   175.0   -0.2620    0.3030
------------------------------------------
E = 1100.000 MeV, Wght = 1.00, Syst = 0.05
     5.0    0.2020    0.1220
    15.0    0.1000    0.0770
    25.0    0.2700    0.0540
    35.0    0.3160    0.0440
    45.0    0.2760    0.0420
    55.0    0.2410    0.0440
    65.0    0.1420    0.0480
    75.0    0.3350    0.0600
    85.0    0.2350    0.0720
    95.0    0.1860    0.0870
   105.0   -0.0330    0.0840
   115.0   -0.0690    0.0790
   125.0   -0.0240    0.0760
   135.0    0.0220    0.0750
   145.0   -0.0300    0.0820
   155.0    0.0300    0.1040
   165.0   -0.0100    0.1480
   175.0   -0.0080    0.3500
------------------------------------------
E = 1110.000 MeV, Wght = 1.00, Syst = 0.05
     5.0    0.3150    0.1300
    15.0    0.2630    0.0790
    25.0    0.3130    0.0550
    35.0    0.2900    0.0460
    45.0    0.3040    0.0430
    55.0    0.2070    0.0450
    65.0    0.2690    0.0500
    75.0    0.2300    0.0620
    85.0    0.1850    0.0760
    95.0    0.0980    0.0880
   105.0    0.1610    0.0930
   115.0   -0.0870    0.0880
   125.0   -0.1670    0.0820
   135.0   -0.1480    0.0790
   145.0    0.1260    0.0900
   155.0    0.1270    0.1060
   165.0    0.1010    0.1530
   175.0    0.1680    0.3110
------------------------------------------
E = 1120.000 MeV, Wght = 1.00, Syst = 0.05
     5.0    0.0860    0.1240
    15.0    0.4020    0.0800
    25.0    0.3720    0.0570
    35.0    0.3090    0.0470
    45.0    0.3400    0.0460
    55.0    0.2040    0.0460
    65.0    0.0900    0.0520
    75.0    0.1800    0.0640
    85.0    0.3620    0.0790
    95.0    0.1840    0.0880
   105.0    0.1450    0.0950
   115.0    0.0160    0.0950
   125.0   -0.0050    0.0850
   135.0   -0.0310    0.0830
   145.0   -0.1030    0.0940
   155.0    0.0160    0.1060
   165.0   -0.1370    0.1650
   175.0   -0.4630    0.3580
------------------------------------------
E = 1130.000 MeV, Wght = 1.00, Syst = 0.05
     5.0    0.1380    0.1270
    15.0    0.2910    0.0820
    25.0    0.2990    0.0590
    35.0    0.3070    0.0500
    45.0    0.2810    0.0470
    55.0    0.2930    0.0490
    65.0    0.2170    0.0550
    75.0    0.2060    0.0650
    85.0    0.2140    0.0820
    95.0    0.2210    0.0940
   105.0    0.1760    0.0990
   115.0    0.0060    0.0980
   125.0   -0.1270    0.0950
   135.0   -0.0230    0.0900
   145.0    0.0190    0.0950
   155.0    0.0180    0.1100
   165.0   -0.0770    0.1680
   175.0   -0.3090    0.3710
------------------------------------------
E = 1140.000 MeV, Wght = 1.00, Syst = 0.05
     5.0    0.0730    0.1060
    15.0    0.2380    0.0680
    25.0    0.3280    0.0490
    35.0    0.2740    0.0420
    45.0    0.2900    0.0390
    55.0    0.2240    0.0420
    65.0    0.1250    0.0480
    75.0    0.3030    0.0580
    85.0    0.3240    0.0680
    95.0    0.3680    0.0810
   105.0    0.2070    0.0840
   115.0   -0.0830    0.0880
   125.0    0.0340    0.0790
   135.0   -0.1140    0.0770
   145.0   -0.0810    0.0780
   155.0   -0.1370    0.0980
   165.0    0.0340    0.1450
   175.0   -0.2950    0.3490
------------------------------------------
E = 1150.000 MeV, Wght = 1.00, Syst = 0.05
     5.0    0.1450    0.1130
    15.0    0.2590    0.0680
    25.0    0.3310    0.0490
    35.0    0.3620    0.0420
    45.0    0.2630    0.0400
    55.0    0.1200    0.0430
    65.0    0.2010    0.0490
    75.0    0.1920    0.0590
    85.0    0.3200    0.0700
    95.0    0.4190    0.0820
   105.0    0.2010    0.0910
   115.0    0.0440    0.0910
   125.0   -0.1820    0.0850
   135.0   -0.1640    0.0780
   145.0   -0.1160    0.0810
   155.0   -0.1800    0.0980
   165.0    0.0540    0.1510
   175.0    0.0500    0.3610
------------------------------------------
E = 1160.000 MeV, Wght = 1.00, Syst = 0.05
     5.0    0.1140    0.1060
    15.0    0.1320    0.0700
    25.0    0.2640    0.0510
    35.0    0.2590    0.0430
    45.0    0.2800    0.0410
    55.0    0.2440    0.0450
    65.0    0.1250    0.0510
    75.0    0.1680    0.0610
    85.0    0.3730    0.0740
    95.0    0.3770    0.0840
   105.0    0.2060    0.0930
   115.0   -0.0070    0.0960
   125.0   -0.0990    0.0890
   135.0   -0.1690    0.0790
   145.0   -0.1430    0.0820
   155.0   -0.1820    0.1050
   165.0   -0.2740    0.1530
   175.0   -0.3150    0.3760
------------------------------------------
E = 1170.000 MeV, Wght = 1.00, Syst = 0.05
     5.0   -0.0610    0.1080
    15.0    0.1330    0.0720
    25.0    0.2580    0.0510
    35.0    0.3350    0.0440
    45.0    0.2920    0.0430
    55.0    0.2620    0.0460
    65.0    0.1880    0.0530
    75.0    0.1650    0.0650
    85.0    0.3940    0.0760
    95.0    0.3430    0.0860
   105.0    0.3850    0.0940
   115.0   -0.0560    0.0960
   125.0   -0.1330    0.0940
   135.0   -0.1710    0.0850
   145.0   -0.1550    0.0880
   155.0   -0.1180    0.1030
   165.0   -0.1970    0.1590
   175.0   -0.2330    0.3580
------------------------------------------
E = 1180.000 MeV, Wght = 1.00, Syst = 0.05
     5.0    0.0500    0.1110
    15.0    0.2450    0.0720
    25.0    0.1860    0.0520
    35.0    0.2920    0.0450
    45.0    0.2290    0.0430
    55.0    0.1950    0.0470
    65.0    0.1210    0.0560
    75.0    0.2600    0.0660
    85.0    0.4670    0.0800
    95.0    0.4170    0.0880
   105.0    0.5560    0.1030
   115.0    0.2930    0.1050
   125.0    0.0320    0.0980
   135.0   -0.0440    0.0870
   145.0   -0.1610    0.0900
   155.0    0.0450    0.1040
   165.0   -0.3600    0.1570
   175.0   -0.0640    0.3520
------------------------------------------
E = 1190.000 MeV, Wght = 1.00, Syst = 0.05
     5.0    0.0670    0.1110
    15.0    0.1310    0.0700
    25.0    0.2490    0.0530
    35.0    0.2550    0.0460
    45.0    0.1890    0.0440
    55.0    0.2370    0.0470
    65.0    0.1210    0.0560
    75.0    0.3150    0.0700
    85.0    0.2320    0.0790
    95.0    0.5470    0.0900
   105.0    0.5440    0.1030
   115.0    0.1760    0.1070
   125.0    0.0280    0.1000
   135.0   -0.1780    0.0910
   145.0   -0.2410    0.0880
   155.0   -0.0840    0.1070
   165.0   -0.1540    0.1590
   175.0    0.0720    0.3490
------------------------------------------
E = 1200.000 MeV, Wght = 1.00, Syst = 0.05
     5.0    0.0030    0.0970
    15.0    0.0830    0.0650
    25.0    0.2260    0.0470
    35.0    0.2900    0.0410
    45.0    0.1810    0.0400
    55.0    0.1830    0.0430
    65.0    0.1210    0.0520
    75.0    0.3050    0.0620
    85.0    0.3640    0.0720
    95.0    0.6620    0.0830
   105.0    0.4270    0.0930
   115.0    0.1570    0.0940
   125.0   -0.1130    0.0920
   135.0   -0.0880    0.0770
   145.0   -0.0440    0.0800
   155.0    0.0580    0.1010
   165.0   -0.0790    0.1640
   175.0    0.0340    0.3460
------------------------------------------
E = 1210.000 MeV, Wght = 1.00, Syst = 0.05
     5.0    0.1190    0.1010
    15.0    0.1550    0.0660
    25.0    0.2170    0.0480
    35.0    0.1910    0.0410
    45.0    0.2790    0.0410
    55.0    0.1870    0.0450
    65.0    0.0900    0.0530
    75.0    0.2590    0.0640
    85.0    0.3800    0.0740
    95.0    0.5010    0.0850
   105.0    0.6560    0.0990
   115.0    0.1810    0.1030
   125.0    0.0520    0.0900
   135.0   -0.2110    0.0840
   145.0   -0.1470    0.0800
   155.0   -0.2770    0.0990
   165.0   -0.1930    0.1490
   175.0    0.1510    0.3640
------------------------------------------
E = 1220.000 MeV, Wght = 1.00, Syst = 0.05
     5.0    0.0460    0.1080
    15.0    0.0670    0.0660
    25.0    0.2200    0.0480
    35.0    0.2350    0.0410
    45.0    0.2880    0.0420
    55.0    0.2130    0.0460
    65.0    0.1170    0.0550
    75.0    0.1910    0.0650
    85.0    0.3190    0.0780
    95.0    0.6100    0.0860
   105.0    0.5150    0.0950
   115.0    0.3500    0.1030
   125.0    0.0710    0.0940
   135.0   -0.1250    0.0840
   145.0   -0.1820    0.0860
   155.0    0.0540    0.1000
   165.0   -0.0350    0.1530
   175.0    0.1600    0.4920
------------------------------------------
E = 1230.000 MeV, Wght = 1.00, Syst = 0.05
     5.0    0.1410    0.1030
    15.0    0.2130    0.0650
    25.0    0.1810    0.0490
    35.0    0.2550    0.0430
    45.0    0.1760    0.0420
    55.0    0.2620    0.0460
    65.0    0.0570    0.0550
    75.0    0.2470    0.0660
    85.0    0.5880    0.0810
    95.0    0.6110    0.0860
   105.0    0.7200    0.1050
   115.0    0.2910    0.1050
   125.0   -0.1320    0.0960
   135.0   -0.1240    0.0840
   145.0   -0.1260    0.0810
   155.0   -0.2530    0.1000
   165.0    0.0700    0.1700
   175.0   -0.1550    0.3910
------------------------------------------
E = 1240.000 MeV, Wght = 1.00, Syst = 0.05
     5.0    0.0070    0.1030
    15.0    0.0790    0.0680
    25.0    0.2940    0.0490
    35.0    0.1660    0.0430
    45.0    0.1500    0.0420
    55.0    0.1040    0.0470
    65.0    0.0990    0.0560
    75.0    0.2950    0.0700
    85.0    0.4420    0.0780
    95.0    0.6890    0.0890
   105.0    0.5970    0.1000
   115.0    0.2470    0.1060
   125.0    0.0900    0.0960
   135.0   -0.1820    0.0850
   145.0   -0.2690    0.0840
   155.0   -0.1010    0.1070
   165.0   -0.1870    0.1600
   175.0   -0.2840    0.3810
------------------------------------------
E = 1250.000 MeV, Wght = 1.00, Syst = 0.05
     5.0    0.0440    0.1040
    15.0    0.0790    0.0680
    25.0    0.1750    0.0490
    35.0    0.1190    0.0430
    45.0    0.1780    0.0430
    55.0    0.1280    0.0470
    65.0    0.0880    0.0570
    75.0    0.2530    0.0700
    85.0    0.4600    0.0830
    95.0    0.6010    0.0870
   105.0    0.6100    0.0990
   115.0    0.3600    0.1030
   125.0    0.0920    0.0970
   135.0   -0.2320    0.0880
   145.0   -0.1910    0.0880
   155.0   -0.1080    0.1060
   165.0   -0.2390    0.1610
   175.0   -0.1930    0.5240
------------------------------------------
E = 1260.000 MeV, Wght = 1.00, Syst = 0.05
     5.0   -0.2110    0.0990
    15.0    0.0180    0.0630
    25.0    0.2010    0.0470
    35.0    0.1670    0.0410
    45.0    0.2060    0.0400
    55.0    0.1840    0.0450
    65.0    0.1620    0.0550
    75.0    0.2560    0.0660
    85.0    0.5320    0.0800
    95.0    0.7330    0.0860
   105.0    0.6850    0.0950
   115.0    0.3910    0.1020
   125.0    0.1450    0.0880
   135.0   -0.1310    0.0790
   145.0   -0.3250    0.0780
   155.0   -0.1810    0.0970
   165.0   -0.2710    0.1620
   175.0   -0.1570    0.3920
------------------------------------------
E = 1270.000 MeV, Wght = 1.00, Syst = 0.05
     5.0   -0.0480    0.0990
    15.0   -0.0490    0.0650
    25.0    0.0100    0.0470
    35.0    0.2010    0.0420
    45.0    0.1420    0.0410
    55.0    0.1420    0.0460
    65.0    0.0270    0.0550
    75.0    0.1640    0.0670
    85.0    0.4870    0.0820
    95.0    0.5510    0.0850
   105.0    0.7980    0.0990
   115.0    0.5170    0.0980
   125.0    0.0230    0.0930
   135.0   -0.0090    0.0850
   145.0   -0.2370    0.0810
   155.0   -0.1390    0.0970
   165.0   -0.1150    0.1570
   175.0    0.4010    0.6020
------------------------------------------
E = 1280.000 MeV, Wght = 1.00, Syst = 0.05
     5.0   -0.0240    0.1010
    15.0   -0.0630    0.0660
    25.0   -0.0410    0.0490
    35.0    0.1460    0.0420
    45.0    0.1130    0.0410
    55.0    0.1340    0.0460
    65.0    0.0800    0.0570
    75.0    0.2200    0.0690
    85.0    0.3740    0.0790
    95.0    0.6380    0.0870
   105.0    0.8490    0.1000
   115.0    0.2840    0.1000
   125.0   -0.1140    0.0900
   135.0   -0.2770    0.0820
   145.0   -0.2300    0.0820
   155.0   -0.2080    0.0980
   165.0   -0.3490    0.1560
   175.0    0.1600    0.4070
------------------------------------------
E = 1290.000 MeV, Wght = 1.00, Syst = 0.05
     5.0   -0.0840    0.1010
    15.0   -0.0140    0.0670
    25.0    0.0540    0.0470
    35.0    0.1550    0.0420
    45.0    0.0830    0.0410
    55.0    0.0850    0.0460
    65.0    0.0310    0.0570
    75.0    0.1980    0.0700
    85.0    0.5190    0.0810
    95.0    0.7070    0.0890
   105.0    0.7540    0.0970
   115.0    0.4750    0.1050
   125.0   -0.0100    0.0910
   135.0    0.0000    0.0820
   145.0   -0.3010    0.0810
   155.0   -0.1370    0.1010
   165.0   -0.2010    0.1620
   175.0    0.0890    0.4080
------------------------------------------
E = 1300.000 MeV, Wght = 1.00, Syst = 0.05
     5.0   -0.1800    0.1010
    15.0   -0.1020    0.0650
    25.0    0.0970    0.0480
    35.0    0.1430    0.0430
    45.0    0.0780    0.0420
    55.0    0.0880    0.0460
    65.0   -0.0140    0.0580
    75.0    0.2850    0.0740
    85.0    0.3900    0.0790
    95.0    0.7830    0.0880
   105.0    0.7760    0.1000
   115.0    0.4490    0.1030
   125.0   -0.0790    0.0930
   135.0   -0.1270    0.0810
   145.0   -0.2290    0.0830
   155.0   -0.1230    0.0960
   165.0   -0.0040    0.1610
   175.0   -0.1490    0.4220
------------------------------------------
E = 1310.000 MeV, Wght = 1.00, Syst = 0.05
     5.0    0.0860    0.1020
    15.0    0.0530    0.0670
    25.0    0.0900    0.0500
    35.0    0.1310    0.0430
    45.0    0.0510    0.0430
    55.0    0.1320    0.0470
    65.0   -0.0170    0.0580
    75.0    0.3350    0.0740
    85.0    0.5920    0.0860
    95.0    0.6840    0.0910
   105.0    0.8310    0.0980
   115.0    0.4320    0.0990
   125.0   -0.1140    0.0930
   135.0   -0.2870    0.0830
   145.0   -0.1830    0.0850
   155.0   -0.2240    0.1040
   165.0   -0.3370    0.1550
   175.0    0.4010    0.4330
------------------------------------------
E = 1320.000 MeV, Wght = 1.00, Syst = 0.05
     5.0   -0.1360    0.1000
    15.0   -0.0710    0.0630
    25.0   -0.0790    0.0470
    35.0    0.1260    0.0420
    45.0    0.0930    0.0410
    55.0    0.1540    0.0460
    65.0    0.2020    0.0560
    75.0    0.2050    0.0700
    85.0    0.4720    0.0840
    95.0    0.7420    0.0870
   105.0    0.7960    0.0940
   115.0    0.4660    0.0980
   125.0    0.0410    0.0890
   135.0   -0.2600    0.0790
   145.0   -0.1440    0.0780
   155.0   -0.2780    0.1010
   165.0   -0.2900    0.1450
   175.0   -0.5900    0.4610
------------------------------------------
E = 1330.000 MeV, Wght = 1.00, Syst = 0.05
     5.0   -0.1860    0.0980
    15.0   -0.1090    0.0630
    25.0   -0.0430    0.0480
    35.0    0.0490    0.0420
    45.0    0.0980    0.0410
    55.0    0.0770    0.0460
    65.0   -0.0390    0.0570
    75.0    0.2450    0.0730
    85.0    0.5070    0.0840
    95.0    0.9830    0.0930
   105.0    0.9060    0.0980
   115.0    0.4780    0.0960
   125.0   -0.0700    0.0890
   135.0   -0.2370    0.0830
   145.0   -0.2430    0.0830
   155.0   -0.2150    0.0960
   165.0   -0.1760    0.1540
   175.0   -0.3260    0.4570
------------------------------------------
E = 1340.000 MeV, Wght = 1.00, Syst = 0.05
     5.0   -0.3260    0.0990
    15.0   -0.0640    0.0650
    25.0   -0.0380    0.0470
    35.0    0.0880    0.0430
    45.0    0.0750    0.0420
    55.0    0.0960    0.0470
    65.0    0.0500    0.0570
    75.0    0.1580    0.0690
    85.0    0.6120    0.0820
    95.0    0.8810    0.0930
   105.0    0.6920    0.0990
   115.0    0.5810    0.0970
   125.0   -0.1730    0.0850
   135.0   -0.2250    0.0800
   145.0   -0.1750    0.0810
   155.0   -0.3900    0.0980
   165.0   -0.1160    0.1540
   175.0    0.2690    0.4410
------------------------------------------
E = 1350.000 MeV, Wght = 1.00, Syst = 0.05
     5.0    0.0170    0.0990
    15.0   -0.0320    0.0640
    25.0   -0.1220    0.0490
    35.0   -0.0360    0.0420
    45.0    0.0650    0.0420
    55.0    0.0530    0.0460
    65.0    0.0510    0.0560
    75.0    0.2710    0.0710
    85.0    0.7030    0.0840
    95.0    0.8040    0.0920
   105.0    0.8200    0.1020
   115.0    0.3510    0.0950
   125.0    0.0220    0.0880
   135.0   -0.2150    0.0790
   145.0   -0.2060    0.0810
   155.0   -0.2060    0.0970
   165.0   -0.1080    0.1600
   175.0   -0.2260    0.4720
------------------------------------------
E = 1360.000 MeV, Wght = 1.00, Syst = 0.05
     5.0   -0.0640    0.0990
    15.0   -0.0940    0.0650
    25.0   -0.0540    0.0490
    35.0   -0.0200    0.0430
    45.0    0.1000    0.0420
    55.0    0.0080    0.0470
    65.0    0.1470    0.0560
    75.0    0.3270    0.0730
    85.0    0.6580    0.0850
    95.0    0.8960    0.0930
   105.0    0.7210    0.0950
   115.0    0.2910    0.1000
   125.0   -0.0610    0.0870
   135.0   -0.2790    0.0800
   145.0   -0.0870    0.0790
   155.0   -0.3480    0.0980
   165.0   -0.3010    0.1510
   175.0   -0.1840    0.4170
------------------------------------------
E = 1370.000 MeV, Wght = 1.00, Syst = 0.05
     5.0   -0.0040    0.0950
    15.0   -0.1930    0.0650
    25.0   -0.1050    0.0490
    35.0    0.0270    0.0430
    45.0    0.0390    0.0430
    55.0    0.0850    0.0480
    65.0   -0.0040    0.0580
    75.0    0.2810    0.0740
    85.0    0.6480    0.0850
    95.0    0.8160    0.0910
   105.0    0.7250    0.0980
   115.0    0.1760    0.0940
   125.0   -0.0290    0.0880
   135.0   -0.2870    0.0790
   145.0   -0.2330    0.0820
   155.0   -0.2090    0.0970
   165.0   -0.2020    0.1620
   175.0   -0.0790    0.3940
------------------------------------------
E = 1380.000 MeV, Wght = 1.00, Syst = 0.05
     5.0   -0.0480    0.0920
    15.0   -0.2380    0.0640
    25.0   -0.0490    0.0480
    35.0    0.0180    0.0430
    45.0    0.0160    0.0420
    55.0    0.0450    0.0460
    65.0   -0.0510    0.0560
    75.0    0.2970    0.0690
    85.0    0.4820    0.0800
    95.0    0.9720    0.0910
   105.0    0.7560    0.0970
   115.0    0.3120    0.0910
   125.0   -0.0530    0.0880
   135.0   -0.1860    0.0790
   145.0   -0.1970    0.0790
   155.0   -0.2720    0.0970
   165.0   -0.2630    0.1560
   175.0   -0.2350    0.3670
------------------------------------------
E = 1390.000 MeV, Wght = 1.00, Syst = 0.05
     5.0   -0.0420    0.0940
    15.0   -0.2050    0.0640
    25.0   -0.0860    0.0470
    35.0   -0.0020    0.0430
    45.0    0.0320    0.0420
    55.0    0.0240    0.0470
    65.0    0.1150    0.0580
    75.0    0.2740    0.0700
    85.0    0.8000    0.0850
    95.0    1.0110    0.0950
   105.0    0.6640    0.0950
   115.0    0.3000    0.0920
   125.0    0.0500    0.0840
   135.0   -0.1710    0.0750
   145.0   -0.2910    0.0800
   155.0   -0.1590    0.0940
   165.0   -0.3920    0.1550
   175.0   -0.2060    0.3780
------------------------------------------
E = 1400.000 MeV, Wght = 1.00, Syst = 0.05
     5.0   -0.0130    0.0930
    15.0   -0.3200    0.0620
    25.0   -0.1280    0.0480
    35.0   -0.0930    0.0430
    45.0   -0.0660    0.0430
    55.0    0.0730    0.0480
    65.0    0.0890    0.0560
    75.0    0.3460    0.0720
    85.0    0.7170    0.0860
    95.0    0.9540    0.0930
   105.0    0.5540    0.0930
   115.0    0.3020    0.0900
   125.0   -0.0200    0.0860
   135.0   -0.2540    0.0790
   145.0   -0.2780    0.0780
   155.0   -0.1840    0.0980
   165.0   -0.2410    0.1500
   175.0    0.0760    0.5810
------------------------------------------
E = 1410.000 MeV, Wght = 1.00, Syst = 0.05
     5.0   -0.1780    0.0910
    15.0   -0.2130    0.0640
    25.0   -0.1900    0.0490
    35.0   -0.0490    0.0430
    45.0   -0.0290    0.0440
    55.0    0.0950    0.0470
    65.0    0.0570    0.0570
    75.0    0.2460    0.0720
    85.0    0.7090    0.0850
    95.0    0.8520    0.0940
   105.0    0.6770    0.0930
   115.0    0.2650    0.0920
   125.0   -0.0440    0.0870
   135.0   -0.2290    0.0790
   145.0   -0.2160    0.0810
   155.0   -0.1800    0.0970
   165.0   -0.0830    0.1500
   175.0   -0.6350    0.4520
------------------------------------------
E = 1420.000 MeV, Wght = 1.00, Syst = 0.05
     5.0   -0.1170    0.0920
    15.0   -0.2780    0.0630
    25.0   -0.1240    0.0490
    35.0   -0.0210    0.0440
    45.0   -0.0090    0.0440
    55.0    0.0120    0.0490
    65.0    0.0590    0.0580
    75.0    0.2100    0.0690
    85.0    0.6390    0.0880
    95.0    0.7860    0.0910
   105.0    0.6340    0.0950
   115.0    0.2980    0.0950
   125.0   -0.0890    0.0850
   135.0   -0.2020    0.0810
   145.0   -0.2950    0.0810
   155.0   -0.1710    0.0980
   165.0   -0.5520    0.1540
   175.0   -0.4440    0.3910
------------------------------------------
E = 1430.000 MeV, Wght = 1.00, Syst = 0.05
     5.0    0.0360    0.0920
    15.0   -0.2610    0.0630
    25.0   -0.0590    0.0490
    35.0   -0.0940    0.0450
    45.0    0.0200    0.0450
    55.0    0.0660    0.0480
    65.0   -0.0580    0.0570
    75.0    0.2480    0.0710
    85.0    0.6570    0.0880
    95.0    0.8200    0.0940
   105.0    0.6940    0.0970
   115.0    0.1700    0.0920
   125.0   -0.0320    0.0840
   135.0   -0.1190    0.0770
   145.0   -0.3780    0.0820
   155.0   -0.2650    0.1010
   165.0   -0.0330    0.1510
   175.0    0.4600    0.4140
------------------------------------------
E = 1440.000 MeV, Wght = 1.00, Syst = 0.05
     5.0   -0.2040    0.0920
    15.0   -0.2950    0.0610
    25.0   -0.1480    0.0480
    35.0   -0.1230    0.0420
    45.0    0.1080    0.0430
    55.0    0.0710    0.0470
    65.0   -0.0000    0.0550
    75.0    0.2660    0.0680
    85.0    0.6080    0.0820
    95.0    0.7560    0.0900
   105.0    0.5950    0.0920
   115.0    0.1580    0.0860
   125.0   -0.1120    0.0790
   135.0   -0.0930    0.0770
   145.0   -0.2420    0.0800
   155.0   -0.3190    0.0980
   165.0   -0.2680    0.1470
   175.0   -0.3310    0.4010
------------------------------------------
E = 1450.000 MeV, Wght = 1.00, Syst = 0.05
     5.0    0.0560    0.0880
    15.0   -0.1810    0.0600
    25.0   -0.1380    0.0480
    35.0   -0.1040    0.0430
    45.0    0.0380    0.0430
    55.0    0.0810    0.0480
    65.0    0.0860    0.0570
    75.0    0.2790    0.0680
    85.0    0.5400    0.0820
    95.0    0.7390    0.0910
   105.0    0.5370    0.0890
   115.0    0.1770    0.0880
   125.0   -0.1580    0.0830
   135.0   -0.2100    0.0780
   145.0   -0.1830    0.0780
   155.0   -0.1000    0.0990
   165.0   -0.0120    0.1480
   175.0    0.0550    0.4050
------------------------------------------
E = 1460.000 MeV, Wght = 1.00, Syst = 0.05
     5.0   -0.3170    0.0850
    15.0   -0.2470    0.0610
    25.0   -0.1900    0.0490
    35.0   -0.0090    0.0450
    45.0   -0.0240    0.0440
    55.0    0.0150    0.0480
    65.0    0.0380    0.0550
    75.0    0.2940    0.0680
    85.0    0.5820    0.0840
    95.0    0.6680    0.0900
   105.0    0.5580    0.0950
   115.0    0.2910    0.0890
   125.0   -0.0760    0.0800
   135.0   -0.1880    0.0780
   145.0   -0.3530    0.0780
   155.0   -0.2410    0.0930
   165.0   -0.3710    0.1520
   175.0    0.0320    0.4780
------------------------------------------
E = 1470.000 MeV, Wght = 1.00, Syst = 0.05
     5.0   -0.0860    0.0890
    15.0   -0.2160    0.0620
    25.0   -0.2500    0.0480
    35.0   -0.0360    0.0450
    45.0    0.0720    0.0450
    55.0    0.0260    0.0490
    65.0   -0.0690    0.0570
    75.0    0.1330    0.0700
    85.0    0.6200    0.0860
    95.0    0.8070    0.0940
   105.0    0.3750    0.0890
   115.0    0.2210    0.0870
   125.0    0.0530    0.0830
   135.0   -0.1400    0.0770
   145.0   -0.2250    0.0840
   155.0   -0.2060    0.0990
   165.0   -0.2020    0.1610
   175.0   -0.1670    0.4640
------------------------------------------
E = 1480.000 MeV, Wght = 1.00, Syst = 0.05
     5.0   -0.0130    0.0890
    15.0   -0.2260    0.0610
    25.0   -0.2110    0.0490
    35.0   -0.0290    0.0450
    45.0   -0.0270    0.0460
    55.0   -0.0390    0.0500
    65.0    0.0160    0.0570
    75.0    0.3330    0.0700
    85.0    0.4370    0.0850
    95.0    0.7540    0.0940
   105.0    0.6570    0.0930
   115.0    0.0860    0.0900
   125.0   -0.0870    0.0860
   135.0   -0.1610    0.0790
   145.0   -0.0760    0.0830
   155.0   -0.1320    0.1000
   165.0   -0.0280    0.1600
   175.0   -0.1230    0.4560
------------------------------------------
E = 1490.000 MeV, Wght = 1.00, Syst = 0.05
     5.0   -0.0980    0.0840
    15.0   -0.2120    0.0610
    25.0   -0.1480    0.0500
    35.0   -0.0530    0.0450
    45.0   -0.0080    0.0460
    55.0    0.0530    0.0500
    65.0    0.0480    0.0580
    75.0    0.1010    0.0690
    85.0    0.5330    0.0860
    95.0    0.7810    0.0950
   105.0    0.3850    0.0900
   115.0    0.1040    0.0860
   125.0   -0.1590    0.0800
   135.0   -0.2730    0.0810
   145.0   -0.1470    0.0840
   155.0   -0.2010    0.1080
   165.0   -0.0560    0.1560
   175.0   -0.2550    0.4820
------------------------------------------
E = 1500.000 MeV, Wght = 1.00, Syst = 0.05
     5.0   -0.1100    0.0830
    15.0   -0.3140    0.0580
    25.0   -0.1050    0.0470
    35.0   -0.0360    0.0440
    45.0   -0.0770    0.0450
    55.0   -0.0490    0.0490
    65.0   -0.0780    0.0570
    75.0    0.2350    0.0690
    85.0    0.6220    0.0830
    95.0    0.4780    0.0870
   105.0    0.2260    0.0870
   115.0    0.0710    0.0890
   125.0   -0.0750    0.0790
   135.0   -0.1410    0.0790
   145.0   -0.1980    0.0830
   155.0   -0.3140    0.1020
   165.0   -0.2860    0.1730
   175.0   -0.3450    0.4070
