   W            E0+(pi0_p)
 (MeV)        Re          Im
1073.249    -1.115134    0.000000
1073.414    -1.105224   -0.000064
1073.579    -1.095149   -0.000085
1073.744    -1.084904   -0.000096
1073.908    -1.074478   -0.000103
1074.073    -1.063864   -0.000106
1074.238    -1.053052   -0.000106
1074.403    -1.042030   -0.000104
1074.568    -1.030789   -0.000101
1074.733    -1.019314   -0.000096
1074.898    -1.007593   -0.000090
1075.062    -0.995610   -0.000083
1075.227    -0.983350   -0.000075
1075.392    -0.970793   -0.000067
1075.556    -0.957918   -0.000058
1075.721    -0.944705   -0.000049
1075.886    -0.931125   -0.000040
1076.050    -0.917152   -0.000031
1076.215    -0.902750   -0.000021
1076.379    -0.887883   -0.000012
1076.544    -0.872507   -0.000003
1076.708    -0.856571    0.000006
1076.873    -0.840015    0.000014
1077.037    -0.822767    0.000021
1077.202    -0.804741    0.000028
1077.366    -0.785834    0.000034
1077.531    -0.765914    0.000040
1077.695    -0.744818    0.000044
1077.859    -0.722333    0.000046
1078.024    -0.698179    0.000047
1078.188    -0.671971    0.000047
1078.352    -0.643163    0.000044
1078.516    -0.610935    0.000039
1078.681    -0.573947    0.000030
1078.845    -0.529631    0.000018
1079.009    -0.470353   -0.000001
1079.173    -0.342973    0.068725
1079.337    -0.346049    0.159433
1079.501    -0.349231    0.214601
1079.665    -0.352312    0.258123
1079.829    -0.355361    0.295195
1079.993    -0.358394    0.328012
1080.157    -0.361418    0.357747
1080.321    -0.364433    0.385115
1080.485    -0.367442    0.410590
1080.649    -0.370444    0.434506
1080.813    -0.373440    0.457108
1080.977    -0.376430    0.478581
1081.141    -0.379414    0.499073
1081.304    -0.382393    0.518699
1081.468    -0.385366    0.537556
1081.632    -0.388333    0.555720
1081.796    -0.391295    0.573259
1081.959    -0.394251    0.590229
1082.123    -0.397202    0.606676
1082.287    -0.400148    0.622644
1082.450    -0.403087    0.638168
1082.614    -0.406022    0.653280
1082.777    -0.408951    0.668008
1082.941    -0.411875    0.682378
1083.105    -0.414793    0.696411
1083.268    -0.417706    0.710127
1083.432    -0.420614    0.723546
1083.595    -0.423516    0.736683
1083.758    -0.426413    0.749553
1083.922    -0.429305    0.762171
1084.085    -0.432191    0.774547
1084.249    -0.435072    0.786695
1084.412    -0.437948    0.798624
1084.575    -0.440819    0.810345
1084.738    -0.443685    0.821867
1084.902    -0.446545    0.833197
1085.065    -0.449400    0.844344
1085.228    -0.452250    0.855314
1085.391    -0.455095    0.866116
1085.555    -0.457935    0.876755
1085.718    -0.460770    0.887237
1085.881    -0.463599    0.897568
1086.044    -0.466424    0.907753
1086.207    -0.469243    0.917798
1086.370    -0.472058    0.927705
1086.533    -0.474867    0.937482
1086.696    -0.477671    0.947130
1086.859    -0.480471    0.956655
1087.022    -0.483265    0.966060
1087.185    -0.486054    0.975349
1087.348    -0.488839    0.984525
1087.511    -0.491618    0.993592
1087.673    -0.494393    1.002551
1087.836    -0.497162    1.011408
1087.999    -0.499927    1.020163
1088.162    -0.502687    1.028820
1088.325    -0.505442    1.037382
1088.487    -0.508192    1.045850
1088.650    -0.510937    1.054228
1088.813    -0.513677    1.062517
1088.975    -0.516413    1.070720
1089.138    -0.519144    1.078838
1089.300    -0.521869    1.086874
1089.463    -0.524590    1.094830
1089.626    -0.527307    1.102707
1089.788    -0.530018    1.110507
1089.951    -0.532725    1.118232
1090.113    -0.535427    1.125883
1090.276    -0.538125    1.133463
1090.438    -0.540817    1.140972
1090.600    -0.543505    1.148412
1090.763    -0.546188    1.155784
1090.925    -0.548867    1.163090
1091.087    -0.551541    1.170332
1091.250    -0.554210    1.177509
1091.412    -0.556875    1.184625
1091.574    -0.559534    1.191679
1091.737    -0.562190    1.198673
1091.899    -0.564841    1.205608
1092.061    -0.567487    1.212486
1092.223    -0.570128    1.219306
1092.385    -0.572765    1.226071
1092.547    -0.575398    1.232782
1092.709    -0.578026    1.239438
1092.872    -0.580649    1.246041
1093.034    -0.583268    1.252593
1093.196    -0.585882    1.259094
1093.358    -0.588492    1.265544
1093.520    -0.591097    1.271945
1093.682    -0.593698    1.278297
1093.843    -0.596294    1.284602
1094.005    -0.598886    1.290859
1094.167    -0.601474    1.297070
1094.329    -0.604057    1.303236
1094.491    -0.606635    1.309357
1094.653    -0.609210    1.315433
1094.815    -0.611780    1.321466
1094.976    -0.614345    1.327457
1095.138    -0.616906    1.333405
1095.300    -0.619463    1.339311
1095.461    -0.622015    1.345177
1095.623    -0.624563    1.351002
1095.785    -0.627107    1.356788
1095.946    -0.629646    1.362534
1096.108    -0.632181    1.368241
1096.269    -0.634712    1.373911
1096.431    -0.637238    1.379542
1096.593    -0.639760    1.385137
1096.754    -0.642278    1.390695
1096.916    -0.644792    1.396217
1097.077    -0.647301    1.401703
1097.238    -0.649806    1.407155
1097.400    -0.652307    1.412571
1097.561    -0.654804    1.417953
1097.723    -0.657296    1.423302
1097.884    -0.659785    1.428617
1098.045    -0.662269    1.433899
1098.206    -0.664749    1.439149
1098.368    -0.667224    1.444366
1098.529    -0.669696    1.449552
1098.690    -0.672163    1.454706
1098.851    -0.674627    1.459830
1099.012    -0.677086    1.464923
1099.174    -0.679541    1.469985
1099.335    -0.681992    1.475018
1099.496    -0.684439    1.480022
1099.657    -0.686881    1.484996
1099.818    -0.689320    1.489941
1099.979    -0.691755    1.494858
1100.140    -0.694185    1.499747
1100.301    -0.696612    1.504607
1100.462    -0.699034    1.509441
1100.623    -0.701453    1.514247
1100.784    -0.703867    1.519026
1100.945    -0.706277    1.523779
1101.105    -0.708684    1.528505
1101.266    -0.711086    1.533205
1101.427    -0.713484    1.537879
1101.588    -0.715879    1.542528
1101.749    -0.718269    1.547152
1101.909    -0.720656    1.551751
1102.070    -0.723038    1.556325
1102.231    -0.725417    1.560875
1102.391    -0.727791    1.565400
1102.552    -0.730162    1.569902
1102.713    -0.732529    1.574380
1102.873    -0.734892    1.578835
1103.034    -0.737251    1.583266
1103.194    -0.739606    1.587674
1103.355    -0.741957    1.592060
1103.515    -0.744305    1.596423
1103.676    -0.746648    1.600764
1103.836    -0.748988    1.605083
1103.997    -0.751324    1.609380
1104.157    -0.753656    1.613655
1104.318    -0.755984    1.617909
1104.478    -0.758308    1.622142
1104.638    -0.760629    1.626353
1104.799    -0.762945    1.630544
1104.959    -0.765258    1.634715
1105.119    -0.767567    1.638864
1105.279    -0.769873    1.642994
1105.440    -0.772174    1.647104
1105.600    -0.774472    1.651193
1105.760    -0.776766    1.655263
1105.920    -0.779057    1.659314
1106.080    -0.781343    1.663345
1106.240    -0.783626    1.667357
1106.401    -0.785906    1.671350
1106.561    -0.788181    1.675324
1106.721    -0.790453    1.679280
1106.881    -0.792721    1.683217
1107.041    -0.794985    1.687136
1107.201    -0.797246    1.691037
1107.361    -0.799503    1.694920
1107.521    -0.801757    1.698784
1107.680    -0.804006    1.702632
1107.840    -0.806252    1.706461
1108.000    -0.808495    1.710274
1108.160    -0.810734    1.714069
1108.320    -0.812969    1.717847
1108.480    -0.815201    1.721608
1108.639    -0.817429    1.725352
1108.799    -0.819653    1.729079
1108.959    -0.821874    1.732790
1109.119    -0.824091    1.736485
1109.278    -0.826305    1.740163
1109.438    -0.828515    1.743825
1109.597    -0.830721    1.747472
1109.757    -0.832924    1.751102
1109.917    -0.835124    1.754717
1110.076    -0.837320    1.758316
1110.236    -0.839512    1.761899
1110.395    -0.841701    1.765468
1110.555    -0.843886    1.769021
1110.714    -0.846068    1.772558
1110.874    -0.848247    1.776081
1111.033    -0.850421    1.779589
1111.192    -0.852593    1.783082
1111.352    -0.854761    1.786561
1111.511    -0.856925    1.790025
1111.671    -0.859086    1.793474
1111.830    -0.861244    1.796910
1111.989    -0.863398    1.800331
1112.148    -0.865548    1.803738
1112.308    -0.867696    1.807131
1112.467    -0.869839    1.810510
1112.626    -0.871980    1.813875
1112.785    -0.874117    1.817226
1112.944    -0.876250    1.820564
1113.103    -0.878380    1.823889
1113.263    -0.880507    1.827200
1113.422    -0.882630    1.830498
1113.581    -0.884750    1.833782
1113.740    -0.886867    1.837054
1113.899    -0.888980    1.840312
1114.058    -0.891090    1.843558
1114.217    -0.893197    1.846791
1114.376    -0.895300    1.850011
1114.535    -0.897400    1.853218
1114.693    -0.899497    1.856413
1114.852    -0.901590    1.859596
1115.011    -0.903680    1.862766
1115.170    -0.905766    1.865924
1115.329    -0.907850    1.869069
1115.488    -0.909930    1.872203
1115.646    -0.912007    1.875324
1115.805    -0.914080    1.878434
1115.964    -0.916150    1.881531
1116.122    -0.918217    1.884617
1116.281    -0.920281    1.887691
1116.440    -0.922341    1.890754
1116.598    -0.924398    1.893805
1116.757    -0.926452    1.896845
1116.916    -0.928503    1.899873
1117.074    -0.930551    1.902890
1117.233    -0.932595    1.905895
1117.391    -0.934636    1.908890
1117.550    -0.936674    1.911873
1117.708    -0.938708    1.914846
1117.867    -0.940740    1.917807
1118.025    -0.942768    1.920758
1118.183    -0.944793    1.923698
1118.342    -0.946815    1.926627
1118.500    -0.948834    1.929545
1118.658    -0.950850    1.932453
1118.817    -0.952862    1.935350
1118.975    -0.954871    1.938237
1119.133    -0.956877    1.941113
1119.292    -0.958880    1.943980
1119.450    -0.960880    1.946836
1119.608    -0.962877    1.949681
1119.766    -0.964871    1.952517
1119.924    -0.966861    1.955342
1120.082    -0.968849    1.958158
1120.241    -0.970833    1.960964
1120.399    -0.972814    1.963759
1120.557    -0.974792    1.966545
1120.715    -0.976767    1.969321
1120.873    -0.978739    1.972088
1121.031    -0.980708    1.974845
1121.189    -0.982674    1.977592
1121.347    -0.984637    1.980330
1121.505    -0.986597    1.983058
1121.663    -0.988553    1.985777
1121.820    -0.990507    1.988487
1121.978    -0.992458    1.991187
1122.136    -0.994405    1.993878
1122.294    -0.996350    1.996560
1122.452    -0.998291    1.999233
1122.610    -1.000230    2.001897
1122.767    -1.002165    2.004551
1122.925    -1.004098    2.007197
1123.083    -1.006028    2.009834
1123.240    -1.007954    2.012462
1123.398    -1.009878    2.015081
1123.556    -1.011798    2.017692
1123.713    -1.013716    2.020294
1123.871    -1.015631    2.022887
1124.028    -1.017543    2.025471
1124.186    -1.019451    2.028047
1124.344    -1.021357    2.030615
1124.501    -1.023260    2.033174
1124.659    -1.025160    2.035725
1124.816    -1.027057    2.038267
1124.973    -1.028951    2.040801
1125.131    -1.030842    2.043327
1125.288    -1.032731    2.045845
1125.446    -1.034616    2.048354
1125.603    -1.036499    2.050855
1125.760    -1.038378    2.053349
1125.918    -1.040255    2.055834
1126.075    -1.042129    2.058311
1126.232    -1.044000    2.060780
1126.389    -1.045868    2.063242
1126.547    -1.047733    2.065695
1126.704    -1.049595    2.068141
1126.861    -1.051455    2.070579
1127.018    -1.053312    2.073010
1127.175    -1.055165    2.075432
1127.332    -1.057016    2.077847
1127.490    -1.058864    2.080255
1127.647    -1.060710    2.082655
1127.804    -1.062552    2.085047
1127.961    -1.064392    2.087432
1128.118    -1.066229    2.089809
1128.275    -1.068063    2.092180
1128.432    -1.069894    2.094542
1128.589    -1.071722    2.096898
1128.746    -1.073548    2.099246
1128.902    -1.075371    2.101587
1129.059    -1.077191    2.103921
1129.216    -1.079008    2.106247
1129.373    -1.080823    2.108567
1129.530    -1.082635    2.110879
1129.687    -1.084444    2.113185
1129.843    -1.086250    2.115483
1130.000    -1.088053    2.117775
1130.157    -1.089854    2.120059
1130.313    -1.091652    2.122337
1130.470    -1.093448    2.124608
1130.627    -1.095240    2.126871
1130.783    -1.097030    2.129129
1130.940    -1.098817    2.131379
1131.097    -1.100601    2.133623
1131.253    -1.102383    2.135860
1131.410    -1.104162    2.138090
1131.566    -1.105938    2.140314
1131.723    -1.107712    2.142531
1131.879    -1.109483    2.144742
1132.036    -1.111251    2.146946
1132.192    -1.113017    2.149144
1132.349    -1.114780    2.151335
1132.505    -1.116540    2.153520
1132.661    -1.118297    2.155698
1132.818    -1.120052    2.157870
1132.974    -1.121804    2.160036
1133.130    -1.123554    2.162196
1133.287    -1.125301    2.164349
1133.443    -1.127045    2.166496
1133.599    -1.128787    2.168637
1133.755    -1.130526    2.170771
1133.912    -1.132262    2.172900
1134.068    -1.133996    2.175022
1134.224    -1.135727    2.177139
1134.380    -1.137456    2.179249
1134.536    -1.139182    2.181353
1134.692    -1.140905    2.183452
1134.848    -1.142626    2.185544
1135.004    -1.144344    2.187630
1135.160    -1.146060    2.189711
1135.316    -1.147773    2.191786
1135.472    -1.149483    2.193855
1135.628    -1.151191    2.195918
1135.784    -1.152896    2.197975
1135.940    -1.154599    2.200027
1136.096    -1.156299    2.202072
1136.252    -1.157997    2.204112
1136.408    -1.159692    2.206147
1136.564    -1.161384    2.208176
1136.720    -1.163074    2.210199
1136.875    -1.164762    2.212216
1137.031    -1.166447    2.214229
1137.187    -1.168129    2.216235
