E =  146.199 MeV, Wght = 1.00, Syst = 0.05
  5.000    0.060833    0.415396
 15.000    0.002565    0.013740
 25.000    0.011566    0.010870
 35.000   -0.004911    0.011039
 45.000   -0.003448    0.011702
 55.000    0.011769    0.011869
 65.000    0.002415    0.010900
 75.000   -0.005904    0.012186
 85.000   -0.006205    0.010833
 95.000   -0.004974    0.017213
105.000   -0.008372    0.010637
115.000   -0.008094    0.008988
125.000   -0.003424    0.010371
135.000    0.007973    0.012337
145.000   -0.005228    0.014085
155.000   -0.028661    0.015044
165.000   -0.008365    0.016031
175.000    0.023606    0.177607
-------------------------------------------
E =  151.292 MeV, Wght = 1.00, Syst = 0.05
  5.000   -0.088929    0.055701
 15.000   -0.003754    0.021119
 25.000    0.004434    0.018476
 35.000   -0.022029    0.017600
 45.000    0.006848    0.016898
 55.000    0.012153    0.015616
 65.000    0.018254    0.013704
 75.000    0.009414    0.011950
 85.000    0.021826    0.010551
 95.000    0.014826    0.010446
105.000   -0.003125    0.009774
115.000    0.008329    0.010625
125.000    0.003812    0.010815
135.000   -0.001297    0.010842
145.000    0.026038    0.012681
155.000    0.010705    0.015434
165.000   -0.002668    0.018645
175.000    0.015007    0.050639
-------------------------------------------
E =  156.384 MeV, Wght = 1.00, Syst = 0.05
  5.000   -0.034813    0.066530
 15.000    0.039210    0.031270
 25.000   -0.020115    0.029444
 35.000    0.057094    0.029413
 45.000   -0.016791    0.029209
 55.000    0.034188    0.027331
 65.000    0.022092    0.024549
 75.000   -0.007563    0.020568
 85.000    0.029440    0.017107
 95.000    0.004382    0.015192
105.000    0.039240    0.014693
115.000    0.013623    0.014353
125.000    0.021749    0.014944
135.000    0.010212    0.016000
145.000    0.010307    0.017806
155.000    0.025353    0.020128
165.000   -0.010750    0.027462
175.000    0.064970    0.067119
-------------------------------------------
E =  161.473 MeV, Wght = 1.00, Syst = 0.05
  5.000    0.023199    0.068315
 15.000    0.009699    0.038769
 25.000    0.074118    0.037401
 35.000    0.090294    0.038557
 45.000    0.101695    0.038633
 55.000    0.022645    0.036786
 65.000    0.068603    0.032727
 75.000    0.029746    0.027687
 85.000    0.057708    0.022551
 95.000    0.102281    0.019919
105.000    0.090745    0.018908
115.000    0.064844    0.018647
125.000    0.050853    0.019196
135.000    0.072396    0.020021
145.000    0.017148    0.021980
155.000    0.024238    0.024529
165.000    0.031025    0.033446
175.000    0.057815    0.067362
-------------------------------------------
E =  166.557 MeV, Wght = 1.00, Syst = 0.05
  5.000   -0.037454    0.086920
 15.000    0.082726    0.049293
 25.000    0.068543    0.049992
 35.000    0.099269    0.050895
 45.000    0.017624    0.051131
 55.000    0.080438    0.048822
 65.000    0.118620    0.043682
 75.000    0.130420    0.036438
 85.000    0.126332    0.029551
 95.000    0.113395    0.025757
105.000    0.101537    0.023693
115.000    0.024617    0.023339
125.000    0.082707    0.023910
135.000    0.056079    0.025474
145.000    0.066255    0.027840
155.000    0.043619    0.032225
165.000   -0.013804    0.040588
175.000   -0.001324    0.091990
-------------------------------------------
E =  171.637 MeV, Wght = 1.00, Syst = 0.05
  5.000    0.001802    0.100580
 15.000   -0.037350    0.063462
 25.000    0.051300    0.063667
 35.000    0.040291    0.065142
 45.000    0.052604    0.065243
 55.000    0.012809    0.062049
 65.000    0.107436    0.054834
 75.000    0.217162    0.045501
 85.000    0.134507    0.037079
 95.000    0.153423    0.032026
105.000    0.138418    0.029558
115.000    0.163937    0.029649
125.000    0.081958    0.029734
135.000    0.125109    0.031712
145.000    0.103523    0.035271
155.000    0.066651    0.040387
165.000   -0.073210    0.049791
175.000    0.041179    0.113231
-------------------------------------------
E =  176.712 MeV, Wght = 1.00, Syst = 0.05
  5.000    0.094453    0.128151
 15.000    0.070804    0.069796
 25.000    0.050381    0.071289
 35.000   -0.029718    0.073735
 45.000    0.216481    0.073154
 55.000    0.091172    0.068132
 65.000    0.075231    0.060219
 75.000    0.309564    0.049574
 85.000    0.217067    0.040685
 95.000    0.196696    0.034720
105.000    0.253488    0.032725
115.000    0.230062    0.032342
125.000    0.174410    0.033180
135.000    0.240012    0.035352
145.000    0.162067    0.038523
155.000    0.031214    0.043372
165.000    0.008220    0.056560
175.000    0.037707    0.124966
-------------------------------------------
E =  181.777 MeV, Wght = 1.00, Syst = 0.05
  5.000   -0.418206    0.135883
 15.000    0.077405    0.080023
 25.000    0.045384    0.082609
 35.000   -0.035625    0.083897
 45.000    0.147856    0.082139
 55.000    0.186241    0.077571
 65.000    0.181369    0.067185
 75.000    0.324279    0.055560
 85.000    0.262997    0.044845
 95.000    0.302991    0.038892
105.000    0.239166    0.036825
115.000    0.201562    0.036273
125.000    0.212038    0.037867
135.000    0.149332    0.039588
145.000    0.106496    0.043429
155.000    0.060854    0.049840
165.000    0.125358    0.063585
175.000   -0.160630    0.150123
-------------------------------------------
E =  186.834 MeV, Wght = 1.00, Syst = 0.05
  5.000   -0.041841    0.153526
 15.000   -0.224332    0.100211
 25.000    0.147796    0.101422
 35.000    0.178112    0.103910
 45.000    0.131420    0.100766
 55.000    0.241482    0.093734
 65.000    0.472817    0.080918
 75.000    0.343829    0.066325
 85.000    0.331482    0.054139
 95.000    0.360315    0.047379
105.000    0.407780    0.044603
115.000    0.289586    0.044379
125.000    0.318889    0.045380
135.000    0.340581    0.048083
145.000    0.169716    0.052855
155.000    0.184987    0.060928
165.000    0.072487    0.076931
175.000    0.229344    0.168888
-------------------------------------------
E =  191.882 MeV, Wght = 1.00, Syst = 0.05
  5.000    0.016835    0.169110
 15.000    0.055197    0.103346
 25.000    0.106434    0.107311
 35.000    0.172817    0.108389
 45.000   -0.101353    0.104744
 55.000    0.369937    0.095114
 65.000    0.348031    0.081259
 75.000    0.384673    0.066119
 85.000    0.380975    0.054509
 95.000    0.364797    0.048331
105.000    0.409973    0.045443
115.000    0.389308    0.045227
125.000    0.458793    0.046490
135.000    0.242976    0.048876
145.000    0.344557    0.053478
155.000    0.150288    0.063489
165.000    0.111353    0.079186
175.000   -0.034445    0.175616
-------------------------------------------
E =  196.917 MeV, Wght = 1.00, Syst = 0.05
  5.000   -0.043260    0.265546
 15.000    0.026846    0.150823
 25.000    0.332402    0.161881
 35.000    0.212381    0.161083
 45.000    0.365241    0.153562
 55.000    0.319050    0.139680
 65.000    0.413449    0.118373
 75.000    0.391075    0.096418
 85.000    0.554556    0.078948
 95.000    0.578159    0.070829
105.000    0.528232    0.067777
115.000    0.470509    0.066930
125.000    0.520888    0.069246
135.000    0.362606    0.072267
145.000    0.294446    0.080212
155.000    0.317947    0.092907
165.000    0.507948    0.120823
175.000    0.578606    0.268689
-------------------------------------------
E =  201.941 MeV, Wght = 1.00, Syst = 0.05
  5.000    0.051607    0.216147
 15.000   -0.007449    0.146571
 25.000    0.517985    0.152593
 35.000    0.077590    0.153420
 45.000    0.304937    0.144116
 55.000    0.361429    0.128276
 65.000    0.187943    0.108223
 75.000    0.784869    0.088548
 85.000    0.726936    0.073879
 95.000    0.647271    0.066762
105.000    0.622442    0.063472
115.000    0.607266    0.062875
125.000    0.616520    0.064744
135.000    0.463492    0.068995
145.000    0.466402    0.076221
155.000    0.332478    0.089026
165.000    0.202629    0.114000
175.000   -0.401883    0.259205
-------------------------------------------
E =  206.951 MeV, Wght = 1.00, Syst = 0.05
  5.000    0.547094    0.289765
 15.000    0.112642    0.192711
 25.000    0.029467    0.198450
 35.000    0.104989    0.195457
 45.000    0.329027    0.183030
 55.000    0.132285    0.162777
 65.000    0.508777    0.136445
 75.000    0.492341    0.110557
 85.000    0.635644    0.094264
 95.000    0.842241    0.085590
105.000    0.721501    0.082111
115.000    0.716439    0.082181
125.000    0.764972    0.083865
135.000    0.536039    0.089542
145.000    0.607494    0.099071
155.000    0.390742    0.115060
165.000    0.126533    0.150517
175.000    0.028706    0.310265
-------------------------------------------
E =  211.945 MeV, Wght = 1.00, Syst = 0.05
  5.000    0.068461    0.277085
 15.000    0.558800    0.192236
 25.000    0.216938    0.197929
 35.000   -0.073710    0.192895
 45.000    0.419620    0.180855
 55.000    0.638493    0.156456
 65.000    0.586475    0.130510
 75.000    0.798582    0.106072
 85.000    0.732583    0.091689
 95.000    0.794379    0.083768
105.000    0.989774    0.080943
115.000    0.890024    0.081334
125.000    0.870082    0.083140
135.000    0.817243    0.087909
145.000    0.678924    0.097764
155.000    0.615525    0.113030
165.000    0.334536    0.148328
175.000    0.039568    0.331237
-------------------------------------------
E =  216.923 MeV, Wght = 1.00, Syst = 0.05
  5.000    0.070734    0.301881
 15.000    0.149807    0.203065
 25.000    0.481006    0.210711
 35.000    0.058011    0.201698
 45.000    0.209997    0.184924
 55.000    0.812612    0.159917
 65.000    0.672618    0.133327
 75.000    1.183728    0.110080
 85.000    1.227177    0.094686
 95.000    1.026533    0.088163
105.000    1.027542    0.085152
115.000    1.085402    0.085815
125.000    1.271608    0.088095
135.000    0.823151    0.093045
145.000    0.846044    0.102970
155.000    0.456082    0.119804
165.000    0.473607    0.154811
175.000    0.036959    0.371115
-------------------------------------------
E =  221.883 MeV, Wght = 1.00, Syst = 0.05
  5.000    0.527059    0.365365
 15.000    0.298398    0.231564
 25.000    0.236248    0.233558
 35.000    0.235087    0.222494
 45.000    0.117159    0.202826
 55.000    0.481060    0.172628
 65.000    0.849766    0.142557
 75.000    0.956881    0.118953
 85.000    1.058885    0.104327
 95.000    1.030843    0.097666
105.000    1.299017    0.094924
115.000    1.166923    0.094991
125.000    1.136684    0.098044
135.000    1.167083    0.103524
145.000    0.716812    0.114351
155.000    0.699034    0.131884
165.000    0.809296    0.174481
175.000    0.192301    0.406006
-------------------------------------------
E =  226.823 MeV, Wght = 1.00, Syst = 0.05
  5.000   -0.377528    0.488480
 15.000    0.528029    0.330537
 25.000   -0.075141    0.325053
 35.000   -0.270330    0.303575
 45.000    0.545192    0.274785
 55.000    0.509287    0.233213
 65.000    1.248866    0.192362
 75.000    1.061983    0.161420
 85.000    1.141606    0.143948
 95.000    1.272487    0.135737
105.000    1.414377    0.133266
115.000    1.537220    0.131652
125.000    1.401202    0.136841
135.000    1.343400    0.145485
145.000    1.281937    0.160160
155.000    0.673926    0.185170
165.000    0.325091    0.241358
175.000   -0.611008    0.569713
-------------------------------------------
E =  231.743 MeV, Wght = 1.00, Syst = 0.05
  5.000   -0.059333    0.464231
 15.000    0.046037    0.311408
 25.000    0.538287    0.306446
 35.000   -0.136028    0.285791
 45.000    0.298203    0.253699
 55.000    0.737013    0.213855
 65.000    0.946324    0.177463
 75.000    1.043665    0.149527
 85.000    1.230860    0.134496
 95.000    1.618349    0.127943
105.000    1.543661    0.125781
115.000    1.687491    0.126101
125.000    1.544484    0.131163
135.000    1.849565    0.137159
145.000    1.472854    0.152454
155.000    1.094638    0.177972
165.000    0.422367    0.230411
175.000   -0.255354    0.529990
-------------------------------------------
E =  236.641 MeV, Wght = 1.00, Syst = 0.05
  5.000    0.460071    0.463186
 15.000   -0.337717    0.292328
 25.000    0.418745    0.280579
 35.000   -0.058430    0.260034
 45.000    0.050443    0.227669
 55.000    0.933964    0.192365
 65.000    1.479272    0.158741
 75.000    1.271446    0.135386
 85.000    1.249384    0.122845
 95.000    1.747933    0.117308
105.000    1.861970    0.115302
115.000    1.865993    0.116617
125.000    1.932906    0.120827
135.000    1.621027    0.127505
145.000    1.403717    0.140412
155.000    1.254247    0.164377
165.000    0.821674    0.214511
175.000    0.898092    0.502422
-------------------------------------------
E =  241.515 MeV, Wght = 1.00, Syst = 0.05
  5.000   -0.604889    0.491503
 15.000   -0.376081    0.321528
 25.000    0.985334    0.304820
 35.000   -0.138689    0.279891
 45.000    0.212754    0.243909
 55.000    0.464334    0.204225
 65.000    1.363378    0.169001
 75.000    1.310308    0.146294
 85.000    1.698191    0.133742
 95.000    1.895412    0.128737
105.000    2.012130    0.127004
115.000    1.997004    0.128040
125.000    2.244341    0.133063
135.000    1.835379    0.140095
145.000    1.801274    0.154807
155.000    1.505451    0.182412
165.000    1.201637    0.239999
175.000    0.606668    0.541712
-------------------------------------------
E =  246.364 MeV, Wght = 1.00, Syst = 0.05
  5.000   -0.587490    0.525393
 15.000   -0.161287    0.354126
 25.000   -0.273500    0.325571
 35.000    0.251085    0.296991
 45.000    0.412013    0.255498
 55.000    0.150961    0.212803
 65.000    1.321063    0.176993
 75.000    1.396800    0.154500
 85.000    1.518177    0.143166
 95.000    2.027331    0.137091
105.000    1.924324    0.136829
115.000    2.122193    0.138097
125.000    2.220346    0.142944
135.000    2.219172    0.150796
145.000    2.019136    0.166861
155.000    1.271675    0.195930
165.000    1.100164    0.258738
175.000    0.180645    0.587941
-------------------------------------------
E =  251.188 MeV, Wght = 1.00, Syst = 0.05
  5.000    1.328404    0.618541
 15.000   -0.351010    0.391509
 25.000    0.198182    0.358758
 35.000   -0.438811    0.325718
 45.000   -0.379209    0.280790
 55.000    0.085767    0.229127
 65.000    0.929790    0.192751
 75.000    1.146681    0.169726
 85.000    1.872149    0.158875
 95.000    2.073367    0.154028
105.000    2.641280    0.152924
115.000    2.562165    0.154537
125.000    2.815456    0.160533
135.000    2.317665    0.170290
145.000    1.981776    0.185166
155.000    1.752305    0.217553
165.000    1.243562    0.287668
175.000    0.415612    0.654148
-------------------------------------------
E =  255.999 MeV, Wght = 1.00, Syst = 0.05
  5.000    0.337839    0.687153
 15.000   -0.257227    0.393298
 25.000    0.223689    0.366683
 35.000    0.371140    0.324581
 45.000   -0.111145    0.277310
 55.000    0.737123    0.228269
 65.000    1.269843    0.192380
 75.000    1.263151    0.170711
 85.000    1.992425    0.160840
 95.000    2.457209    0.157216
105.000    2.611259    0.160165
115.000    3.207010    0.158088
125.000    2.757957    0.164797
135.000    2.980587    0.173195
145.000    2.309869    0.190567
155.000    1.954190    0.225882
165.000    1.010823    0.292546
175.000    0.703843    0.673980
-------------------------------------------
E =  260.750 MeV, Wght = 1.00, Syst = 0.05
  5.000    0.258745    0.814720
 15.000   -0.116112    0.465930
 25.000   -0.059221    0.421187
 35.000   -0.416945    0.371465
 45.000   -0.553653    0.312198
 55.000    0.157390    0.258528
 65.000    0.786091    0.219059
 75.000    1.282817    0.196200
 85.000    1.678504    0.187148
 95.000    2.186279    0.182015
105.000    3.002063    0.181280
115.000    3.423275    0.184630
125.000    3.366919    0.190669
135.000    2.947359    0.202745
145.000    2.612126    0.223082
155.000    2.755539    0.262240
165.000    1.606085    0.344619
175.000   -0.104689    0.795982
-------------------------------------------
E =  265.485 MeV, Wght = 1.00, Syst = 0.05
  5.000    0.515170    0.741045
 15.000    0.463403    0.433365
 25.000   -0.778130    0.387371
 35.000   -0.273961    0.343131
 45.000    0.283279    0.294864
 55.000    0.999818    0.235945
 65.000    1.137917    0.202123
 75.000    1.487134    0.183245
 85.000    2.216421    0.174844
 95.000    2.793193    0.170409
105.000    3.468374    0.170286
115.000    3.753508    0.174140
125.000    3.402366    0.179508
135.000    3.536805    0.191877
145.000    3.106314    0.209351
155.000    2.455092    0.246034
165.000    1.862954    0.325665
175.000    0.041502    0.757828
-------------------------------------------
E =  270.204 MeV, Wght = 1.00, Syst = 0.05
  5.000   -0.154702    0.858147
 15.000   -0.384535    0.475189
 25.000   -0.706046    0.427262
 35.000   -0.508596    0.372198
 45.000   -0.792864    0.316320
 55.000    0.200160    0.254558
 65.000    0.999559    0.219354
 75.000    1.374725    0.201245
 85.000    2.559785    0.191824
 95.000    3.099073    0.188446
105.000    3.584855    0.188726
115.000    4.120595    0.191677
125.000    4.524724    0.199895
135.000    4.038377    0.212546
145.000    3.554934    0.232032
155.000    2.564922    0.273479
165.000    2.153239    0.364172
175.000   -0.659128    0.848531
-------------------------------------------
E =  274.859 MeV, Wght = 1.00, Syst = 0.05
  5.000    0.582637    0.931899
 15.000   -0.548130    0.476490
 25.000   -0.571759    0.414862
 35.000   -0.325457    0.362317
 45.000    0.018812    0.297063
 55.000    0.004944    0.247018
 65.000    1.343748    0.214002
 75.000    1.657540    0.197631
 85.000    2.362163    0.190351
 95.000    2.922265    0.187242
105.000    3.805152    0.187497
115.000    4.537441    0.190938
125.000    4.244116    0.197758
135.000    4.347532    0.210459
145.000    2.905940    0.231177
155.000    2.969176    0.271490
165.000    1.824526    0.363307
175.000    0.904766    0.826508
-------------------------------------------
E =  279.495 MeV, Wght = 1.00, Syst = 0.05
  5.000   -0.333907    0.942718
 15.000    0.111737    0.501346
 25.000    0.461432    0.426700
 35.000    0.025582    0.370841
 45.000   -0.445047    0.303678
 55.000   -0.054701    0.250729
 65.000    0.311215    0.219992
 75.000    1.440540    0.204966
 85.000    2.240134    0.197984
 95.000    3.350026    0.195519
105.000    4.057931    0.195816
115.000    4.799751    0.198688
125.000    4.838670    0.205789
135.000    4.650030    0.220397
145.000    4.455053    0.242307
155.000    3.162090    0.282826
165.000    2.263356    0.375841
175.000    1.318977    0.894483
-------------------------------------------
E =  284.094 MeV, Wght = 1.00, Syst = 0.05
  5.000   -0.595168    1.031990
 15.000    0.056548    0.528592
 25.000   -0.831071    0.452734
 35.000   -0.671155    0.385646
 45.000   -1.142363    0.314704
 55.000   -0.655590    0.261616
 65.000    0.856871    0.231516
 75.000    1.121533    0.217608
 85.000    2.458030    0.210498
 95.000    3.099429    0.208210
105.000    4.239355    0.208239
115.000    4.854227    0.211836
125.000    5.345505    0.218573
135.000    5.161787    0.234827
145.000    4.643438    0.257926
155.000    3.594276    0.301621
165.000    2.303768    0.407652
175.000    0.360572    0.962458
-------------------------------------------
E =  288.656 MeV, Wght = 1.00, Syst = 0.05
  5.000    0.901085    1.004348
 15.000   -0.272375    0.520714
 25.000   -0.737030    0.439539
 35.000   -1.628864    0.382403
 45.000   -1.074781    0.310634
 55.000   -0.855895    0.258436
 65.000    0.078495    0.230121
 75.000    1.052848    0.217588
 85.000    1.892796    0.210031
 95.000    2.980794    0.207763
105.000    4.194047    0.209054
115.000    5.245442    0.212885
125.000    5.615879    0.219217
135.000    5.333939    0.234581
145.000    4.753893    0.258791
155.000    3.922201    0.300473
165.000    2.486909    0.401204
175.000    1.766520    0.966196
-------------------------------------------
E =  293.179 MeV, Wght = 1.00, Syst = 0.05
  5.000    0.095648    1.091770
 15.000   -0.512904    0.554854
 25.000   -0.926950    0.468595
 35.000   -1.192503    0.403582
 45.000   -0.821544    0.329161
 55.000   -1.597954    0.271796
 65.000    0.001788    0.245637
 75.000    0.959400    0.234276
 85.000    1.761476    0.227377
 95.000    2.989166    0.224245
105.000    4.719599    0.225504
115.000    5.571959    0.227651
125.000    5.571145    0.238806
135.000    5.716319    0.253495
145.000    5.236722    0.280426
155.000    4.328995    0.324192
165.000    2.756426    0.435275
175.000    0.704183    1.003226
-------------------------------------------
E =  297.661 MeV, Wght = 1.00, Syst = 0.05
  5.000   -1.715317    1.172348
 15.000   -0.358182    0.552537
 25.000   -0.635273    0.473501
 35.000   -1.553873    0.396252
 45.000   -1.838990    0.319454
 55.000   -1.115745    0.268475
 65.000   -0.346568    0.245194
 75.000    0.580333    0.232986
 85.000    2.162838    0.227040
 95.000    3.363008    0.225619
105.000    4.567239    0.224836
115.000    5.135611    0.227955
125.000    6.161131    0.241889
135.000    5.723536    0.257339
145.000    4.962671    0.278814
155.000    4.493209    0.326927
165.000    2.761794    0.431566
175.000    2.304402    1.011381
-------------------------------------------
E =  302.103 MeV, Wght = 1.00, Syst = 0.05
  5.000    2.902372    1.337828
 15.000   -0.233486    0.646084
 25.000   -0.298253    0.552923
 35.000   -0.667670    0.467421
 45.000   -1.831690    0.378874
 55.000   -0.752335    0.317818
 65.000    0.017948    0.289621
 75.000    0.788052    0.279642
 85.000    1.983480    0.273155
 95.000    3.237596    0.270419
105.000    4.548781    0.271058
115.000    5.789728    0.275720
125.000    5.947540    0.294483
135.000    6.159833    0.312938
145.000    5.590317    0.338679
155.000    4.446768    0.389861
165.000    2.526504    0.530218
175.000    1.496703    1.238698
-------------------------------------------
E =  306.515 MeV, Wght = 1.00, Syst = 0.05
  5.000   -0.208976    1.489670
 15.000   -0.139560    0.759891
 25.000   -1.203692    0.641532
 35.000   -2.496324    0.543649
 45.000   -2.720805    0.434266
 55.000   -1.700138    0.367147
 65.000   -1.741173    0.336691
 75.000   -0.216451    0.323436
 85.000    1.287536    0.317410
 95.000    2.758537    0.313681
105.000    3.974186    0.315566
115.000    5.362346    0.322794
125.000    6.924081    0.344386
135.000    5.416434    0.365147
145.000    5.882289    0.392667
155.000    5.193436    0.456184
165.000    3.609595    0.623029
175.000    1.878700    1.397540
-------------------------------------------
E =  310.856 MeV, Wght = 1.00, Syst = 0.05
  5.000    2.043573    2.068116
 15.000   -1.947057    0.944054
 25.000   -1.345933    0.820330
 35.000   -2.192994    0.681646
 45.000   -3.731260    0.552768
 55.000   -2.480919    0.463338
 65.000   -1.746338    0.429317
 75.000   -1.527125    0.412423
 85.000    0.522995    0.405503
 95.000    2.333472    0.401423
105.000    3.678132    0.403305
115.000    5.415873    0.412143
125.000    5.911086    0.443703
135.000    6.919271    0.470811
145.000    5.853157    0.498123
155.000    6.164344    0.590175
165.000    3.926288    0.794358
175.000    0.592744    1.773493
-------------------------------------------
E =  315.167 MeV, Wght = 1.00, Syst = 0.05
  5.000   -0.785220    1.484590
 15.000   -0.353691    0.705239
 25.000   -1.419314    0.616998
 35.000   -2.804724    0.508931
 45.000   -2.674642    0.411198
 55.000   -2.832550    0.348532
 65.000   -1.773678    0.322063
 75.000   -1.448898    0.308929
 85.000    0.029850    0.304509
 95.000    1.747644    0.302696
105.000    3.963745    0.303040
115.000    4.392931    0.311461
125.000    5.765067    0.330047
135.000    6.531140    0.347075
145.000    5.848902    0.375139
155.000    4.595480    0.436750
165.000    2.861098    0.600207
175.000    3.041287    1.426082
-------------------------------------------
E =  319.430 MeV, Wght = 1.00, Syst = 0.05
  5.000   -0.011190    1.341605
 15.000   -1.147295    0.630722
 25.000   -2.278573    0.543430
 35.000   -2.773321    0.449672
 45.000   -3.090119    0.362354
 55.000   -3.247770    0.307698
 65.000   -2.018065    0.287296
 75.000   -1.177085    0.277354
 85.000    0.807724    0.271674
 95.000    2.056798    0.269921
105.000    4.049063    0.271885
115.000    4.786114    0.276729
125.000    5.697524    0.293362
135.000    5.992333    0.305391
145.000    6.468256    0.335380
155.000    4.599724    0.393433
165.000    3.211390    0.530661
175.000    1.757581    1.264617
-------------------------------------------
E =  323.647 MeV, Wght = 1.00, Syst = 0.05
  5.000    0.958260    1.402658
 15.000   -0.827786    0.671833
 25.000   -1.597738    0.591871
 35.000   -3.599791    0.488149
 45.000   -2.926316    0.391957
 55.000   -3.590924    0.334508
 65.000   -2.115621    0.311583
 75.000   -2.034036    0.301303
 85.000   -0.604400    0.296664
 95.000    1.575507    0.294053
105.000    3.345515    0.295986
115.000    4.242937    0.301445
125.000    6.266177    0.316694
135.000    5.332922    0.331198
145.000    5.691567    0.363829
155.000    5.055766    0.425006
165.000    2.963906    0.584021
175.000    1.281048    1.397291
-------------------------------------------
E =  327.826 MeV, Wght = 1.00, Syst = 0.05
  5.000   -0.024764    1.383522
 15.000   -1.537768    0.702991
 25.000   -2.221610    0.625538
 35.000   -1.858876    0.505225
 45.000   -3.436102    0.407185
 55.000   -3.117132    0.350474
 65.000   -2.568042    0.327141
 75.000   -1.848792    0.315533
 85.000    0.175319    0.311115
 95.000    1.080422    0.308175
105.000    3.303674    0.309802
115.000    4.844070    0.315448
125.000    5.770154    0.328461
135.000    6.328859    0.346018
145.000    5.670270    0.382662
155.000    5.421398    0.446895
165.000    4.020359    0.619148
175.000   -0.123324    1.467350
-------------------------------------------
E =  331.933 MeV, Wght = 1.00, Syst = 0.05
  5.000    0.579978    1.302282
 15.000   -0.784347    0.736718
 25.000   -2.101518    0.653678
 35.000   -2.213013    0.535595
 45.000   -3.797895    0.431808
 55.000   -3.419162    0.370189
 65.000   -3.680313    0.348594
 75.000   -2.251194    0.338338
 85.000   -1.255000    0.332648
 95.000    1.512156    0.330026
105.000    3.227688    0.331268
115.000    4.103884    0.336102
125.000    6.025876    0.350968
135.000    5.862510    0.368082
145.000    5.043901    0.406613
155.000    3.997677    0.475904
165.000    3.505744    0.656208
175.000   -3.064747    1.622750
-------------------------------------------
E =  336.010 MeV, Wght = 1.00, Syst = 0.05
  5.000   -0.013893    1.429963
 15.000   -0.322417    0.734206
 25.000   -2.096707    0.656639
 35.000   -2.239020    0.542599
 45.000   -2.405852    0.439874
 55.000   -4.064717    0.377119
 65.000   -3.296787    0.351795
 75.000   -2.349092    0.342280
 85.000   -0.458899    0.337454
 95.000    1.066249    0.334092
105.000    2.932750    0.334537
115.000    3.771367    0.338696
125.000    5.050727    0.352908
135.000    5.313226    0.374365
145.000    5.091338    0.414795
155.000    4.556894    0.487021
165.000    3.469674    0.671623
175.000   -2.449042    1.569000
-------------------------------------------
E =  340.018 MeV, Wght = 1.00, Syst = 0.05
  5.000   -1.876823    1.294157
 15.000   -1.414559    0.626992
 25.000   -0.798905    0.572674
 35.000   -4.050805    0.471773
 45.000   -3.089961    0.376204
 55.000   -4.042193    0.327407
 65.000   -3.271489    0.307220
 75.000   -1.804012    0.297236
 85.000   -1.022058    0.291804
 95.000    1.336133    0.289546
105.000    2.554917    0.291892
115.000    3.712655    0.293787
125.000    5.361148    0.304326
135.000    5.550764    0.319776
145.000    5.308960    0.358856
155.000    3.409141    0.421595
165.000    3.019741    0.583704
175.000   -0.627039    1.379435
-------------------------------------------
E =  343.982 MeV, Wght = 1.00, Syst = 0.05
  5.000   -1.528369    1.343040
 15.000   -0.050870    0.681592
 25.000   -1.937443    0.619936
 35.000   -2.351851    0.509746
 45.000   -4.327295    0.427146
 55.000   -4.107015    0.353982
 65.000   -3.307611    0.332244
 75.000   -2.672751    0.324098
 85.000   -1.585881    0.317833
 95.000   -0.093559    0.316908
105.000    2.147728    0.315932
115.000    3.248048    0.319336
125.000    3.963399    0.331819
135.000    5.102163    0.350872
145.000    5.282931    0.389095
155.000    4.352524    0.459168
165.000    2.309637    0.639670
175.000   -0.378276    1.535942
-------------------------------------------
E =  347.895 MeV, Wght = 1.00, Syst = 0.05
  5.000    0.168055    1.200845
 15.000   -1.889426    0.649662
 25.000   -2.956771    0.594943
 35.000   -3.216974    0.487233
 45.000   -4.162838    0.392095
 55.000   -3.320961    0.339337
 65.000   -3.627739    0.319732
 75.000   -3.116349    0.310269
 85.000   -1.422340    0.303845
 95.000    0.120975    0.302499
105.000    1.628112    0.302257
115.000    2.685934    0.305250
125.000    4.648164    0.317114
135.000    4.990675    0.335336
145.000    4.761309    0.373450
155.000    4.086704    0.434576
165.000    1.482761    0.605623
175.000    0.795505    1.399488
-------------------------------------------
E =  351.753 MeV, Wght = 1.00, Syst = 0.05
  5.000   -1.032666    1.507241
 15.000   -0.680209    0.903198
 25.000   -0.337308    0.823708
 35.000   -3.202841    0.671403
 45.000   -4.464577    0.536090
 55.000   -4.845521    0.465872
 65.000   -4.576388    0.438441
 75.000   -4.011827    0.428653
 85.000   -2.784880    0.422835
 95.000   -1.180620    0.418160
105.000    1.329032    0.416849
115.000    2.543615    0.421588
125.000    3.148423    0.436212
135.000    3.190167    0.459663
145.000    5.530850    0.514767
155.000    3.448714    0.610526
165.000    1.226127    0.833614
175.000    2.135881    1.986770
-------------------------------------------
E =  355.559 MeV, Wght = 1.00, Syst = 0.05
  5.000    1.731663    1.286377
 15.000   -2.227461    0.859286
 25.000   -3.304604    0.791317
 35.000   -2.042660    0.649837
 45.000   -3.644156    0.518628
 55.000   -3.857337    0.451532
 65.000   -4.215470    0.426495
 75.000   -3.384486    0.413612
 85.000   -1.869654    0.406375
 95.000   -1.472545    0.402296
105.000    1.086421    0.402942
115.000    2.483123    0.406364
125.000    4.042040    0.421606
135.000    4.550578    0.445904
145.000    4.286310    0.501049
155.000    3.360874    0.592210
165.000    1.212743    0.806695
175.000   -0.132960    1.943947
-------------------------------------------
E =  359.310 MeV, Wght = 1.00, Syst = 0.05
  5.000   -2.311541    1.858877
 15.000   -0.182227    1.282576
 25.000   -3.547223    1.227374
 35.000   -3.601844    0.987733
 45.000   -4.108689    0.787224
 55.000   -6.206529    0.695384
 65.000   -7.728925    0.656440
 75.000   -6.940628    0.634508
 85.000   -5.066578    0.618959
 95.000   -4.830930    0.610163
105.000   -1.652397    0.613041
115.000    2.899940    0.614190
125.000    2.822273    0.644364
135.000    5.165222    0.679238
145.000    5.469687    0.765275
155.000    3.007469    0.875696
165.000    0.716873    1.260170
175.000    3.515110    3.288839
-------------------------------------------
E =  363.018 MeV, Wght = 1.00, Syst = 0.05
  5.000    0.782109    1.022365
 15.000    0.459024    0.688465
 25.000   -1.886467    0.665466
 35.000   -2.988607    0.539913
 45.000   -3.908387    0.436267
 55.000   -4.796721    0.379455
 65.000   -4.625616    0.356050
 75.000   -3.154581    0.346226
 85.000   -2.572422    0.339036
 95.000   -0.871758    0.334037
105.000    0.569261    0.334419
115.000    1.617149    0.336500
125.000    3.200284    0.352025
135.000    3.564647    0.372261
145.000    3.023110    0.408261
155.000    2.832045    0.494109
165.000    0.914538    0.680441
175.000   -0.737119    1.650714
-------------------------------------------
E =  366.648 MeV, Wght = 1.00, Syst = 0.05
  5.000   -0.897062    0.884766
 15.000   -1.215267    0.668352
 25.000   -1.697830    0.629366
 35.000   -3.662791    0.511842
 45.000   -4.136017    0.412725
 55.000   -4.370314    0.358846
 65.000   -4.263216    0.340601
 75.000   -3.723775    0.330478
 85.000   -2.722694    0.323614
 95.000   -0.919552    0.320166
105.000    0.550542    0.319927
115.000    2.186194    0.322408
125.000    3.400440    0.336222
135.000    4.221539    0.354289
145.000    2.983572    0.390271
155.000    2.278926    0.472137
165.000    2.909382    0.668491
175.000    0.428603    1.602983
-------------------------------------------
E =  370.236 MeV, Wght = 1.00, Syst = 0.05
  5.000   -0.622725    0.803132
 15.000   -1.841840    0.654020
 25.000   -2.572870    0.636865
 35.000   -3.045919    0.518133
 45.000   -4.416967    0.418459
 55.000   -4.900249    0.366767
 65.000   -4.228665    0.344870
 75.000   -3.369501    0.334411
 85.000   -2.896594    0.330997
 95.000   -1.240633    0.321309
105.000    0.071973    0.324608
115.000    1.342246    0.328219
125.000    2.557036    0.340412
135.000    2.148841    0.360496
145.000    3.546953    0.403832
155.000    3.053166    0.480741
165.000    2.299331    0.672056
175.000    1.811581    1.574902
-------------------------------------------
E =  373.769 MeV, Wght = 1.00, Syst = 0.05
  5.000   -0.912035    0.908310
 15.000    0.256789    0.674266
 25.000   -1.257182    0.666196
 35.000   -2.769277    0.553563
 45.000   -4.039097    0.438298
 55.000   -4.169756    0.382387
 65.000   -5.370717    0.361520
 75.000   -3.291921    0.348943
 85.000   -2.414202    0.342617
 95.000   -1.289978    0.338174
105.000   -0.298505    0.339029
115.000    1.771478    0.343491
125.000    2.206707    0.355098
135.000    2.637131    0.377266
145.000    3.043230    0.415958
155.000    1.976978    0.502137
165.000    1.182660    0.703029
175.000   -0.190473    1.697203
-------------------------------------------
E =  377.248 MeV, Wght = 1.00, Syst = 0.05
  5.000    0.556068    0.863463
 15.000   -1.573470    0.641572
 25.000   -3.463499    0.629094
 35.000   -2.466403    0.520221
 45.000   -4.056484    0.414809
 55.000   -4.350576    0.361118
 65.000   -4.347813    0.339981
 75.000   -4.168195    0.328365
 85.000   -2.496079    0.323138
 95.000   -1.868501    0.318980
105.000   -0.456424    0.318771
115.000    1.052183    0.323310
125.000    2.064981    0.334985
135.000    2.186560    0.355616
145.000    2.945866    0.392157
155.000    2.266700    0.469242
165.000    1.737732    0.654223
175.000   -1.759958    1.580227
-------------------------------------------
E =  380.675 MeV, Wght = 1.00, Syst = 0.05
  5.000   -0.193103    0.927130
 15.000   -0.968761    0.697357
 25.000   -2.042696    0.679086
 35.000   -2.245924    0.559785
 45.000   -3.484572    0.463973
 55.000   -3.917916    0.395810
 65.000   -4.652953    0.374234
 75.000   -3.714693    0.361366
 85.000   -2.879867    0.354751
 95.000   -1.064904    0.347765
105.000   -0.226641    0.349413
115.000    1.118122    0.353313
125.000    1.815657    0.365939
135.000    2.431141    0.387182
145.000    3.516956    0.428951
155.000    2.177596    0.514115
165.000    2.073443    0.740108
175.000    0.337420    1.784061
-------------------------------------------
E =  384.049 MeV, Wght = 1.00, Syst = 0.05
  5.000   -0.026273    0.720148
 15.000   -0.895121    0.628291
 25.000   -1.568179    0.635693
 35.000   -4.015493    0.520782
 45.000   -3.035686    0.418118
 55.000   -3.755688    0.370413
 65.000   -3.244390    0.345839
 75.000   -4.111800    0.335117
 85.000   -2.807072    0.327039
 95.000   -1.702617    0.324428
105.000   -0.133039    0.323193
115.000    0.625178    0.323673
125.000    1.224977    0.339023
135.000    1.946967    0.358645
145.000    2.370712    0.400483
155.000    1.372569    0.484058
165.000    2.275535    0.679736
175.000    1.493091    1.666537
-------------------------------------------
E =  387.385 MeV, Wght = 1.00, Syst = 0.05
  5.000   -1.144377    0.707750
 15.000   -0.575886    0.609384
 25.000   -1.541123    0.626346
 35.000   -3.295622    0.512184
 45.000   -3.663584    0.410440
 55.000   -3.367909    0.359846
 65.000   -3.691982    0.336505
 75.000   -3.330286    0.327682
 85.000   -3.104701    0.321439
 95.000   -1.590478    0.317832
105.000    0.042561    0.317072
115.000    0.592227    0.320183
125.000    1.674145    0.334788
135.000    2.011942    0.348513
145.000    2.849291    0.389404
155.000    1.093794    0.473341
165.000    1.375754    0.672077
175.000    0.306364    1.590101
-------------------------------------------
E =  390.639 MeV, Wght = 1.00, Syst = 0.05
  5.000    0.460623    0.697712
 15.000   -0.616238    0.605737
 25.000   -1.402155    0.632502
 35.000   -1.640309    0.517167
 45.000   -3.370343    0.409641
 55.000   -3.642399    0.364942
 65.000   -3.574583    0.341497
 75.000   -3.611511    0.330796
 85.000   -3.035525    0.322024
 95.000   -1.448296    0.317049
105.000   -0.681028    0.316978
115.000    0.801025    0.317863
125.000    1.737044    0.334497
135.000    1.928759    0.351540
145.000    1.670677    0.395203
155.000    0.989086    0.470274
165.000    1.053505    0.677652
175.000   -0.077633    1.791126
-------------------------------------------
E =  393.897 MeV, Wght = 1.00, Syst = 0.05
  5.000    0.139059    0.698729
 15.000   -1.573900    0.691264
 25.000   -3.152786    0.720431
 35.000   -2.734050    0.579039
 45.000   -2.992030    0.471267
 55.000   -4.051221    0.411571
 65.000   -4.780665    0.391016
 75.000   -3.679350    0.374506
 85.000   -2.250418    0.366122
 95.000   -2.132499    0.357156
105.000   -0.831639    0.358594
115.000    0.598464    0.364670
125.000    0.735453    0.375128
135.000    1.745824    0.397369
145.000    1.962727    0.442665
155.000    2.223032    0.527352
165.000    1.846404    0.809826
175.000   -3.592081    2.042705
-------------------------------------------
E =  397.294 MeV, Wght = 1.00, Syst = 0.05
  5.000   -0.396447    0.647785
 15.000    0.350123    0.544386
 25.000   -1.784921    0.567838
 35.000   -2.959454    0.462458
 45.000   -2.700114    0.372790
 55.000   -3.666485    0.330084
 65.000   -3.249855    0.313643
 75.000   -3.967493    0.310142
 85.000   -2.707730    0.292202
 95.000   -1.429930    0.290317
105.000   -1.351453    0.289019
115.000    0.349127    0.293232
125.000    1.329717    0.303320
135.000    1.132838    0.322620
145.000    1.666479    0.359750
155.000    1.172802    0.434456
165.000   -0.033529    0.615046
175.000    0.528670    1.533352
-------------------------------------------
E =  400.901 MeV, Wght = 1.00, Syst = 0.05
  5.000    0.509920    0.711607
 15.000    0.100658    0.688587
 25.000   -2.193814    0.760458
 35.000   -2.565431    0.616201
 45.000   -3.446404    0.493351
 55.000   -3.749467    0.434994
 65.000   -3.733246    0.407019
 75.000   -3.006190    0.391528
 85.000   -2.652115    0.385494
 95.000   -2.237599    0.378769
105.000   -0.992873    0.365000
115.000   -0.240921    0.390541
125.000    1.114861    0.395130
135.000    2.270075    0.420460
145.000    1.232614    0.467077
155.000    2.316740    0.558045
165.000    2.780435    0.807797
175.000   -0.279241    2.005640
-------------------------------------------
E =  404.619 MeV, Wght = 1.00, Syst = 0.05
  5.000    0.000058    0.523033
 15.000   -1.087587    0.529049
 25.000   -1.927410    0.567643
 35.000   -2.793091    0.455678
 45.000   -3.477611    0.370887
 55.000   -3.529791    0.325424
 65.000   -4.174755    0.305917
 75.000   -3.813538    0.295517
 85.000   -3.193738    0.288059
 95.000   -1.783049    0.283661
105.000   -0.620996    0.284388
115.000   -0.130312    0.285636
125.000    0.260933    0.296874
135.000    1.458660    0.319182
145.000    1.441648    0.349020
155.000    1.547877    0.426648
165.000   -0.179307    0.606290
175.000   -2.790982    1.655794
-------------------------------------------
E =  408.274 MeV, Wght = 1.00, Syst = 0.05
  5.000    1.489887    0.639493
 15.000   -0.909368    0.612526
 25.000   -1.570811    0.654262
 35.000   -2.953320    0.533447
 45.000   -3.486971    0.423706
 55.000   -3.023380    0.377263
 65.000   -3.595234    0.353996
 75.000   -4.102612    0.339891
 85.000   -2.408817    0.329367
 95.000   -2.269631    0.326823
105.000   -1.679272    0.326603
115.000   -0.413023    0.328518
125.000    0.816851    0.344595
135.000    0.869442    0.361347
145.000    0.860444    0.402306
155.000    2.082105    0.491042
165.000    1.818139    0.692227
175.000    1.462110    1.626870
-------------------------------------------
E =  411.703 MeV, Wght = 1.00, Syst = 0.05
  5.000    3.125432    1.627234
 15.000    0.189636    1.081706
 25.000   -1.937497    1.140470
 35.000   -3.256989    0.939809
 45.000   -3.444202    0.758159
 55.000   -2.921014    0.666045
 65.000   -4.986649    0.622288
 75.000   -3.627017    0.602526
 85.000   -2.829017    0.586753
 95.000   -3.036130    0.574422
105.000   -2.017016    0.578115
115.000    0.246523    0.586116
125.000   -0.283962    0.611389
135.000    2.425005    0.643760
145.000    0.857331    0.709769
155.000    1.083316    0.850254
165.000    0.775289    1.269554
175.000   -2.326473    3.614586
-------------------------------------------
E =  414.790 MeV, Wght = 1.00, Syst = 0.05
  5.000    1.439380    0.731279
 15.000    0.066050    0.535965
 25.000   -2.247864    0.629432
 35.000   -2.474936    0.503963
 45.000   -2.907921    0.408637
 55.000   -3.509900    0.360110
 65.000   -4.240886    0.337634
 75.000   -3.110760    0.325120
 85.000   -2.752448    0.316084
 95.000   -2.342494    0.310583
105.000   -0.978447    0.313607
115.000    0.084180    0.316846
125.000    0.495203    0.325969
135.000    0.434916    0.345654
145.000    1.315525    0.384535
155.000    1.043424    0.468616
165.000    0.189575    0.664396
175.000    1.606035    1.701157
-------------------------------------------
E =  417.483 MeV, Wght = 1.00, Syst = 0.05
  5.000    0.125326    0.846676
 15.000    0.097589    0.732332
 25.000   -0.847923    0.788172
 35.000   -3.154394    0.638335
 45.000   -2.596767    0.522605
 55.000   -3.625164    0.459880
 65.000   -4.016124    0.430444
 75.000   -3.183120    0.410394
 85.000   -2.910688    0.402283
 95.000   -2.255643    0.396808
105.000   -1.790225    0.397075
115.000   -0.841009    0.401646
125.000   -0.074259    0.415375
135.000   -0.059377    0.436485
145.000    1.151952    0.488352
155.000    1.253569    0.586544
165.000   -0.815309    0.886103
175.000    1.885261    2.011272
-------------------------------------------
E =  420.000 MeV, Wght = 1.00, Syst = 0.05
-------------------------------------------
E =  425.000 MeV, Wght = 1.00, Syst = 0.05
-------------------------------------------
E =  430.000 MeV, Wght = 1.00, Syst = 0.05
-------------------------------------------
E =  435.000 MeV, Wght = 1.00, Syst = 0.05
-------------------------------------------
E =  440.000 MeV, Wght = 1.00, Syst = 0.05
-------------------------------------------
E =  445.000 MeV, Wght = 1.00, Syst = 0.05
-------------------------------------------
E =  450.000 MeV, Wght = 1.00, Syst = 0.05
-------------------------------------------
E =  455.000 MeV, Wght = 1.00, Syst = 0.05
-------------------------------------------
E =  460.000 MeV, Wght = 1.00, Syst = 0.05
-------------------------------------------
E =  465.000 MeV, Wght = 1.00, Syst = 0.05
-------------------------------------------
E =  470.000 MeV, Wght = 1.00, Syst = 0.05
-------------------------------------------
E =  475.000 MeV, Wght = 1.00, Syst = 0.05
-------------------------------------------
E =  480.000 MeV, Wght = 1.00, Syst = 0.05
-------------------------------------------
E =  485.000 MeV, Wght = 1.00, Syst = 0.05
-------------------------------------------
E =  490.000 MeV, Wght = 1.00, Syst = 0.05
-------------------------------------------
E =  495.000 MeV, Wght = 1.00, Syst = 0.05
-------------------------------------------
E =  500.000 MeV, Wght = 1.00, Syst = 0.05
-------------------------------------------
E =  505.000 MeV, Wght = 1.00, Syst = 0.05
-------------------------------------------
E =  510.000 MeV, Wght = 1.00, Syst = 0.05
-------------------------------------------
E =  515.000 MeV, Wght = 1.00, Syst = 0.05
-------------------------------------------
E =  520.000 MeV, Wght = 1.00, Syst = 0.05
-------------------------------------------
E =  525.000 MeV, Wght = 1.00, Syst = 0.05
-------------------------------------------
E =  530.000 MeV, Wght = 1.00, Syst = 0.05
-------------------------------------------
E =  535.000 MeV, Wght = 1.00, Syst = 0.05
-------------------------------------------
E =  540.000 MeV, Wght = 1.00, Syst = 0.05
-------------------------------------------
E =  545.000 MeV, Wght = 1.00, Syst = 0.05
-------------------------------------------
E =  550.000 MeV, Wght = 1.00, Syst = 0.05
-------------------------------------------
E =  555.000 MeV, Wght = 1.00, Syst = 0.05
-------------------------------------------
E =  560.000 MeV, Wght = 1.00, Syst = 0.05
-------------------------------------------
E =  565.000 MeV, Wght = 1.00, Syst = 0.05
-------------------------------------------
E =  570.000 MeV, Wght = 1.00, Syst = 0.05
-------------------------------------------
E =  575.000 MeV, Wght = 1.00, Syst = 0.05
-------------------------------------------
E =  580.000 MeV, Wght = 1.00, Syst = 0.05
-------------------------------------------
E =  585.000 MeV, Wght = 1.00, Syst = 0.05
-------------------------------------------
E =  590.000 MeV, Wght = 1.00, Syst = 0.05
-------------------------------------------
E =  595.000 MeV, Wght = 1.00, Syst = 0.05
-------------------------------------------
E =  600.000 MeV, Wght = 1.00, Syst = 0.05
-------------------------------------------
E =  605.000 MeV, Wght = 1.00, Syst = 0.05
-------------------------------------------
E =  610.000 MeV, Wght = 1.00, Syst = 0.05
-------------------------------------------
E =  615.000 MeV, Wght = 1.00, Syst = 0.05
-------------------------------------------
E =  620.000 MeV, Wght = 1.00, Syst = 0.05
-------------------------------------------
E =  625.000 MeV, Wght = 1.00, Syst = 0.05
-------------------------------------------
E =  630.000 MeV, Wght = 1.00, Syst = 0.05
-------------------------------------------
E =  635.000 MeV, Wght = 1.00, Syst = 0.05
-------------------------------------------
E =  640.000 MeV, Wght = 1.00, Syst = 0.05
-------------------------------------------
E =  645.000 MeV, Wght = 1.00, Syst = 0.05
-------------------------------------------
E =  650.000 MeV, Wght = 1.00, Syst = 0.05
-------------------------------------------
E =  655.000 MeV, Wght = 1.00, Syst = 0.05
-------------------------------------------
E =  660.000 MeV, Wght = 1.00, Syst = 0.05
-------------------------------------------
E =  665.000 MeV, Wght = 1.00, Syst = 0.05
-------------------------------------------
E =  670.000 MeV, Wght = 1.00, Syst = 0.05
-------------------------------------------
E =  675.000 MeV, Wght = 1.00, Syst = 0.05
-------------------------------------------
E =  680.000 MeV, Wght = 1.00, Syst = 0.05
-------------------------------------------
E =  685.000 MeV, Wght = 1.00, Syst = 0.05
-------------------------------------------
E =  690.000 MeV, Wght = 1.00, Syst = 0.05
-------------------------------------------
E =  695.000 MeV, Wght = 1.00, Syst = 0.05
-------------------------------------------
E =  700.000 MeV, Wght = 1.00, Syst = 0.05
-------------------------------------------
E =  705.000 MeV, Wght = 1.00, Syst = 0.05
-------------------------------------------
E =  710.000 MeV, Wght = 1.00, Syst = 0.05
-------------------------------------------
E =  715.000 MeV, Wght = 1.00, Syst = 0.05
-------------------------------------------
E =  720.000 MeV, Wght = 1.00, Syst = 0.05
-------------------------------------------
E =  725.000 MeV, Wght = 1.00, Syst = 0.05
-------------------------------------------
E =  730.000 MeV, Wght = 1.00, Syst = 0.05
-------------------------------------------
E =  735.000 MeV, Wght = 1.00, Syst = 0.05
-------------------------------------------
E =  740.000 MeV, Wght = 1.00, Syst = 0.05
-------------------------------------------
E =  745.000 MeV, Wght = 1.00, Syst = 0.05
-------------------------------------------
E =  750.000 MeV, Wght = 1.00, Syst = 0.05
-------------------------------------------
E =  755.000 MeV, Wght = 1.00, Syst = 0.05
-------------------------------------------
E =  760.000 MeV, Wght = 1.00, Syst = 0.05
-------------------------------------------
E =  765.000 MeV, Wght = 1.00, Syst = 0.05
-------------------------------------------
E =  770.000 MeV, Wght = 1.00, Syst = 0.05
-------------------------------------------
E =  775.000 MeV, Wght = 1.00, Syst = 0.05
-------------------------------------------
E =  780.000 MeV, Wght = 1.00, Syst = 0.05
-------------------------------------------
E =  785.000 MeV, Wght = 1.00, Syst = 0.05
-------------------------------------------
E =  790.000 MeV, Wght = 1.00, Syst = 0.05
-------------------------------------------
E =  795.000 MeV, Wght = 1.00, Syst = 0.05
-------------------------------------------
E =  800.000 MeV, Wght = 1.00, Syst = 0.05
-------------------------------------------
E =  805.000 MeV, Wght = 1.00, Syst = 0.05
-------------------------------------------
E =  810.000 MeV, Wght = 1.00, Syst = 0.05
-------------------------------------------
E =  815.000 MeV, Wght = 1.00, Syst = 0.05
-------------------------------------------
E =  820.000 MeV, Wght = 1.00, Syst = 0.05
-------------------------------------------
E =  825.000 MeV, Wght = 1.00, Syst = 0.05
-------------------------------------------
E =  830.000 MeV, Wght = 1.00, Syst = 0.05
-------------------------------------------
E =  835.000 MeV, Wght = 1.00, Syst = 0.05
-------------------------------------------
E =  840.000 MeV, Wght = 1.00, Syst = 0.05
-------------------------------------------
E =  845.000 MeV, Wght = 1.00, Syst = 0.05
-------------------------------------------
E =  850.000 MeV, Wght = 1.00, Syst = 0.05
-------------------------------------------
E =  855.000 MeV, Wght = 1.00, Syst = 0.05
-------------------------------------------
E =  860.000 MeV, Wght = 1.00, Syst = 0.05
-------------------------------------------
E =  865.000 MeV, Wght = 1.00, Syst = 0.05
-------------------------------------------
E =  870.000 MeV, Wght = 1.00, Syst = 0.05
-------------------------------------------
E =  875.000 MeV, Wght = 1.00, Syst = 0.05
-------------------------------------------
E =  880.000 MeV, Wght = 1.00, Syst = 0.05
-------------------------------------------
E =  885.000 MeV, Wght = 1.00, Syst = 0.05
-------------------------------------------
E =  890.000 MeV, Wght = 1.00, Syst = 0.05
-------------------------------------------
E =  895.000 MeV, Wght = 1.00, Syst = 0.05
-------------------------------------------
E =  900.000 MeV, Wght = 1.00, Syst = 0.05
-------------------------------------------
E =  905.000 MeV, Wght = 1.00, Syst = 0.05
-------------------------------------------
E =  910.000 MeV, Wght = 1.00, Syst = 0.05
-------------------------------------------
E =  915.000 MeV, Wght = 1.00, Syst = 0.05
-------------------------------------------
E =  920.000 MeV, Wght = 1.00, Syst = 0.05
-------------------------------------------
E =  925.000 MeV, Wght = 1.00, Syst = 0.05
-------------------------------------------
E =  930.000 MeV, Wght = 1.00, Syst = 0.05
-------------------------------------------
E =  935.000 MeV, Wght = 1.00, Syst = 0.05
-------------------------------------------
E =  940.000 MeV, Wght = 1.00, Syst = 0.05
-------------------------------------------
E =  945.000 MeV, Wght = 1.00, Syst = 0.05
-------------------------------------------
E =  950.000 MeV, Wght = 1.00, Syst = 0.05
-------------------------------------------
E =  955.000 MeV, Wght = 1.00, Syst = 0.05
-------------------------------------------
E =  960.000 MeV, Wght = 1.00, Syst = 0.05
-------------------------------------------
E =  965.000 MeV, Wght = 1.00, Syst = 0.05
-------------------------------------------
E =  970.000 MeV, Wght = 1.00, Syst = 0.05
-------------------------------------------
E =  975.000 MeV, Wght = 1.00, Syst = 0.05
-------------------------------------------
E =  980.000 MeV, Wght = 1.00, Syst = 0.05
-------------------------------------------
E =  985.000 MeV, Wght = 1.00, Syst = 0.05
-------------------------------------------
E =  990.000 MeV, Wght = 1.00, Syst = 0.05
-------------------------------------------
E =  995.000 MeV, Wght = 1.00, Syst = 0.05
-------------------------------------------
E = 1000.000 MeV, Wght = 1.00, Syst = 0.05
-------------------------------------------
E = 1005.000 MeV, Wght = 1.00, Syst = 0.05
-------------------------------------------
E = 1010.000 MeV, Wght = 1.00, Syst = 0.05
-------------------------------------------
E = 1015.000 MeV, Wght = 1.00, Syst = 0.05
-------------------------------------------
E = 1020.000 MeV, Wght = 1.00, Syst = 0.05
-------------------------------------------
E = 1025.000 MeV, Wght = 1.00, Syst = 0.05
-------------------------------------------
E = 1030.000 MeV, Wght = 1.00, Syst = 0.05
-------------------------------------------
E = 1035.000 MeV, Wght = 1.00, Syst = 0.05
-------------------------------------------
E = 1040.000 MeV, Wght = 1.00, Syst = 0.05
-------------------------------------------
E = 1045.000 MeV, Wght = 1.00, Syst = 0.05
-------------------------------------------
E = 1050.000 MeV, Wght = 1.00, Syst = 0.05
-------------------------------------------
E = 1055.000 MeV, Wght = 1.00, Syst = 0.05
-------------------------------------------
E = 1060.000 MeV, Wght = 1.00, Syst = 0.05
-------------------------------------------
E = 1065.000 MeV, Wght = 1.00, Syst = 0.05
-------------------------------------------
E = 1070.000 MeV, Wght = 1.00, Syst = 0.05
-------------------------------------------
E = 1075.000 MeV, Wght = 1.00, Syst = 0.05
-------------------------------------------
E = 1080.000 MeV, Wght = 1.00, Syst = 0.05
-------------------------------------------
E = 1085.000 MeV, Wght = 1.00, Syst = 0.05
-------------------------------------------
E = 1090.000 MeV, Wght = 1.00, Syst = 0.05
-------------------------------------------
E = 1095.000 MeV, Wght = 1.00, Syst = 0.05
-------------------------------------------
E = 1100.000 MeV, Wght = 1.00, Syst = 0.05
-------------------------------------------
E = 1105.000 MeV, Wght = 1.00, Syst = 0.05
-------------------------------------------
E = 1110.000 MeV, Wght = 1.00, Syst = 0.05
-------------------------------------------
E = 1115.000 MeV, Wght = 1.00, Syst = 0.05
-------------------------------------------
E = 1120.000 MeV, Wght = 1.00, Syst = 0.05
-------------------------------------------
E = 1125.000 MeV, Wght = 1.00, Syst = 0.05
-------------------------------------------
E = 1130.000 MeV, Wght = 1.00, Syst = 0.05
-------------------------------------------
E = 1135.000 MeV, Wght = 1.00, Syst = 0.05
-------------------------------------------
E = 1140.000 MeV, Wght = 1.00, Syst = 0.05
-------------------------------------------
E = 1145.000 MeV, Wght = 1.00, Syst = 0.05
-------------------------------------------
E = 1150.000 MeV, Wght = 1.00, Syst = 0.05
-------------------------------------------
E = 1155.000 MeV, Wght = 1.00, Syst = 0.05
-------------------------------------------
E = 1160.000 MeV, Wght = 1.00, Syst = 0.05
-------------------------------------------
E = 1165.000 MeV, Wght = 1.00, Syst = 0.05
-------------------------------------------
E = 1170.000 MeV, Wght = 1.00, Syst = 0.05
-------------------------------------------
E = 1175.000 MeV, Wght = 1.00, Syst = 0.05
-------------------------------------------
E = 1180.000 MeV, Wght = 1.00, Syst = 0.05
-------------------------------------------
E = 1185.000 MeV, Wght = 1.00, Syst = 0.05
-------------------------------------------
E = 1190.000 MeV, Wght = 1.00, Syst = 0.05
-------------------------------------------
E = 1195.000 MeV, Wght = 1.00, Syst = 0.05
-------------------------------------------
E = 1200.000 MeV, Wght = 1.00, Syst = 0.05
-------------------------------------------
E = 1205.000 MeV, Wght = 1.00, Syst = 0.05
-------------------------------------------
E = 1210.000 MeV, Wght = 1.00, Syst = 0.05
-------------------------------------------
E = 1215.000 MeV, Wght = 1.00, Syst = 0.05
-------------------------------------------
E = 1220.000 MeV, Wght = 1.00, Syst = 0.05
-------------------------------------------
E = 1225.000 MeV, Wght = 1.00, Syst = 0.05
-------------------------------------------
E = 1230.000 MeV, Wght = 1.00, Syst = 0.05
-------------------------------------------
E = 1235.000 MeV, Wght = 1.00, Syst = 0.05
-------------------------------------------
E = 1240.000 MeV, Wght = 1.00, Syst = 0.05
-------------------------------------------
E = 1245.000 MeV, Wght = 1.00, Syst = 0.05
-------------------------------------------
E = 1250.000 MeV, Wght = 1.00, Syst = 0.05
-------------------------------------------
E = 1255.000 MeV, Wght = 1.00, Syst = 0.05
-------------------------------------------
E = 1260.000 MeV, Wght = 1.00, Syst = 0.05
-------------------------------------------
E = 1265.000 MeV, Wght = 1.00, Syst = 0.05
-------------------------------------------
E = 1270.000 MeV, Wght = 1.00, Syst = 0.05
-------------------------------------------
E = 1275.000 MeV, Wght = 1.00, Syst = 0.05
-------------------------------------------
E = 1280.000 MeV, Wght = 1.00, Syst = 0.05
-------------------------------------------
E = 1285.000 MeV, Wght = 1.00, Syst = 0.05
-------------------------------------------
E = 1290.000 MeV, Wght = 1.00, Syst = 0.05
-------------------------------------------
E = 1295.000 MeV, Wght = 1.00, Syst = 0.05
-------------------------------------------
E = 1300.000 MeV, Wght = 1.00, Syst = 0.05
-------------------------------------------
E = 1305.000 MeV, Wght = 1.00, Syst = 0.05
-------------------------------------------
E = 1310.000 MeV, Wght = 1.00, Syst = 0.05
-------------------------------------------
E = 1315.000 MeV, Wght = 1.00, Syst = 0.05
-------------------------------------------
E = 1320.000 MeV, Wght = 1.00, Syst = 0.05
-------------------------------------------
E = 1325.000 MeV, Wght = 1.00, Syst = 0.05
-------------------------------------------
E = 1330.000 MeV, Wght = 1.00, Syst = 0.05
-------------------------------------------
E = 1335.000 MeV, Wght = 1.00, Syst = 0.05
-------------------------------------------
E = 1340.000 MeV, Wght = 1.00, Syst = 0.05
-------------------------------------------
E = 1345.000 MeV, Wght = 1.00, Syst = 0.05
-------------------------------------------
E = 1350.000 MeV, Wght = 1.00, Syst = 0.05
-------------------------------------------
E = 1355.000 MeV, Wght = 1.00, Syst = 0.05
-------------------------------------------
E = 1360.000 MeV, Wght = 1.00, Syst = 0.05
-------------------------------------------
E = 1365.000 MeV, Wght = 1.00, Syst = 0.05
-------------------------------------------
E = 1370.000 MeV, Wght = 1.00, Syst = 0.05
-------------------------------------------
E = 1375.000 MeV, Wght = 1.00, Syst = 0.05
-------------------------------------------
E = 1380.000 MeV, Wght = 1.00, Syst = 0.05
-------------------------------------------
E = 1385.000 MeV, Wght = 1.00, Syst = 0.05
-------------------------------------------
E = 1390.000 MeV, Wght = 1.00, Syst = 0.05
-------------------------------------------
E = 1395.000 MeV, Wght = 1.00, Syst = 0.05
-------------------------------------------
E = 1400.000 MeV, Wght = 1.00, Syst = 0.05
-------------------------------------------
E = 1405.000 MeV, Wght = 1.00, Syst = 0.05
-------------------------------------------
E = 1410.000 MeV, Wght = 1.00, Syst = 0.05
-------------------------------------------
E = 1415.000 MeV, Wght = 1.00, Syst = 0.05
-------------------------------------------
E = 1420.000 MeV, Wght = 1.00, Syst = 0.05
-------------------------------------------
E = 1425.000 MeV, Wght = 1.00, Syst = 0.05
-------------------------------------------
E = 1430.000 MeV, Wght = 1.00, Syst = 0.05
-------------------------------------------
E = 1435.000 MeV, Wght = 1.00, Syst = 0.05
-------------------------------------------
E = 1440.000 MeV, Wght = 1.00, Syst = 0.05
-------------------------------------------
E = 1445.000 MeV, Wght = 1.00, Syst = 0.05
-------------------------------------------
E = 1450.000 MeV, Wght = 1.00, Syst = 0.05
-------------------------------------------
E = 1455.000 MeV, Wght = 1.00, Syst = 0.05
-------------------------------------------
E = 1460.000 MeV, Wght = 1.00, Syst = 0.05
-------------------------------------------
E = 1465.000 MeV, Wght = 1.00, Syst = 0.05
-------------------------------------------
E = 1470.000 MeV, Wght = 1.00, Syst = 0.05
-------------------------------------------
E = 1475.000 MeV, Wght = 1.00, Syst = 0.05
-------------------------------------------
E = 1480.000 MeV, Wght = 1.00, Syst = 0.05
-------------------------------------------
E = 1485.000 MeV, Wght = 1.00, Syst = 0.05
-------------------------------------------
E = 1490.000 MeV, Wght = 1.00, Syst = 0.05
-------------------------------------------
E = 1495.000 MeV, Wght = 1.00, Syst = 0.05
-------------------------------------------
E = 1500.000 MeV, Wght = 1.00, Syst = 0.05
-------------------------------------------
E = 1505.000 MeV, Wght = 1.00, Syst = 0.05
-------------------------------------------
E = 1510.000 MeV, Wght = 1.00, Syst = 0.05
-------------------------------------------
E = 1515.000 MeV, Wght = 1.00, Syst = 0.05
-------------------------------------------
E = 1520.000 MeV, Wght = 1.00, Syst = 0.05
-------------------------------------------
E = 1525.000 MeV, Wght = 1.00, Syst = 0.05
-------------------------------------------
E = 1530.000 MeV, Wght = 1.00, Syst = 0.05
-------------------------------------------
E = 1535.000 MeV, Wght = 1.00, Syst = 0.05
-------------------------------------------
E = 1540.000 MeV, Wght = 1.00, Syst = 0.05
-------------------------------------------
E = 1545.000 MeV, Wght = 1.00, Syst = 0.05
-------------------------------------------
E = 1550.000 MeV, Wght = 1.00, Syst = 0.05
-------------------------------------------
E = 1555.000 MeV, Wght = 1.00, Syst = 0.05
-------------------------------------------
E = 1560.000 MeV, Wght = 1.00, Syst = 0.05
-------------------------------------------
E = 1565.000 MeV, Wght = 1.00, Syst = 0.05
-------------------------------------------
E = 1570.000 MeV, Wght = 1.00, Syst = 0.05
-------------------------------------------
E = 1575.000 MeV, Wght = 1.00, Syst = 0.05
-------------------------------------------
E = 1580.000 MeV, Wght = 1.00, Syst = 0.05
-------------------------------------------
E = 1585.000 MeV, Wght = 1.00, Syst = 0.05
-------------------------------------------
E = 1590.000 MeV, Wght = 1.00, Syst = 0.05
-------------------------------------------
E = 1595.000 MeV, Wght = 1.00, Syst = 0.05
-------------------------------------------
E = 1600.000 MeV, Wght = 1.00, Syst = 0.05
-------------------------------------------
