E =  143.651 MeV, Wght = 1.00, Syst = 0.05
  5.000        -nan        -nan
 15.000        -nan        -nan
 25.000        -nan        -nan
 35.000        -nan        -nan
 45.000        -nan        -nan
 55.000        -nan        -nan
 65.000        -nan        -nan
 75.000        -nan        -nan
 85.000        -nan        -nan
 95.000        -nan        -nan
105.000        -nan        -nan
115.000        -nan        -nan
125.000        -nan        -nan
135.000        -nan        -nan
145.000        -nan        -nan
155.000        -nan        -nan
165.000        -nan        -nan
175.000        -nan        -nan
-------------------------------------------
E =  148.745 MeV, Wght = 1.00, Syst = 0.05
  5.000    0.119950    0.340373
 15.000    0.042670    0.060422
 25.000    0.080248    0.061384
 35.000    0.031179    0.047728
 45.000   -0.025166    0.046599
 55.000   -0.079547    0.042427
 65.000   -0.076234    0.047384
 75.000   -0.006015    0.042884
 85.000   -0.060492    0.060381
 95.000   -0.042355    0.042552
105.000    0.019036    0.035827
115.000   -0.010268    0.045301
125.000    0.004236    0.038279
135.000   -0.017007    0.038364
145.000    0.023407    0.047914
155.000    0.033527    0.056320
165.000    0.080714    0.098241
175.000   -6.451657  26291.766461
-------------------------------------------
E =  153.855 MeV, Wght = 1.00, Syst = 0.05
  5.000    0.171856    0.152306
 15.000    0.085293    0.072485
 25.000    0.037952    0.068108
 35.000    0.034474    0.064680
 45.000   -0.054244    0.063166
 55.000   -0.036856    0.059354
 65.000   -0.068613    0.052038
 75.000    0.015605    0.044176
 85.000    0.058624    0.038545
 95.000   -0.073834    0.035244
105.000    0.038523    0.033976
115.000   -0.031744    0.035386
125.000    0.053808    0.034881
135.000    0.012098    0.038173
145.000    0.063231    0.042423
155.000    0.049683    0.049748
165.000    0.019288    0.058736
175.000    0.008616    0.168300
-------------------------------------------
E =  158.929 MeV, Wght = 1.00, Syst = 0.05
  5.000    0.301674    0.209731
 15.000   -0.114066    0.106370
 25.000   -0.036972    0.100522
 35.000   -0.229603    0.103685
 45.000   -0.167888    0.103349
 55.000    0.078838    0.097529
 65.000   -0.044393    0.087814
 75.000   -0.087397    0.073176
 85.000    0.110967    0.061393
 95.000    0.193170    0.054501
105.000    0.099359    0.052208
115.000    0.060229    0.050818
125.000    0.183993    0.053541
135.000    0.115510    0.056094
145.000    0.278266    0.062366
155.000    0.205189    0.071979
165.000   -0.064352    0.087923
175.000   -0.029459    0.207586
-------------------------------------------
E =  164.016 MeV, Wght = 1.00, Syst = 0.05
  5.000    0.103615    0.203175
 15.000   -0.109786    0.120053
 25.000   -0.033227    0.117785
 35.000   -0.104089    0.118778
 45.000   -0.135891    0.119996
 55.000   -0.192775    0.114587
 65.000   -0.157033    0.102151
 75.000   -0.034099    0.086427
 85.000    0.258868    0.070851
 95.000    0.064536    0.060950
105.000    0.084395    0.057254
115.000    0.061804    0.056938
125.000    0.140752    0.058035
135.000    0.217183    0.062307
145.000    0.175593    0.066375
155.000    0.119190    0.076171
165.000    0.098707    0.096487
175.000    0.144174    0.219595
-------------------------------------------
E =  169.115 MeV, Wght = 1.00, Syst = 0.05
  5.000    0.100255    0.251501
 15.000   -0.103207    0.140398
 25.000   -0.059733    0.142924
 35.000   -0.352570    0.146674
 45.000   -0.220248    0.147472
 55.000    0.012638    0.139906
 65.000   -0.327073    0.123343
 75.000    0.036190    0.104158
 85.000    0.176740    0.084352
 95.000   -0.004383    0.072842
105.000    0.062291    0.067715
115.000    0.191385    0.067408
125.000    0.170181    0.068622
135.000    0.138123    0.072807
145.000    0.303839    0.077914
155.000    0.309258    0.092199
165.000    0.156909    0.117081
175.000    0.667327    0.270727
-------------------------------------------
E =  174.175 MeV, Wght = 1.00, Syst = 0.05
  5.000   -0.153729    0.299116
 15.000   -0.348740    0.183793
 25.000   -0.142984    0.185537
 35.000   -0.341071    0.190444
 45.000    0.028883    0.190941
 55.000   -0.552287    0.179560
 65.000   -0.060820    0.158507
 75.000   -0.048396    0.131912
 85.000    0.064483    0.107627
 95.000    0.166561    0.091465
105.000    0.236623    0.085466
115.000    0.313287    0.085098
125.000    0.187979    0.087796
135.000    0.332224    0.092970
145.000    0.337143    0.102201
155.000    0.416963    0.115406
165.000    0.143038    0.147773
175.000   -0.042753    0.364792
-------------------------------------------
E =  179.245 MeV, Wght = 1.00, Syst = 0.05
  5.000   -0.657516    0.351456
 15.000   -0.103879    0.192141
 25.000   -0.465463    0.197256
 35.000   -0.470637    0.200994
 45.000   -0.407007    0.199552
 55.000   -0.141947    0.187975
 65.000   -0.256985    0.163494
 75.000   -0.139879    0.134666
 85.000   -0.000216    0.110429
 95.000    0.074379    0.095541
105.000    0.247341    0.089523
115.000    0.296086    0.089669
125.000    0.314297    0.091143
135.000    0.426476    0.097152
145.000    0.607990    0.106842
155.000    0.452475    0.121725
165.000    0.335700    0.154431
175.000   -0.065224    0.371334
-------------------------------------------
E =  184.325 MeV, Wght = 1.00, Syst = 0.05
  5.000   -0.157850    0.350223
 15.000    0.177105    0.218655
 25.000   -0.407410    0.227905
 35.000   -0.379734    0.227462
 45.000   -0.492312    0.228029
 55.000   -0.338841    0.209629
 65.000   -0.079029    0.180853
 75.000   -0.125643    0.150829
 85.000    0.064994    0.120858
 95.000    0.092500    0.106303
105.000    0.437087    0.101084
115.000    0.342334    0.099144
125.000    0.465163    0.103538
135.000    0.676674    0.109472
145.000    0.486962    0.118007
155.000    0.530492    0.135707
165.000    0.585144    0.179444
175.000    0.613120    0.398279
-------------------------------------------
E =  189.359 MeV, Wght = 1.00, Syst = 0.05
  5.000   -0.261136    0.344982
 15.000    0.205658    0.229781
 25.000   -0.355149    0.242046
 35.000   -0.083422    0.242796
 45.000   -0.697178    0.234770
 55.000   -0.290594    0.217468
 65.000   -0.261849    0.185077
 75.000   -0.424508    0.152520
 85.000   -0.034782    0.124943
 95.000    0.289881    0.110218
105.000    0.382775    0.104164
115.000    0.732226    0.104408
125.000    0.849656    0.106064
135.000    0.890777    0.113163
145.000    0.879573    0.124179
155.000    0.729631    0.141551
165.000    0.105171    0.181646
175.000    0.506981    0.421313
-------------------------------------------
E =  194.401 MeV, Wght = 1.00, Syst = 0.05
  5.000   -0.093783    0.507475
 15.000   -0.305998    0.315266
 25.000   -1.796448    0.325766
 35.000   -0.934918    0.333254
 45.000   -0.643182    0.318055
 55.000   -0.567844    0.287617
 65.000   -0.395566    0.246631
 75.000   -0.492029    0.201038
 85.000   -0.005724    0.167144
 95.000    0.024982    0.147159
105.000    0.660761    0.140587
115.000    0.876352    0.139311
125.000    1.084355    0.143960
135.000    1.000515    0.151498
145.000    0.987136    0.165478
155.000    0.878501    0.195191
165.000    0.225770    0.246892
175.000    0.064351    0.587243
-------------------------------------------
E =  199.450 MeV, Wght = 1.00, Syst = 0.05
  5.000   -0.069788    0.476989
 15.000   -0.782371    0.310325
 25.000   -1.104430    0.321676
 35.000   -0.625607    0.321909
 45.000   -0.821574    0.307561
 55.000   -0.649750    0.275375
 65.000   -0.411912    0.234306
 75.000   -0.289593    0.188671
 85.000    0.169590    0.158837
 95.000    0.291568    0.142372
105.000    0.573707    0.135756
115.000    0.950287    0.135640
125.000    1.345444    0.138033
135.000    1.174542    0.145900
145.000    1.262721    0.163266
155.000    1.116729    0.191204
165.000    0.404008    0.247731
175.000    0.078393    0.555930
-------------------------------------------
E =  204.447 MeV, Wght = 1.00, Syst = 0.05
  5.000    0.162437    0.582800
 15.000    0.616637    0.399061
 25.000    0.109811    0.416711
 35.000   -1.383671    0.411605
 45.000   -1.698520    0.383553
 55.000   -0.971522    0.339420
 65.000   -1.017184    0.283195
 75.000   -0.778114    0.234563
 85.000   -0.272282    0.195959
 95.000    0.193208    0.179424
105.000    0.512353    0.172449
115.000    1.216476    0.170495
125.000    1.389595    0.175953
135.000    1.710508    0.186375
145.000    1.537027    0.205512
155.000    1.156528    0.241307
165.000    1.239505    0.315932
175.000    0.109228    0.634109
-------------------------------------------
E =  209.449 MeV, Wght = 1.00, Syst = 0.05
  5.000   -0.401974    0.561598
 15.000   -0.168436    0.380821
 25.000   -1.241200    0.399330
 35.000   -1.418222    0.387395
 45.000   -0.884802    0.358726
 55.000   -0.664956    0.316236
 65.000   -1.118720    0.265183
 75.000   -0.749214    0.216922
 85.000   -0.335116    0.185211
 95.000    0.473022    0.170549
105.000    0.955548    0.163812
115.000    1.487925    0.163966
125.000    1.779202    0.168321
135.000    1.895001    0.179289
145.000    1.646228    0.197864
155.000    1.319597    0.229808
165.000    0.957690    0.297249
175.000    1.157962    0.660042
-------------------------------------------
E =  214.451 MeV, Wght = 1.00, Syst = 0.05
  5.000    0.001596    0.608151
 15.000   -0.293598    0.416011
 25.000   -1.432812    0.425268
 35.000   -1.831634    0.406314
 45.000   -2.097744    0.373956
 55.000   -0.901904    0.324999
 65.000   -1.166960    0.272485
 75.000   -0.993291    0.222933
 85.000   -0.236228    0.191891
 95.000    0.603678    0.178475
105.000    1.087946    0.172726
115.000    1.383993    0.173022
125.000    2.110397    0.178670
135.000    1.851292    0.188894
145.000    2.053838    0.209679
155.000    1.492135    0.241846
165.000    0.746708    0.315151
175.000   -0.144905    0.754785
-------------------------------------------
E =  219.405 MeV, Wght = 1.00, Syst = 0.05
  5.000    1.097534    0.641454
 15.000   -0.711228    0.438212
 25.000   -0.908110    0.441432
 35.000   -1.504764    0.423360
 45.000   -1.853707    0.382318
 55.000   -1.729501    0.330982
 65.000   -1.826925    0.273781
 75.000   -1.007886    0.228082
 85.000   -0.046104    0.198634
 95.000    0.612932    0.186546
105.000    1.167971    0.179768
115.000    1.778547    0.182829
125.000    2.461483    0.187568
135.000    2.070001    0.196841
145.000    2.320049    0.218253
155.000    2.060498    0.256055
165.000    2.239304    0.333850
175.000   -0.385595    0.749754
-------------------------------------------
E =  224.355 MeV, Wght = 1.00, Syst = 0.05
  5.000    1.128102    0.903684
 15.000   -1.673426    0.602878
 25.000   -2.212650    0.599707
 35.000   -2.305464    0.569666
 45.000   -2.103047    0.510486
 55.000   -1.722718    0.436487
 65.000   -0.688621    0.360445
 75.000   -1.444240    0.302596
 85.000   -0.483924    0.267445
 95.000    0.525152    0.252523
105.000    1.161630    0.246622
115.000    2.575257    0.248206
125.000    2.639413    0.256043
135.000    2.536421    0.270531
145.000    2.614829    0.297813
155.000    2.110231    0.344820
165.000    1.976144    0.455419
175.000    1.709056    1.011127
-------------------------------------------
E =  229.303 MeV, Wght = 1.00, Syst = 0.05
  5.000   -0.636695    0.898842
 15.000   -0.235192    0.608973
 25.000   -1.700645    0.601396
 35.000   -2.049392    0.566789
 45.000   -3.149155    0.505753
 55.000   -3.252124    0.428145
 65.000   -2.444402    0.355941
 75.000   -1.759606    0.299367
 85.000   -0.227334    0.268290
 95.000    0.679405    0.253577
105.000    1.942927    0.248560
115.000    2.168666    0.250096
125.000    2.979008    0.256683
135.000    3.520447    0.273395
145.000    3.158092    0.300263
155.000    2.497687    0.350285
165.000    1.105820    0.449927
175.000    1.272923    1.071145
-------------------------------------------
E =  234.195 MeV, Wght = 1.00, Syst = 0.05
  5.000    0.150478    0.810648
 15.000   -2.811722    0.537382
 25.000   -2.385086    0.512178
 35.000   -3.229578    0.472452
 45.000   -3.889206    0.416574
 55.000   -2.553126    0.351866
 65.000   -2.882239    0.289509
 75.000   -2.456141    0.247882
 85.000   -0.817903    0.224757
 95.000    0.586522    0.212936
105.000    1.835742    0.210536
115.000    2.416178    0.213306
125.000    3.200535    0.219781
135.000    3.543985    0.233318
145.000    3.659853    0.257317
155.000    2.919820    0.300994
165.000    1.943473    0.396936
175.000    1.102205    0.896665
-------------------------------------------
E =  239.081 MeV, Wght = 1.00, Syst = 0.05
  5.000   -0.961695    0.847949
 15.000   -2.020613    0.565385
 25.000   -3.610059    0.539803
 35.000   -2.578843    0.493990
 45.000   -3.644194    0.431985
 55.000   -4.085011    0.364138
 65.000   -3.248327    0.300238
 75.000   -2.232139    0.257434
 85.000   -0.955489    0.237222
 95.000    0.480166    0.226573
105.000    1.737097    0.223196
115.000    3.635911    0.226476
125.000    3.735391    0.234144
135.000    4.394767    0.247905
145.000    3.977006    0.273050
155.000    4.389266    0.322416
165.000    1.995547    0.419829
175.000    3.634067    0.966376
-------------------------------------------
E =  243.958 MeV, Wght = 1.00, Syst = 0.05
  5.000   -0.917101    0.949573
 15.000   -1.443074    0.611881
 25.000   -3.309184    0.573884
 35.000   -3.530850    0.518940
 45.000   -4.388257    0.447628
 55.000   -3.731359    0.373881
 65.000   -3.605298    0.311601
 75.000   -2.509941    0.270954
 85.000   -0.645584    0.249282
 95.000    0.577168    0.241632
105.000    1.991682    0.238255
115.000    3.497985    0.242176
125.000    4.347570    0.249569
135.000    5.149373    0.267251
145.000    4.822910    0.293945
155.000    3.849679    0.343663
165.000    2.925121    0.453016
175.000    2.234848    1.025539
-------------------------------------------
E =  248.779 MeV, Wght = 1.00, Syst = 0.05
  5.000   -1.848615    1.010986
 15.000   -1.768289    0.666906
 25.000   -3.684861    0.606892
 35.000   -4.933931    0.544401
 45.000   -5.299534    0.466875
 55.000   -4.958607    0.388718
 65.000   -3.810224    0.325097
 75.000   -2.627736    0.285323
 85.000   -1.406741    0.265036
 95.000    0.816475    0.258107
105.000    2.331153    0.256046
115.000    4.131886    0.257818
125.000    5.280839    0.269072
135.000    5.797921    0.285551
145.000    5.751478    0.315075
155.000    3.803308    0.368525
165.000    3.438151    0.483228
175.000    1.033373    1.120116
-------------------------------------------
E =  253.589 MeV, Wght = 1.00, Syst = 0.05
  5.000   -1.052489    1.100930
 15.000   -2.943847    0.685743
 25.000   -2.851455    0.638426
 35.000   -5.257091    0.567154
 45.000   -5.465405    0.485077
 55.000   -6.052188    0.401150
 65.000   -4.964075    0.337837
 75.000   -3.873202    0.300363
 85.000   -1.735972    0.280044
 95.000    0.726993    0.272015
105.000    2.937542    0.269900
115.000    4.713620    0.278110
125.000    6.124361    0.286894
135.000    6.355777    0.303784
145.000    6.190195    0.336847
155.000    5.184580    0.388312
165.000    2.848085    0.517819
175.000   -0.819693    1.164233
-------------------------------------------
E =  258.370 MeV, Wght = 1.00, Syst = 0.05
  5.000    0.702996    1.257132
 15.000   -3.487747    0.796499
 25.000   -5.665485    0.722564
 35.000   -7.895991    0.636451
 45.000   -7.227596    0.544954
 55.000   -6.484136    0.448888
 65.000   -5.805099    0.380210
 75.000   -4.459153    0.339830
 85.000   -2.068888    0.320372
 95.000    0.491944    0.311432
105.000    2.640168    0.311934
115.000    4.721686    0.318502
125.000    6.726274    0.329841
135.000    7.357121    0.350813
145.000    7.207823    0.388201
155.000    5.511346    0.454495
165.000    4.708727    0.599752
175.000   -0.156685    1.383222
-------------------------------------------
E =  263.121 MeV, Wght = 1.00, Syst = 0.05
  5.000    2.181956    1.215530
 15.000   -2.441942    0.724339
 25.000   -5.522164    0.652700
 35.000   -6.584673    0.569675
 45.000   -7.294186    0.483811
 55.000   -7.871502    0.396962
 65.000   -6.099075    0.337507
 75.000   -5.000405    0.305715
 85.000   -2.211010    0.289422
 95.000   -0.028574    0.282402
105.000    3.677371    0.284193
115.000    6.028668    0.288538
125.000    7.713179    0.301309
135.000    8.254225    0.320610
145.000    8.238067    0.353628
155.000    6.298276    0.404473
165.000    4.871229    0.551274
175.000   -0.443901    1.304523
-------------------------------------------
E =  267.841 MeV, Wght = 1.00, Syst = 0.05
  5.000   -1.791176    1.316844
 15.000   -4.068242    0.754997
 25.000   -6.134602    0.653913
 35.000   -8.154552    0.571868
 45.000   -8.641627    0.476393
 55.000   -8.737159    0.391539
 65.000   -7.646032    0.335996
 75.000   -5.897686    0.305995
 85.000   -2.432612    0.293102
 95.000    0.496860    0.286251
105.000    3.102768    0.288481
115.000    6.299914    0.293710
125.000    8.306051    0.306243
135.000    9.244280    0.325447
145.000    8.488563    0.360953
155.000    6.936580    0.418222
165.000    4.017906    0.547294
175.000    2.853191    1.319040
-------------------------------------------
E =  272.528 MeV, Wght = 1.00, Syst = 0.05
  5.000   -3.077248    1.482794
 15.000   -4.967870    0.787065
 25.000   -7.356978    0.697488
 35.000  -10.144893    0.611693
 45.000   -9.247535    0.500737
 55.000   -9.948778    0.414803
 65.000   -8.327747    0.360018
 75.000   -6.115815    0.329983
 85.000   -2.985461    0.317908
 95.000    0.637201    0.310653
105.000    3.970803    0.311819
115.000    6.077478    0.318972
125.000    9.212137    0.333867
135.000    9.302855    0.352836
145.000    9.383762    0.393431
155.000    8.212796    0.456970
165.000    5.495136    0.624248
175.000    3.163128    1.401226
-------------------------------------------
E =  277.181 MeV, Wght = 1.00, Syst = 0.05
  5.000    0.045405    1.538789
 15.000   -4.061342    0.771014
 25.000   -6.538293    0.689931
 35.000   -9.528156    0.589834
 45.000  -11.568286    0.485587
 55.000  -11.250577    0.400721
 65.000   -9.723593    0.351495
 75.000   -6.869326    0.325505
 85.000   -3.728101    0.315240
 95.000    0.918021    0.307195
105.000    4.077219    0.310994
115.000    6.885657    0.315146
125.000    9.657981    0.329340
135.000    9.876307    0.351024
145.000   10.627411    0.390131
155.000    8.532715    0.450234
165.000    5.967631    0.605598
175.000    1.796142    1.385913
-------------------------------------------
E =  281.813 MeV, Wght = 1.00, Syst = 0.05
  5.000    0.792387    1.607953
 15.000   -5.557181    0.829294
 25.000   -7.321464    0.703322
 35.000  -10.979236    0.602232
 45.000  -12.336607    0.493362
 55.000  -11.993332    0.410964
 65.000  -10.851191    0.362996
 75.000   -7.529025    0.338258
 85.000   -4.322979    0.326353
 95.000    0.294093    0.323875
105.000    4.155014    0.322839
115.000    7.683715    0.328255
125.000   10.450703    0.343576
135.000   11.821830    0.364581
145.000   11.572678    0.405157
155.000   10.265701    0.476597
165.000    6.790427    0.634159
175.000    1.639709    1.466269
-------------------------------------------
E =  286.380 MeV, Wght = 1.00, Syst = 0.05
  5.000    1.065098    1.507551
 15.000   -5.154649    0.810966
 25.000   -9.967354    0.704726
 35.000  -11.770558    0.590460
 45.000  -13.352473    0.486566
 55.000  -13.183682    0.402775
 65.000  -12.667385    0.359367
 75.000   -8.900222    0.337392
 85.000   -5.188331    0.326608
 95.000    0.079401    0.321784
105.000    3.898600    0.324189
115.000    8.389594    0.328367
125.000   10.836779    0.342843
135.000   12.491131    0.366659
145.000   11.540134    0.406587
155.000   10.116556    0.477391
165.000    7.946779    0.636413
175.000    1.847285    1.470338
-------------------------------------------
E =  290.922 MeV, Wght = 1.00, Syst = 0.05
  5.000   -1.539737    1.581971
 15.000   -6.900471    0.827666
 25.000   -9.393566    0.711657
 35.000  -11.296093    0.603094
 45.000  -14.603980    0.496144
 55.000  -14.469975    0.410771
 65.000  -13.536619    0.370881
 75.000   -9.074174    0.349914
 85.000   -4.627253    0.339305
 95.000   -0.408744    0.335685
105.000    4.355177    0.336409
115.000    9.116158    0.342524
125.000   11.696732    0.360718
135.000   12.909988    0.384441
145.000   13.079088    0.426479
155.000   10.964004    0.495035
165.000    5.903867    0.665775
175.000    5.026880    1.553754
-------------------------------------------
E =  295.439 MeV, Wght = 1.00, Syst = 0.05
  5.000   -3.801126    1.675368
 15.000   -5.514329    0.856463
 25.000   -9.407650    0.714718
 35.000  -12.540355    0.612365
 45.000  -15.538750    0.495180
 55.000  -15.479198    0.414400
 65.000  -14.146649    0.375746
 75.000  -10.535541    0.356718
 85.000   -5.000420    0.346164
 95.000   -0.375053    0.341443
105.000    5.287658    0.342281
115.000    8.634015    0.348874
125.000   12.528141    0.372958
135.000   14.160236    0.399888
145.000   13.430188    0.435418
155.000   11.385209    0.504503
165.000    7.377510    0.672625
175.000    4.495364    1.612002
-------------------------------------------
E =  299.887 MeV, Wght = 1.00, Syst = 0.05
  5.000   -4.526226    1.765290
 15.000   -6.570510    0.847545
 25.000   -9.730394    0.721530
 35.000  -13.819638    0.608672
 45.000  -16.627869    0.490710
 55.000  -16.578032    0.414410
 65.000  -14.630133    0.375996
 75.000  -11.305146    0.358708
 85.000   -6.052054    0.348267
 95.000   -0.790344    0.344657
105.000    5.251674    0.345559
115.000    9.588163    0.354605
125.000   13.447718    0.383704
135.000   14.069052    0.406543
145.000   13.648478    0.433736
155.000   11.921495    0.514230
165.000    7.067701    0.677414
175.000    4.295013    1.557117
-------------------------------------------
E =  304.308 MeV, Wght = 1.00, Syst = 0.05
  5.000   -5.281933    2.377233
 15.000   -6.819940    1.190160
 25.000   -9.655552    1.019131
 35.000  -15.627956    0.854158
 45.000  -16.843117    0.692695
 55.000  -17.533175    0.585412
 65.000  -17.074289    0.542450
 75.000  -10.975515    0.517625
 85.000   -5.319231    0.506797
 95.000   -0.918108    0.503047
105.000    5.404461    0.503645
115.000    9.393106    0.516273
125.000   13.698613    0.559666
135.000   16.456757    0.597815
145.000   14.629574    0.630420
155.000   12.011594    0.728877
165.000    7.888756    0.978689
175.000    4.704330    2.212109
-------------------------------------------
E =  308.685 MeV, Wght = 1.00, Syst = 0.05
  5.000   -4.554379    2.861694
 15.000   -5.966223    1.346791
 25.000  -10.350770    1.172445
 35.000  -16.210224    0.971308
 45.000  -18.827818    0.779434
 55.000  -19.662806    0.658952
 65.000  -16.926298    0.612843
 75.000  -12.319477    0.583714
 85.000   -6.418383    0.571449
 95.000   -1.934935    0.568233
105.000    5.710140    0.570632
115.000   10.685699    0.588383
125.000   14.955219    0.642466
135.000   15.553409    0.678644
145.000   14.807704    0.724740
155.000   13.558401    0.835564
165.000    7.713358    1.103495
175.000    3.162227    2.643355
-------------------------------------------
E =  313.018 MeV, Wght = 1.00, Syst = 0.05
  5.000    0.371299    2.851282
 15.000   -5.008172    1.360103
 25.000  -13.148315    1.183606
 35.000  -19.284796    0.975899
 45.000  -18.813414    0.790388
 55.000  -19.259832    0.671299
 65.000  -18.020645    0.625352
 75.000  -14.382528    0.596706
 85.000   -7.650209    0.589410
 95.000   -1.163232    0.579552
105.000    6.495062    0.587078
115.000   11.289419    0.602497
125.000   14.345011    0.660769
135.000   17.617359    0.691079
145.000   15.420619    0.729773
155.000   12.566479    0.853588
165.000    8.271475    1.150746
175.000    1.115662    2.777542
-------------------------------------------
E =  317.315 MeV, Wght = 1.00, Syst = 0.05
  5.000    0.470836    1.870081
 15.000   -6.375766    0.897413
 25.000  -11.500201    0.774109
 35.000  -16.037792    0.633282
 45.000  -18.992752    0.514181
 55.000  -19.765959    0.440700
 65.000  -16.953497    0.405648
 75.000  -13.549757    0.390763
 85.000   -7.723799    0.381657
 95.000   -1.497153    0.379623
105.000    4.939261    0.380919
115.000    9.335175    0.389893
125.000   14.104738    0.425695
135.000   16.185038    0.443363
145.000   14.370919    0.476868
155.000   11.768057    0.553315
165.000    8.098890    0.761094
175.000    3.761884    1.804437
-------------------------------------------
E =  321.545 MeV, Wght = 1.00, Syst = 0.05
  5.000   -0.103002    1.942603
 15.000   -5.566312    0.957414
 25.000  -11.180044    0.821572
 35.000  -17.855122    0.688624
 45.000  -19.984159    0.551183
 55.000  -19.741730    0.471592
 65.000  -18.694292    0.439242
 75.000  -12.892590    0.422142
 85.000   -7.662650    0.412988
 95.000   -1.794069    0.409604
105.000    5.210280    0.412733
115.000    9.651174    0.422629
125.000   14.427526    0.452539
135.000   15.974131    0.471157
145.000   15.213983    0.514950
155.000   13.291726    0.605819
165.000    7.759082    0.804552
175.000    1.648182    1.920932
-------------------------------------------
E =  325.736 MeV, Wght = 1.00, Syst = 0.05
  5.000    0.734622    2.093231
 15.000   -6.941821    1.032072
 25.000  -11.688001    0.881926
 35.000  -17.386097    0.735974
 45.000  -21.647112    0.593551
 55.000  -20.237675    0.510061
 65.000  -17.981762    0.478149
 75.000  -14.277145    0.458629
 85.000   -8.398755    0.447557
 95.000   -1.448553    0.445178
105.000    4.729208    0.446721
115.000    9.838946    0.460517
125.000   13.101070    0.483776
135.000   16.158100    0.508706
145.000   15.784401    0.556152
155.000   12.669465    0.644462
165.000    8.292671    0.884890
175.000    1.607784    2.076909
-------------------------------------------
E =  329.879 MeV, Wght = 1.00, Syst = 0.05
  5.000   -3.638109    1.809616
 15.000   -3.955783    1.087790
 25.000  -12.205631    0.960780
 35.000  -17.752096    0.792516
 45.000  -20.329260    0.635690
 55.000  -20.373629    0.545298
 65.000  -18.193977    0.514945
 75.000  -14.042634    0.495557
 85.000   -7.776162    0.485972
 95.000   -1.618790    0.482287
105.000    3.924434    0.485643
115.000    8.388136    0.492080
125.000   13.499609    0.516742
135.000   15.384287    0.545999
145.000   15.265469    0.600675
155.000   11.671680    0.703190
165.000    9.026271    0.956628
175.000    1.163292    2.460611
-------------------------------------------
E =  333.973 MeV, Wght = 1.00, Syst = 0.05
  5.000   -3.055828    2.008241
 15.000   -4.516733    1.047061
 25.000  -10.551869    0.922260
 35.000  -16.920633    0.763710
 45.000  -19.952560    0.613469
 55.000  -19.788816    0.528417
 65.000  -18.335457    0.498220
 75.000  -14.346573    0.480824
 85.000   -7.549385    0.471298
 95.000   -1.666746    0.465898
105.000    4.487770    0.468178
115.000    8.210857    0.477060
125.000   11.912496    0.492878
135.000   14.622996    0.526167
145.000   13.778211    0.580641
155.000   11.165896    0.676688
165.000    8.519141    0.947260
175.000   -0.015781    2.196906
-------------------------------------------
E =  338.015 MeV, Wght = 1.00, Syst = 0.05
  5.000    0.197723    1.639787
 15.000   -4.175149    0.888538
 25.000  -10.876128    0.809848
 35.000  -16.727636    0.654464
 45.000  -19.405962    0.527955
 55.000  -19.796047    0.457081
 65.000  -17.654091    0.430507
 75.000  -13.399457    0.414816
 85.000   -7.524663    0.404992
 95.000   -1.900785    0.404430
105.000    3.872055    0.405149
115.000    8.101774    0.409597
125.000   11.785181    0.422902
135.000   14.415709    0.456120
145.000   13.293123    0.493781
155.000   10.869689    0.586202
165.000    7.266356    0.812043
175.000    2.955189    1.892850
-------------------------------------------
E =  342.006 MeV, Wght = 1.00, Syst = 0.05
  5.000   -0.430050    1.947156
 15.000   -3.044001    0.953557
 25.000   -8.951702    0.871399
 35.000  -15.616691    0.715537
 45.000  -19.654974    0.571972
 55.000  -18.570791    0.498435
 65.000  -17.417299    0.470468
 75.000  -14.022604    0.455478
 85.000   -7.727304    0.444710
 95.000   -1.580903    0.440958
105.000    3.144156    0.441706
115.000    8.308843    0.445512
125.000   11.213554    0.465485
135.000   13.507528    0.491510
145.000   12.527437    0.544192
155.000    9.809456    0.636657
165.000    5.701442    0.866212
175.000    3.310607    2.159074
-------------------------------------------
E =  345.957 MeV, Wght = 1.00, Syst = 0.05
  5.000    0.021826    1.512952
 15.000   -4.772727    0.861507
 25.000   -9.614519    0.781451
 35.000  -15.875479    0.633185
 45.000  -18.111982    0.509341
 55.000  -19.335682    0.445923
 65.000  -17.785999    0.419200
 75.000  -13.085541    0.404624
 85.000   -7.581151    0.394640
 95.000   -1.734184    0.391539
105.000    2.858258    0.389638
115.000    6.670954    0.396315
125.000   11.276325    0.413568
135.000   12.827999    0.437727
145.000   12.999019    0.487221
155.000    9.516655    0.573959
165.000    5.465065    0.796637
175.000    0.264493    1.963763
-------------------------------------------
E =  349.831 MeV, Wght = 1.00, Syst = 0.05
  5.000   -1.052345    1.691157
 15.000   -5.389772    1.190284
 25.000   -9.096823    1.095026
 35.000  -16.019928    0.904312
 45.000  -18.015333    0.722124
 55.000  -18.911707    0.627076
 65.000  -17.351919    0.597748
 75.000  -13.758781    0.577473
 85.000   -7.607405    0.566227
 95.000   -1.996670    0.561011
105.000    4.613243    0.562153
115.000    7.681524    0.562906
125.000   10.046768    0.587327
135.000   12.039706    0.622961
145.000   13.208961    0.695273
155.000    9.244229    0.808693
165.000    4.311277    1.099258
175.000    6.566668    2.824661
-------------------------------------------
E =  353.673 MeV, Wght = 1.00, Syst = 0.05
  5.000   -1.626344    1.898206
 15.000   -5.758533    1.132780
 25.000  -11.231011    1.072338
 35.000  -16.836082    0.873554
 45.000  -16.640457    0.684800
 55.000  -18.192478    0.607081
 65.000  -16.504829    0.574778
 75.000  -12.726929    0.555629
 85.000   -7.839247    0.547889
 95.000   -2.060442    0.541973
105.000    3.348673    0.540292
115.000    6.926301    0.547368
125.000    9.221231    0.566443
135.000   11.762636    0.601928
145.000   11.360825    0.663183
155.000    8.004630    0.791798
165.000    5.918166    1.085110
175.000    1.736342    2.868838
-------------------------------------------
E =  357.441 MeV, Wght = 1.00, Syst = 0.05
  5.000   -1.357566    2.317792
 15.000   -0.451566    1.478118
 25.000   -7.222126    1.423656
 35.000  -13.953825    1.181270
 45.000  -13.960346    0.939922
 55.000  -15.862608    0.824520
 65.000  -14.115019    0.780024
 75.000  -10.402296    0.749150
 85.000   -7.126788    0.743339
 95.000   -1.269851    0.728978
105.000    3.181679    0.728756
115.000    5.307705    0.730252
125.000    8.270227    0.768273
135.000    9.310148    0.810535
145.000   10.228760    0.909761
155.000    7.823248    1.081362
165.000    5.629261    1.494551
175.000   -0.159071    3.903162
-------------------------------------------
E =  361.165 MeV, Wght = 1.00, Syst = 0.05
  5.000    0.188815    1.396458
 15.000   -2.625949    0.951340
 25.000   -7.782173    0.889791
 35.000  -12.681705    0.722540
 45.000  -17.198460    0.585801
 55.000  -16.805937    0.512544
 65.000  -15.645076    0.483596
 75.000  -10.935300    0.468569
 85.000   -6.704829    0.458778
 95.000   -1.717556    0.450671
105.000    2.271451    0.450394
115.000    6.141606    0.458293
125.000    8.982786    0.474445
135.000   11.223523    0.508824
145.000    9.758684    0.555610
155.000    7.927021    0.666054
165.000    6.415061    0.937431
175.000   -2.200194    2.361806
-------------------------------------------
E =  364.834 MeV, Wght = 1.00, Syst = 0.05
  5.000   -1.652084    1.091902
 15.000   -4.728611    0.892647
 25.000   -8.777372    0.868204
 35.000  -13.245808    0.711057
 45.000  -16.609436    0.568966
 55.000  -16.783607    0.501797
 65.000  -14.580299    0.470869
 75.000  -11.275498    0.458326
 85.000   -6.533742    0.445372
 95.000   -1.438360    0.435700
105.000    1.845319    0.439522
115.000    5.649273    0.441891
125.000    9.626815    0.462438
135.000    9.878246    0.490241
145.000    9.662243    0.542875
155.000    7.980405    0.647347
165.000    5.164231    0.931947
175.000    0.825781    2.191191
-------------------------------------------
E =  368.449 MeV, Wght = 1.00, Syst = 0.05
  5.000   -1.900134    1.292002
 15.000   -1.505941    0.855647
 25.000   -8.015421    0.825053
 35.000  -11.568724    0.675048
 45.000  -14.703876    0.541061
 55.000  -15.914367    0.479270
 65.000  -14.582714    0.450158
 75.000  -11.115675    0.436700
 85.000   -7.194694    0.426010
 95.000   -2.133307    0.420892
105.000    3.475903    0.417701
115.000    6.208184    0.425897
125.000    7.629408    0.444488
135.000    9.618294    0.471771
145.000    9.385009    0.514696
155.000    7.121716    0.631148
165.000    5.529624    0.902203
175.000    2.224138    2.145776
-------------------------------------------
E =  372.019 MeV, Wght = 1.00, Syst = 0.05
  5.000   -1.340540    1.183419
 15.000   -1.595354    0.876045
 25.000   -8.433511    0.879503
 35.000  -12.184652    0.705377
 45.000  -16.060696    0.569080
 55.000  -14.957758    0.498461
 65.000  -14.304506    0.473327
 75.000  -10.365807    0.456456
 85.000   -5.631272    0.447782
 95.000   -1.306574    0.442477
105.000    1.530989    0.441248
115.000    5.626386    0.448342
125.000    7.949580    0.463204
135.000    9.113022    0.494586
145.000    8.194200    0.547428
155.000    6.973432    0.653305
165.000    6.679803    0.954368
175.000   -2.010454    2.260548
-------------------------------------------
E =  375.515 MeV, Wght = 1.00, Syst = 0.05
  5.000   -1.370968    1.234141
 15.000   -2.842343    0.884727
 25.000   -8.770230    0.876393
 35.000  -11.646386    0.716792
 45.000  -12.636030    0.572703
 55.000  -14.666691    0.507520
 65.000  -13.129961    0.479828
 75.000  -10.376829    0.461646
 85.000   -5.926925    0.453507
 95.000   -1.481999    0.446072
105.000    2.326733    0.447793
115.000    5.360145    0.451410
125.000    7.634908    0.464918
135.000    9.133596    0.503378
145.000    9.474062    0.552923
155.000    6.688682    0.654416
165.000    4.083610    0.919714
175.000    3.297666    2.180945
-------------------------------------------
E =  378.979 MeV, Wght = 1.00, Syst = 0.05
  5.000    1.095363    1.257427
 15.000   -4.179115    0.891037
 25.000   -7.055737    0.875446
 35.000  -10.232079    0.714323
 45.000  -14.684269    0.572840
 55.000  -14.858360    0.504424
 65.000  -12.343588    0.478962
 75.000   -9.676766    0.460995
 85.000   -5.934640    0.447954
 95.000   -1.830220    0.440148
105.000    2.107104    0.440895
115.000    4.611001    0.445552
125.000    7.300568    0.466320
135.000    8.364020    0.495386
145.000    7.476568    0.539690
155.000    6.076877    0.647359
165.000    3.698802    0.951377
175.000    0.928186    2.114566
-------------------------------------------
E =  382.368 MeV, Wght = 1.00, Syst = 0.05
  5.000    0.525621    1.077090
 15.000   -2.291997    0.857286
 25.000   -5.959334    0.885823
 35.000  -10.166267    0.716217
 45.000  -13.800440    0.578745
 55.000  -13.847363    0.511153
 65.000  -11.134366    0.477272
 75.000   -8.690865    0.462615
 85.000   -5.049295    0.448364
 95.000   -1.466270    0.444129
105.000    1.621952    0.442306
115.000    4.453250    0.451649
125.000    6.440884    0.466676
135.000    7.224042    0.497005
145.000    7.538947    0.550966
155.000    4.485210    0.658201
165.000    2.078364    0.969292
175.000    1.981108    2.253223
-------------------------------------------
E =  385.717 MeV, Wght = 1.00, Syst = 0.05
  5.000   -2.846386    0.981558
 15.000   -2.319924    0.862468
 25.000   -4.924094    0.883975
 35.000  -11.043905    0.724915
 45.000  -13.525571    0.578810
 55.000  -14.600142    0.517241
 65.000  -12.490339    0.482430
 75.000   -9.138364    0.465417
 85.000   -5.319305    0.452396
 95.000   -1.103103    0.445784
105.000    1.377531    0.446621
115.000    4.518844    0.449396
125.000    7.042316    0.473317
135.000    7.777495    0.500181
145.000    6.016428    0.541237
155.000    6.585340    0.661367
165.000    3.228325    0.960689
175.000    0.924990    2.404156
-------------------------------------------
E =  389.015 MeV, Wght = 1.00, Syst = 0.05
  5.000   -0.504745    0.716338
 15.000   -2.643702    0.734725
 25.000   -6.773578    0.701008
 35.000   -9.468654    0.591686
 45.000  -12.150294    0.467762
 55.000  -12.569572    0.415274
 65.000  -10.707868    0.388100
 75.000   -8.958429    0.375324
 85.000   -4.770779    0.361959
 95.000   -1.941570    0.357826
105.000    2.404312    0.359276
115.000    4.446545    0.366517
125.000    5.719143    0.378154
135.000    6.949898    0.400777
145.000    6.805569    0.444162
155.000    4.974953    0.529822
165.000    3.280102    0.786317
175.000   -0.158426    1.986532
-------------------------------------------
E =  392.252 MeV, Wght = 1.00, Syst = 0.05
  5.000   -0.144769    0.933198
 15.000   -1.970260    0.899634
 25.000   -4.967288    0.912547
 35.000   -9.975689    0.748012
 45.000  -12.013228    0.592839
 55.000  -12.770070    0.528182
 65.000  -10.839718    0.497955
 75.000   -8.268100    0.473298
 85.000   -4.750228    0.462273
 95.000   -1.419218    0.458191
105.000    1.604975    0.455460
115.000    3.290517    0.460328
125.000    6.109424    0.481810
135.000    6.488912    0.507808
145.000    6.855526    0.578494
155.000    4.873782    0.665047
165.000    1.922940    0.950698
175.000   -0.019565    2.618820
-------------------------------------------
E =  395.569 MeV, Wght = 1.00, Syst = 0.05
  5.000   -1.605056    0.985224
 15.000   -0.977470    0.762304
 25.000   -6.827360    0.832408
 35.000   -8.803860    0.661173
 45.000  -10.570628    0.534567
 55.000  -10.596380    0.468664
 65.000  -10.070788    0.446422
 75.000   -7.975531    0.424334
 85.000   -4.334263    0.414928
 95.000   -1.332366    0.407269
105.000    1.393638    0.407968
115.000    4.360756    0.416079
125.000    5.382167    0.429134
135.000    6.502820    0.460290
145.000    5.892410    0.501436
155.000    4.667970    0.603264
165.000    2.850806    0.889542
175.000   -1.043914    1.999486
-------------------------------------------
E =  399.074 MeV, Wght = 1.00, Syst = 0.05
  5.000   -1.788356    0.837253
 15.000   -0.843965    0.705266
 25.000   -4.769807    0.706816
 35.000   -7.470050    0.580788
 45.000  -10.821669    0.473352
 55.000  -11.178246    0.413688
 65.000  -10.014845    0.393978
 75.000   -7.362114    0.379030
 85.000   -4.442050    0.366845
 95.000   -0.889855    0.361631
105.000    0.973384    0.361012
115.000    3.491957    0.370895
125.000    3.942118    0.377682
135.000    5.242923    0.403239
145.000    5.378789    0.449800
155.000    2.954167    0.530187
165.000    2.659830    0.756324
175.000   -1.084438    1.945255
-------------------------------------------
E =  402.757 MeV, Wght = 1.00, Syst = 0.05
  5.000    0.428929    1.157270
 15.000   -0.553965    0.841963
 25.000   -5.726380    0.954122
 35.000   -7.822980    0.761136
 45.000   -9.886703    0.610246
 55.000  -10.830229    0.542195
 65.000   -9.677864    0.517632
 75.000   -7.495015    0.494759
 85.000   -4.698899    0.468717
 95.000   -1.765210    0.469020
105.000    1.048233    0.462857
115.000    3.306443    0.478851
125.000    4.623217    0.495127
135.000    5.378021    0.525013
145.000    5.115694    0.574558
155.000    2.604327    0.685215
165.000    3.812788    1.038498
175.000    0.917191    2.458667
-------------------------------------------
E =  406.466 MeV, Wght = 1.00, Syst = 0.05
  5.000   -0.963233    0.691364
 15.000   -2.243717    0.748425
 25.000   -4.626842    0.808360
 35.000   -8.258632    0.671746
 45.000   -9.747763    0.532833
 55.000  -11.128489    0.475764
 65.000   -9.728468    0.446952
 75.000   -6.711056    0.428647
 85.000   -4.232889    0.412301
 95.000   -1.409092    0.409516
105.000    1.373743    0.414830
115.000    3.495788    0.417776
125.000    4.273942    0.421666
135.000    5.851644    0.452425
145.000    6.258518    0.521938
155.000    3.707869    0.603000
165.000    1.031595    0.852359
175.000   -1.476878    2.242889
-------------------------------------------
E =  410.025 MeV, Wght = 1.00, Syst = 0.05
  5.000   -1.220356    1.596976
 15.000   -1.074064    1.054930
 25.000   -4.057911    1.175822
 35.000   -9.672986    0.937472
 45.000   -9.670006    0.755382
 55.000  -11.078028    0.675389
 65.000  -10.314829    0.629969
 75.000   -6.904691    0.603445
 85.000   -4.146605    0.581474
 95.000   -2.338017    0.572694
105.000    1.642029    0.577639
115.000    3.902142    0.581148
125.000    3.918013    0.609749
135.000    4.983555    0.639502
145.000    5.174888    0.713927
155.000    4.079380    0.880114
165.000    2.480063    1.202436
175.000    2.515897    3.362087
-------------------------------------------
E =  413.294 MeV, Wght = 1.00, Syst = 0.05
  5.000    1.705629    1.789029
 15.000   -1.089303    1.146779
 25.000   -5.874129    1.250005
 35.000   -7.689072    0.991570
 45.000   -9.201385    0.790165
 55.000   -9.624580    0.713447
 65.000   -8.858438    0.670380
 75.000   -5.397445    0.641946
 85.000   -2.902624    0.632557
 95.000   -0.548084    0.615827
105.000    1.325545    0.618314
115.000    3.406037    0.633153
125.000    4.536258    0.653208
135.000    4.670438    0.689461
145.000    4.470540    0.768787
155.000    2.744421    0.928509
165.000    4.276089    1.415040
175.000    2.523958    3.655689
-------------------------------------------
E =  416.186 MeV, Wght = 1.00, Syst = 0.05
  5.000   -1.095333    0.839416
 15.000   -1.020990    0.847929
 25.000   -3.355072    0.901793
 35.000   -7.167988    0.739229
 45.000   -9.317153    0.598591
 55.000   -9.591633    0.523411
 65.000   -8.365850    0.498055
 75.000   -6.253993    0.470081
 85.000   -3.386323    0.457907
 95.000   -0.883216    0.450311
105.000    1.704086    0.453584
115.000    3.871888    0.461400
125.000    4.911358    0.476506
135.000    4.066374    0.500917
145.000    4.333342    0.553797
155.000    2.887148    0.687250
165.000    2.029760    1.017844
175.000    4.121507    2.451207
-------------------------------------------
E =  419.000 MeV, Wght = 1.00, Syst = 0.05
-------------------------------------------
E =  420.000 MeV, Wght = 1.00, Syst = 0.05
-------------------------------------------
E =  425.000 MeV, Wght = 1.00, Syst = 0.05
-------------------------------------------
E =  430.000 MeV, Wght = 1.00, Syst = 0.05
-------------------------------------------
E =  435.000 MeV, Wght = 1.00, Syst = 0.05
-------------------------------------------
E =  440.000 MeV, Wght = 1.00, Syst = 0.05
-------------------------------------------
E =  445.000 MeV, Wght = 1.00, Syst = 0.05
-------------------------------------------
E =  450.000 MeV, Wght = 1.00, Syst = 0.05
-------------------------------------------
E =  455.000 MeV, Wght = 1.00, Syst = 0.05
-------------------------------------------
E =  460.000 MeV, Wght = 1.00, Syst = 0.05
-------------------------------------------
E =  465.000 MeV, Wght = 1.00, Syst = 0.05
-------------------------------------------
E =  470.000 MeV, Wght = 1.00, Syst = 0.05
-------------------------------------------
E =  475.000 MeV, Wght = 1.00, Syst = 0.05
-------------------------------------------
E =  480.000 MeV, Wght = 1.00, Syst = 0.05
-------------------------------------------
E =  485.000 MeV, Wght = 1.00, Syst = 0.05
-------------------------------------------
E =  490.000 MeV, Wght = 1.00, Syst = 0.05
-------------------------------------------
E =  495.000 MeV, Wght = 1.00, Syst = 0.05
-------------------------------------------
E =  500.000 MeV, Wght = 1.00, Syst = 0.05
-------------------------------------------
E =  505.000 MeV, Wght = 1.00, Syst = 0.05
-------------------------------------------
E =  510.000 MeV, Wght = 1.00, Syst = 0.05
-------------------------------------------
E =  515.000 MeV, Wght = 1.00, Syst = 0.05
-------------------------------------------
E =  520.000 MeV, Wght = 1.00, Syst = 0.05
-------------------------------------------
E =  525.000 MeV, Wght = 1.00, Syst = 0.05
-------------------------------------------
E =  530.000 MeV, Wght = 1.00, Syst = 0.05
-------------------------------------------
E =  535.000 MeV, Wght = 1.00, Syst = 0.05
-------------------------------------------
E =  540.000 MeV, Wght = 1.00, Syst = 0.05
-------------------------------------------
E =  545.000 MeV, Wght = 1.00, Syst = 0.05
-------------------------------------------
E =  550.000 MeV, Wght = 1.00, Syst = 0.05
-------------------------------------------
E =  555.000 MeV, Wght = 1.00, Syst = 0.05
-------------------------------------------
E =  560.000 MeV, Wght = 1.00, Syst = 0.05
-------------------------------------------
E =  565.000 MeV, Wght = 1.00, Syst = 0.05
-------------------------------------------
E =  570.000 MeV, Wght = 1.00, Syst = 0.05
-------------------------------------------
E =  575.000 MeV, Wght = 1.00, Syst = 0.05
-------------------------------------------
E =  580.000 MeV, Wght = 1.00, Syst = 0.05
-------------------------------------------
E =  585.000 MeV, Wght = 1.00, Syst = 0.05
-------------------------------------------
E =  590.000 MeV, Wght = 1.00, Syst = 0.05
-------------------------------------------
E =  595.000 MeV, Wght = 1.00, Syst = 0.05
-------------------------------------------
E =  600.000 MeV, Wght = 1.00, Syst = 0.05
-------------------------------------------
E =  605.000 MeV, Wght = 1.00, Syst = 0.05
-------------------------------------------
E =  610.000 MeV, Wght = 1.00, Syst = 0.05
-------------------------------------------
E =  615.000 MeV, Wght = 1.00, Syst = 0.05
-------------------------------------------
E =  620.000 MeV, Wght = 1.00, Syst = 0.05
-------------------------------------------
E =  625.000 MeV, Wght = 1.00, Syst = 0.05
-------------------------------------------
E =  630.000 MeV, Wght = 1.00, Syst = 0.05
-------------------------------------------
E =  635.000 MeV, Wght = 1.00, Syst = 0.05
-------------------------------------------
E =  640.000 MeV, Wght = 1.00, Syst = 0.05
-------------------------------------------
E =  645.000 MeV, Wght = 1.00, Syst = 0.05
-------------------------------------------
E =  650.000 MeV, Wght = 1.00, Syst = 0.05
-------------------------------------------
E =  655.000 MeV, Wght = 1.00, Syst = 0.05
-------------------------------------------
E =  660.000 MeV, Wght = 1.00, Syst = 0.05
-------------------------------------------
E =  665.000 MeV, Wght = 1.00, Syst = 0.05
-------------------------------------------
E =  670.000 MeV, Wght = 1.00, Syst = 0.05
-------------------------------------------
E =  675.000 MeV, Wght = 1.00, Syst = 0.05
-------------------------------------------
E =  680.000 MeV, Wght = 1.00, Syst = 0.05
-------------------------------------------
E =  685.000 MeV, Wght = 1.00, Syst = 0.05
-------------------------------------------
E =  690.000 MeV, Wght = 1.00, Syst = 0.05
-------------------------------------------
E =  695.000 MeV, Wght = 1.00, Syst = 0.05
-------------------------------------------
E =  700.000 MeV, Wght = 1.00, Syst = 0.05
-------------------------------------------
E =  705.000 MeV, Wght = 1.00, Syst = 0.05
-------------------------------------------
E =  710.000 MeV, Wght = 1.00, Syst = 0.05
-------------------------------------------
E =  715.000 MeV, Wght = 1.00, Syst = 0.05
-------------------------------------------
E =  720.000 MeV, Wght = 1.00, Syst = 0.05
-------------------------------------------
E =  725.000 MeV, Wght = 1.00, Syst = 0.05
-------------------------------------------
E =  730.000 MeV, Wght = 1.00, Syst = 0.05
-------------------------------------------
E =  735.000 MeV, Wght = 1.00, Syst = 0.05
-------------------------------------------
E =  740.000 MeV, Wght = 1.00, Syst = 0.05
-------------------------------------------
E =  745.000 MeV, Wght = 1.00, Syst = 0.05
-------------------------------------------
E =  750.000 MeV, Wght = 1.00, Syst = 0.05
-------------------------------------------
E =  755.000 MeV, Wght = 1.00, Syst = 0.05
-------------------------------------------
E =  760.000 MeV, Wght = 1.00, Syst = 0.05
-------------------------------------------
E =  765.000 MeV, Wght = 1.00, Syst = 0.05
-------------------------------------------
E =  770.000 MeV, Wght = 1.00, Syst = 0.05
-------------------------------------------
E =  775.000 MeV, Wght = 1.00, Syst = 0.05
-------------------------------------------
E =  780.000 MeV, Wght = 1.00, Syst = 0.05
-------------------------------------------
E =  785.000 MeV, Wght = 1.00, Syst = 0.05
-------------------------------------------
E =  790.000 MeV, Wght = 1.00, Syst = 0.05
-------------------------------------------
E =  795.000 MeV, Wght = 1.00, Syst = 0.05
-------------------------------------------
E =  800.000 MeV, Wght = 1.00, Syst = 0.05
-------------------------------------------
E =  805.000 MeV, Wght = 1.00, Syst = 0.05
-------------------------------------------
E =  810.000 MeV, Wght = 1.00, Syst = 0.05
-------------------------------------------
E =  815.000 MeV, Wght = 1.00, Syst = 0.05
-------------------------------------------
E =  820.000 MeV, Wght = 1.00, Syst = 0.05
-------------------------------------------
E =  825.000 MeV, Wght = 1.00, Syst = 0.05
-------------------------------------------
E =  830.000 MeV, Wght = 1.00, Syst = 0.05
-------------------------------------------
E =  835.000 MeV, Wght = 1.00, Syst = 0.05
-------------------------------------------
E =  840.000 MeV, Wght = 1.00, Syst = 0.05
-------------------------------------------
E =  845.000 MeV, Wght = 1.00, Syst = 0.05
-------------------------------------------
E =  850.000 MeV, Wght = 1.00, Syst = 0.05
-------------------------------------------
E =  855.000 MeV, Wght = 1.00, Syst = 0.05
-------------------------------------------
E =  860.000 MeV, Wght = 1.00, Syst = 0.05
-------------------------------------------
E =  865.000 MeV, Wght = 1.00, Syst = 0.05
-------------------------------------------
E =  870.000 MeV, Wght = 1.00, Syst = 0.05
-------------------------------------------
E =  875.000 MeV, Wght = 1.00, Syst = 0.05
-------------------------------------------
E =  880.000 MeV, Wght = 1.00, Syst = 0.05
-------------------------------------------
E =  885.000 MeV, Wght = 1.00, Syst = 0.05
-------------------------------------------
E =  890.000 MeV, Wght = 1.00, Syst = 0.05
-------------------------------------------
E =  895.000 MeV, Wght = 1.00, Syst = 0.05
-------------------------------------------
E =  900.000 MeV, Wght = 1.00, Syst = 0.05
-------------------------------------------
E =  905.000 MeV, Wght = 1.00, Syst = 0.05
-------------------------------------------
E =  910.000 MeV, Wght = 1.00, Syst = 0.05
-------------------------------------------
E =  915.000 MeV, Wght = 1.00, Syst = 0.05
-------------------------------------------
E =  920.000 MeV, Wght = 1.00, Syst = 0.05
-------------------------------------------
E =  925.000 MeV, Wght = 1.00, Syst = 0.05
-------------------------------------------
E =  930.000 MeV, Wght = 1.00, Syst = 0.05
-------------------------------------------
E =  935.000 MeV, Wght = 1.00, Syst = 0.05
-------------------------------------------
E =  940.000 MeV, Wght = 1.00, Syst = 0.05
-------------------------------------------
E =  945.000 MeV, Wght = 1.00, Syst = 0.05
-------------------------------------------
E =  950.000 MeV, Wght = 1.00, Syst = 0.05
-------------------------------------------
E =  955.000 MeV, Wght = 1.00, Syst = 0.05
-------------------------------------------
E =  960.000 MeV, Wght = 1.00, Syst = 0.05
-------------------------------------------
E =  965.000 MeV, Wght = 1.00, Syst = 0.05
-------------------------------------------
E =  970.000 MeV, Wght = 1.00, Syst = 0.05
-------------------------------------------
E =  975.000 MeV, Wght = 1.00, Syst = 0.05
-------------------------------------------
E =  980.000 MeV, Wght = 1.00, Syst = 0.05
-------------------------------------------
E =  985.000 MeV, Wght = 1.00, Syst = 0.05
-------------------------------------------
E =  990.000 MeV, Wght = 1.00, Syst = 0.05
-------------------------------------------
E =  995.000 MeV, Wght = 1.00, Syst = 0.05
-------------------------------------------
E = 1000.000 MeV, Wght = 1.00, Syst = 0.05
-------------------------------------------
E = 1005.000 MeV, Wght = 1.00, Syst = 0.05
-------------------------------------------
E = 1010.000 MeV, Wght = 1.00, Syst = 0.05
-------------------------------------------
E = 1015.000 MeV, Wght = 1.00, Syst = 0.05
-------------------------------------------
E = 1020.000 MeV, Wght = 1.00, Syst = 0.05
-------------------------------------------
E = 1025.000 MeV, Wght = 1.00, Syst = 0.05
-------------------------------------------
E = 1030.000 MeV, Wght = 1.00, Syst = 0.05
-------------------------------------------
E = 1035.000 MeV, Wght = 1.00, Syst = 0.05
-------------------------------------------
E = 1040.000 MeV, Wght = 1.00, Syst = 0.05
-------------------------------------------
E = 1045.000 MeV, Wght = 1.00, Syst = 0.05
-------------------------------------------
E = 1050.000 MeV, Wght = 1.00, Syst = 0.05
-------------------------------------------
E = 1055.000 MeV, Wght = 1.00, Syst = 0.05
-------------------------------------------
E = 1060.000 MeV, Wght = 1.00, Syst = 0.05
-------------------------------------------
E = 1065.000 MeV, Wght = 1.00, Syst = 0.05
-------------------------------------------
E = 1070.000 MeV, Wght = 1.00, Syst = 0.05
-------------------------------------------
E = 1075.000 MeV, Wght = 1.00, Syst = 0.05
-------------------------------------------
E = 1080.000 MeV, Wght = 1.00, Syst = 0.05
-------------------------------------------
E = 1085.000 MeV, Wght = 1.00, Syst = 0.05
-------------------------------------------
E = 1090.000 MeV, Wght = 1.00, Syst = 0.05
-------------------------------------------
E = 1095.000 MeV, Wght = 1.00, Syst = 0.05
-------------------------------------------
E = 1100.000 MeV, Wght = 1.00, Syst = 0.05
-------------------------------------------
E = 1105.000 MeV, Wght = 1.00, Syst = 0.05
-------------------------------------------
E = 1110.000 MeV, Wght = 1.00, Syst = 0.05
-------------------------------------------
E = 1115.000 MeV, Wght = 1.00, Syst = 0.05
-------------------------------------------
E = 1120.000 MeV, Wght = 1.00, Syst = 0.05
-------------------------------------------
E = 1125.000 MeV, Wght = 1.00, Syst = 0.05
-------------------------------------------
E = 1130.000 MeV, Wght = 1.00, Syst = 0.05
-------------------------------------------
E = 1135.000 MeV, Wght = 1.00, Syst = 0.05
-------------------------------------------
E = 1140.000 MeV, Wght = 1.00, Syst = 0.05
-------------------------------------------
E = 1145.000 MeV, Wght = 1.00, Syst = 0.05
-------------------------------------------
E = 1150.000 MeV, Wght = 1.00, Syst = 0.05
-------------------------------------------
E = 1155.000 MeV, Wght = 1.00, Syst = 0.05
-------------------------------------------
E = 1160.000 MeV, Wght = 1.00, Syst = 0.05
-------------------------------------------
E = 1165.000 MeV, Wght = 1.00, Syst = 0.05
-------------------------------------------
E = 1170.000 MeV, Wght = 1.00, Syst = 0.05
-------------------------------------------
E = 1175.000 MeV, Wght = 1.00, Syst = 0.05
-------------------------------------------
E = 1180.000 MeV, Wght = 1.00, Syst = 0.05
-------------------------------------------
E = 1185.000 MeV, Wght = 1.00, Syst = 0.05
-------------------------------------------
E = 1190.000 MeV, Wght = 1.00, Syst = 0.05
-------------------------------------------
E = 1195.000 MeV, Wght = 1.00, Syst = 0.05
-------------------------------------------
E = 1200.000 MeV, Wght = 1.00, Syst = 0.05
-------------------------------------------
E = 1205.000 MeV, Wght = 1.00, Syst = 0.05
-------------------------------------------
E = 1210.000 MeV, Wght = 1.00, Syst = 0.05
-------------------------------------------
E = 1215.000 MeV, Wght = 1.00, Syst = 0.05
-------------------------------------------
E = 1220.000 MeV, Wght = 1.00, Syst = 0.05
-------------------------------------------
E = 1225.000 MeV, Wght = 1.00, Syst = 0.05
-------------------------------------------
E = 1230.000 MeV, Wght = 1.00, Syst = 0.05
-------------------------------------------
E = 1235.000 MeV, Wght = 1.00, Syst = 0.05
-------------------------------------------
E = 1240.000 MeV, Wght = 1.00, Syst = 0.05
-------------------------------------------
E = 1245.000 MeV, Wght = 1.00, Syst = 0.05
-------------------------------------------
E = 1250.000 MeV, Wght = 1.00, Syst = 0.05
-------------------------------------------
E = 1255.000 MeV, Wght = 1.00, Syst = 0.05
-------------------------------------------
E = 1260.000 MeV, Wght = 1.00, Syst = 0.05
-------------------------------------------
E = 1265.000 MeV, Wght = 1.00, Syst = 0.05
-------------------------------------------
E = 1270.000 MeV, Wght = 1.00, Syst = 0.05
-------------------------------------------
E = 1275.000 MeV, Wght = 1.00, Syst = 0.05
-------------------------------------------
E = 1280.000 MeV, Wght = 1.00, Syst = 0.05
-------------------------------------------
E = 1285.000 MeV, Wght = 1.00, Syst = 0.05
-------------------------------------------
E = 1290.000 MeV, Wght = 1.00, Syst = 0.05
-------------------------------------------
E = 1295.000 MeV, Wght = 1.00, Syst = 0.05
-------------------------------------------
E = 1300.000 MeV, Wght = 1.00, Syst = 0.05
-------------------------------------------
E = 1305.000 MeV, Wght = 1.00, Syst = 0.05
-------------------------------------------
E = 1310.000 MeV, Wght = 1.00, Syst = 0.05
-------------------------------------------
E = 1315.000 MeV, Wght = 1.00, Syst = 0.05
-------------------------------------------
E = 1320.000 MeV, Wght = 1.00, Syst = 0.05
-------------------------------------------
E = 1325.000 MeV, Wght = 1.00, Syst = 0.05
-------------------------------------------
E = 1330.000 MeV, Wght = 1.00, Syst = 0.05
-------------------------------------------
E = 1335.000 MeV, Wght = 1.00, Syst = 0.05
-------------------------------------------
E = 1340.000 MeV, Wght = 1.00, Syst = 0.05
-------------------------------------------
E = 1345.000 MeV, Wght = 1.00, Syst = 0.05
-------------------------------------------
E = 1350.000 MeV, Wght = 1.00, Syst = 0.05
-------------------------------------------
E = 1355.000 MeV, Wght = 1.00, Syst = 0.05
-------------------------------------------
E = 1360.000 MeV, Wght = 1.00, Syst = 0.05
-------------------------------------------
E = 1365.000 MeV, Wght = 1.00, Syst = 0.05
-------------------------------------------
E = 1370.000 MeV, Wght = 1.00, Syst = 0.05
-------------------------------------------
E = 1375.000 MeV, Wght = 1.00, Syst = 0.05
-------------------------------------------
E = 1380.000 MeV, Wght = 1.00, Syst = 0.05
-------------------------------------------
E = 1385.000 MeV, Wght = 1.00, Syst = 0.05
-------------------------------------------
E = 1390.000 MeV, Wght = 1.00, Syst = 0.05
-------------------------------------------
E = 1395.000 MeV, Wght = 1.00, Syst = 0.05
-------------------------------------------
E = 1400.000 MeV, Wght = 1.00, Syst = 0.05
-------------------------------------------
E = 1405.000 MeV, Wght = 1.00, Syst = 0.05
-------------------------------------------
E = 1410.000 MeV, Wght = 1.00, Syst = 0.05
-------------------------------------------
E = 1415.000 MeV, Wght = 1.00, Syst = 0.05
-------------------------------------------
E = 1420.000 MeV, Wght = 1.00, Syst = 0.05
-------------------------------------------
E = 1425.000 MeV, Wght = 1.00, Syst = 0.05
-------------------------------------------
E = 1430.000 MeV, Wght = 1.00, Syst = 0.05
-------------------------------------------
E = 1435.000 MeV, Wght = 1.00, Syst = 0.05
-------------------------------------------
E = 1440.000 MeV, Wght = 1.00, Syst = 0.05
-------------------------------------------
E = 1445.000 MeV, Wght = 1.00, Syst = 0.05
-------------------------------------------
E = 1450.000 MeV, Wght = 1.00, Syst = 0.05
-------------------------------------------
E = 1455.000 MeV, Wght = 1.00, Syst = 0.05
-------------------------------------------
E = 1460.000 MeV, Wght = 1.00, Syst = 0.05
-------------------------------------------
E = 1465.000 MeV, Wght = 1.00, Syst = 0.05
-------------------------------------------
E = 1470.000 MeV, Wght = 1.00, Syst = 0.05
-------------------------------------------
E = 1475.000 MeV, Wght = 1.00, Syst = 0.05
-------------------------------------------
E = 1480.000 MeV, Wght = 1.00, Syst = 0.05
-------------------------------------------
E = 1485.000 MeV, Wght = 1.00, Syst = 0.05
-------------------------------------------
E = 1490.000 MeV, Wght = 1.00, Syst = 0.05
-------------------------------------------
E = 1495.000 MeV, Wght = 1.00, Syst = 0.05
-------------------------------------------
E = 1500.000 MeV, Wght = 1.00, Syst = 0.05
-------------------------------------------
E = 1505.000 MeV, Wght = 1.00, Syst = 0.05
-------------------------------------------
E = 1510.000 MeV, Wght = 1.00, Syst = 0.05
-------------------------------------------
E = 1515.000 MeV, Wght = 1.00, Syst = 0.05
-------------------------------------------
E = 1520.000 MeV, Wght = 1.00, Syst = 0.05
-------------------------------------------
E = 1525.000 MeV, Wght = 1.00, Syst = 0.05
-------------------------------------------
E = 1530.000 MeV, Wght = 1.00, Syst = 0.05
-------------------------------------------
E = 1535.000 MeV, Wght = 1.00, Syst = 0.05
-------------------------------------------
E = 1540.000 MeV, Wght = 1.00, Syst = 0.05
-------------------------------------------
E = 1545.000 MeV, Wght = 1.00, Syst = 0.05
-------------------------------------------
E = 1550.000 MeV, Wght = 1.00, Syst = 0.05
-------------------------------------------
E = 1555.000 MeV, Wght = 1.00, Syst = 0.05
-------------------------------------------
E = 1560.000 MeV, Wght = 1.00, Syst = 0.05
-------------------------------------------
E = 1565.000 MeV, Wght = 1.00, Syst = 0.05
-------------------------------------------
E = 1570.000 MeV, Wght = 1.00, Syst = 0.05
-------------------------------------------
E = 1575.000 MeV, Wght = 1.00, Syst = 0.05
-------------------------------------------
E = 1580.000 MeV, Wght = 1.00, Syst = 0.05
-------------------------------------------
E = 1585.000 MeV, Wght = 1.00, Syst = 0.05
-------------------------------------------
E = 1590.000 MeV, Wght = 1.00, Syst = 0.05
-------------------------------------------
E = 1595.000 MeV, Wght = 1.00, Syst = 0.05
-------------------------------------------
E = 1600.000 MeV, Wght = 1.00, Syst = 0.05
-------------------------------------------
