E =  143.651 MeV, Wght = 1.00, Syst = 0.05
  5.000    0.005637    0.007516
 15.000   -0.000811    0.002070
 25.000   -0.000370    0.001714
 35.000   -0.001349    0.002171
 45.000   -0.001072    0.002645
 55.000    0.003433    0.004509
 65.000   -0.004776    0.003185
 75.000    0.001374    0.002242
 85.000    0.002813    0.003145
 95.000   -0.002462    0.011489
105.000   -0.000022    0.003751
115.000   -0.002386    0.002670
125.000    0.003118    0.003535
135.000    0.000600    0.003783
145.000    0.000836    0.003637
155.000   -0.002396    0.005909
165.000    0.000912    0.003717
175.000   -0.004564    0.011559
-------------------------------------------
E =  148.745 MeV, Wght = 1.00, Syst = 0.05
  5.000    0.024175    0.433487
 15.000   -0.006974    0.019802
 25.000    0.023767    0.016176
 35.000   -0.012998    0.015598
 45.000    0.001273    0.015658
 55.000    0.012840    0.014506
 65.000    0.007669    0.013317
 75.000   -0.010563    0.014049
 85.000    0.001351    0.012316
 95.000    0.018756    0.014455
105.000   -0.004496    0.011726
115.000   -0.013220    0.011168
125.000   -0.011778    0.012084
135.000    0.002447    0.014059
145.000    0.006394    0.016081
155.000   -0.028815    0.017723
165.000   -0.002969    0.020454
175.000    0.047908    0.179345
-------------------------------------------
E =  153.855 MeV, Wght = 1.00, Syst = 0.05
  5.000   -0.016045    0.055188
 15.000    0.014245    0.024359
 25.000   -0.015518    0.022388
 35.000    0.011306    0.021865
 45.000   -0.032825    0.021454
 55.000    0.010603    0.019931
 65.000    0.028949    0.017752
 75.000   -0.011237    0.015071
 85.000    0.015670    0.012696
 95.000   -0.008211    0.011300
105.000    0.009450    0.011406
115.000    0.020051    0.011391
125.000    0.015116    0.011965
135.000    0.015453    0.011788
145.000    0.029551    0.013879
155.000    0.022498    0.016508
165.000   -0.017918    0.022086
175.000    0.029679    0.059605
-------------------------------------------
E =  158.929 MeV, Wght = 1.00, Syst = 0.05
  5.000   -0.029693    0.070446
 15.000    0.047869    0.036796
 25.000    0.005063    0.034301
 35.000    0.058097    0.035426
 45.000    0.055597    0.035472
 55.000    0.029779    0.033554
 65.000    0.046349    0.029923
 75.000    0.027148    0.025078
 85.000    0.045076    0.020823
 95.000    0.048190    0.018420
105.000    0.065187    0.017572
115.000    0.021632    0.017167
125.000    0.046180    0.017828
135.000    0.023135    0.019028
145.000   -0.010671    0.020941
155.000    0.014442    0.022869
165.000    0.032910    0.031228
175.000    0.053410    0.066777
-------------------------------------------
E =  164.016 MeV, Wght = 1.00, Syst = 0.05
  5.000   -0.019170    0.076759
 15.000    0.042712    0.042676
 25.000    0.053178    0.042169
 35.000    0.089754    0.042730
 45.000    0.098370    0.043016
 55.000    0.052173    0.041046
 65.000    0.112273    0.036701
 75.000    0.081991    0.030918
 85.000    0.106597    0.024958
 95.000    0.092734    0.021994
105.000    0.108249    0.020403
115.000    0.082264    0.020387
125.000    0.047773    0.020467
135.000    0.073520    0.021599
145.000    0.033252    0.023636
155.000    0.025725    0.026969
165.000    0.007403    0.034629
175.000    0.088295    0.075815
-------------------------------------------
E =  169.115 MeV, Wght = 1.00, Syst = 0.05
  5.000   -0.014109    0.087625
 15.000   -0.037714    0.052050
 25.000    0.095082    0.053127
 35.000    0.100500    0.054079
 45.000    0.044385    0.054548
 55.000    0.099990    0.051674
 65.000    0.115260    0.045816
 75.000    0.145417    0.038375
 85.000    0.125147    0.031265
 95.000    0.140435    0.027019
105.000    0.083861    0.024812
115.000    0.054241    0.024665
125.000    0.103672    0.025161
135.000    0.091952    0.026786
145.000    0.084519    0.029310
155.000    0.035356    0.033795
165.000   -0.048067    0.042253
175.000   -0.038433    0.092745
-------------------------------------------
E =  174.175 MeV, Wght = 1.00, Syst = 0.05
  5.000    0.009329    0.108815
 15.000    0.079732    0.069315
 25.000    0.028842    0.069987
 35.000   -0.023094    0.072537
 45.000    0.047629    0.072219
 55.000    0.054849    0.067954
 65.000    0.106146    0.060055
 75.000    0.304963    0.049936
 85.000    0.183787    0.040391
 95.000    0.191883    0.034904
105.000    0.223315    0.032437
115.000    0.214130    0.032387
125.000    0.089967    0.032612
135.000    0.169818    0.034897
145.000    0.141683    0.038800
155.000    0.092473    0.043981
165.000   -0.016550    0.054900
175.000    0.026566    0.117530
-------------------------------------------
E =  179.245 MeV, Wght = 1.00, Syst = 0.05
  5.000   -0.061409    0.134433
 15.000    0.079320    0.072843
 25.000    0.080879    0.075222
 35.000   -0.029060    0.077075
 45.000    0.185097    0.076294
 55.000    0.057172    0.071756
 65.000    0.084989    0.062341
 75.000    0.238374    0.051357
 85.000    0.190852    0.042262
 95.000    0.260278    0.036234
105.000    0.221730    0.034015
115.000    0.210287    0.033887
125.000    0.219642    0.035074
135.000    0.203426    0.037023
145.000    0.138780    0.040415
155.000    0.009829    0.045267
165.000    0.026450    0.059465
175.000   -0.073447    0.143493
-------------------------------------------
E =  184.325 MeV, Wght = 1.00, Syst = 0.05
  5.000   -0.426839    0.140946
 15.000   -0.085892    0.092221
 25.000    0.168992    0.095403
 35.000    0.071865    0.096442
 45.000    0.175697    0.095433
 55.000    0.196946    0.087049
 65.000    0.328004    0.075965
 75.000    0.372148    0.062577
 85.000    0.328754    0.050603
 95.000    0.326847    0.044143
105.000    0.323272    0.042016
115.000    0.220641    0.041302
125.000    0.228210    0.042822
135.000    0.219115    0.044558
145.000    0.146980    0.048996
155.000    0.209838    0.055884
165.000    0.045494    0.073651
175.000   -0.067498    0.166626
-------------------------------------------
E =  189.359 MeV, Wght = 1.00, Syst = 0.05
  5.000    0.012858    0.146033
 15.000   -0.091317    0.093521
 25.000    0.006124    0.097335
 35.000    0.115695    0.098870
 45.000   -0.000814    0.094686
 55.000    0.301416    0.088380
 65.000    0.391608    0.075029
 75.000    0.368436    0.062125
 85.000    0.340956    0.050888
 95.000    0.274123    0.044654
105.000    0.389675    0.042560
115.000    0.311842    0.041530
125.000    0.389207    0.042824
135.000    0.314397    0.045130
145.000    0.167390    0.049523
155.000    0.081307    0.057389
165.000    0.155286    0.071722
175.000    0.192212    0.167450
-------------------------------------------
E =  194.401 MeV, Wght = 1.00, Syst = 0.05
  5.000   -0.012166    0.225535
 15.000    0.010280    0.131285
 25.000    0.228175    0.138464
 35.000    0.285965    0.142311
 45.000    0.058983    0.136008
 55.000    0.374130    0.124965
 65.000    0.482243    0.105957
 75.000    0.351440    0.086093
 85.000    0.455960    0.071436
 95.000    0.541879    0.063051
105.000    0.461382    0.059949
115.000    0.505524    0.059519
125.000    0.519923    0.060880
135.000    0.285603    0.064309
145.000    0.453473    0.070633
155.000    0.232970    0.083142
165.000    0.228093    0.105131
175.000    0.191811    0.230926
-------------------------------------------
E =  199.450 MeV, Wght = 1.00, Syst = 0.05
  5.000    0.091867    0.208546
 15.000    0.006353    0.136621
 25.000    0.301328    0.141881
 35.000    0.237933    0.141242
 45.000    0.290097    0.135776
 55.000    0.389163    0.121434
 65.000    0.295281    0.103346
 75.000    0.639984    0.083576
 85.000    0.574053    0.069740
 95.000    0.538762    0.062772
105.000    0.612683    0.059595
115.000    0.494776    0.059034
125.000    0.490073    0.060618
135.000    0.435728    0.064082
145.000    0.337561    0.070140
155.000    0.322630    0.083257
165.000    0.285947    0.106732
175.000    0.100877    0.241458
-------------------------------------------
E =  204.447 MeV, Wght = 1.00, Syst = 0.05
  5.000    0.590910    0.282060
 15.000    0.108454    0.188655
 25.000    0.449076    0.191017
 35.000   -0.019933    0.190435
 45.000    0.273554    0.178440
 55.000    0.070436    0.158326
 65.000    0.204114    0.132890
 75.000    0.706430    0.109430
 85.000    0.768070    0.091098
 95.000    0.818656    0.083636
105.000    0.632210    0.079410
115.000    0.657324    0.078909
125.000    0.754886    0.081323
135.000    0.469015    0.086633
145.000    0.573128    0.095747
155.000    0.472989    0.111463
165.000    0.280628    0.144988
175.000    0.064532    0.293176
-------------------------------------------
E =  209.449 MeV, Wght = 1.00, Syst = 0.05
  5.000    0.160440    0.254342
 15.000    0.366812    0.175693
 25.000    0.115256    0.184441
 35.000    0.017073    0.180453
 45.000    0.726059    0.166310
 55.000    0.599430    0.147959
 65.000    0.656670    0.123084
 75.000    0.549796    0.100361
 85.000    0.764878    0.085671
 95.000    0.862516    0.078870
105.000    0.819868    0.075570
115.000    0.843387    0.075741
125.000    0.853370    0.077471
135.000    0.668515    0.082031
145.000    0.596506    0.091029
155.000    0.460907    0.105021
165.000    0.043713    0.138148
175.000   -0.269124    0.296834
-------------------------------------------
E =  214.451 MeV, Wght = 1.00, Syst = 0.05
  5.000   -0.169070    0.283442
 15.000    0.311426    0.201047
 25.000    0.262849    0.203409
 35.000    0.119614    0.195805
 45.000    0.017543    0.180290
 55.000    0.586270    0.157018
 65.000    0.492524    0.130925
 75.000    1.151899    0.107972
 85.000    0.869181    0.092153
 95.000    0.869086    0.085598
105.000    1.066289    0.082831
115.000    0.949887    0.082837
125.000    1.044971    0.084779
135.000    0.796480    0.089548
145.000    0.814882    0.100003
155.000    0.494120    0.115226
165.000    0.543513    0.150476
175.000    0.104395    0.355266
-------------------------------------------
E =  219.405 MeV, Wght = 1.00, Syst = 0.05
  5.000    0.370977    0.325755
 15.000    0.296178    0.213724
 25.000    0.450418    0.218164
 35.000   -0.024844    0.208869
 45.000    0.099933    0.189115
 55.000    0.923630    0.163139
 65.000    1.028602    0.135477
 75.000    0.960883    0.112510
 85.000    1.068896    0.097576
 95.000    0.970438    0.091196
105.000    1.051724    0.087880
115.000    1.133011    0.089109
125.000    1.211267    0.091700
135.000    1.017898    0.096443
145.000    0.674886    0.106812
155.000    0.574706    0.124028
165.000    0.615303    0.161156
175.000    0.084395    0.375329
-------------------------------------------
E =  224.355 MeV, Wght = 1.00, Syst = 0.05
  5.000   -0.268761    0.485995
 15.000    0.053495    0.300938
 25.000    0.081013    0.296674
 35.000    0.167533    0.284172
 45.000    0.353898    0.254531
 55.000    0.143656    0.218449
 65.000    0.730329    0.180222
 75.000    0.981236    0.150907
 85.000    1.138622    0.133170
 95.000    1.139248    0.124443
105.000    1.447081    0.121697
115.000    1.238351    0.122254
125.000    1.030840    0.126248
135.000    1.035653    0.133963
145.000    1.130032    0.147498
155.000    0.764019    0.169985
165.000    0.913419    0.224146
175.000    0.181350    0.520844
-------------------------------------------
E =  229.303 MeV, Wght = 1.00, Syst = 0.05
  5.000    0.638433    0.458743
 15.000    0.263850    0.308886
 25.000    0.210644    0.306113
 35.000   -0.436796    0.287531
 45.000    0.455418    0.257879
 55.000    0.697244    0.218392
 65.000    1.163270    0.181180
 75.000    0.984567    0.152043
 85.000    1.207892    0.136251
 95.000    1.420916    0.128452
105.000    1.454820    0.125166
115.000    1.609213    0.125854
125.000    1.613694    0.129737
135.000    1.556654    0.137573
145.000    1.207659    0.151664
155.000    0.724576    0.176442
165.000    0.087429    0.226130
175.000   -0.592640    0.541724
-------------------------------------------
E =  234.195 MeV, Wght = 1.00, Syst = 0.05
  5.000   -0.078162    0.425585
 15.000    0.215802    0.278023
 25.000    0.400809    0.269224
 35.000    0.003383    0.248929
 45.000    0.097863    0.219044
 55.000    0.562308    0.185451
 65.000    1.281963    0.153206
 75.000    1.136009    0.130185
 85.000    1.244657    0.117363
 95.000    1.584067    0.111624
105.000    1.628930    0.110033
115.000    1.659283    0.111305
125.000    1.663478    0.114033
135.000    1.841035    0.120824
145.000    1.387390    0.134361
155.000    1.181964    0.156962
165.000    0.834858    0.206334
175.000    0.037429    0.471693
-------------------------------------------
E =  239.081 MeV, Wght = 1.00, Syst = 0.05
  5.000   -0.053671    0.459764
 15.000   -0.414453    0.298765
 25.000    0.463185    0.289172
 35.000    0.042783    0.265339
 45.000    0.210985    0.233006
 55.000    0.806536    0.195582
 65.000    1.150577    0.161002
 75.000    1.301515    0.138002
 85.000    1.301902    0.126661
 95.000    1.761554    0.121057
105.000    1.860890    0.119047
115.000    1.913437    0.120627
125.000    1.955595    0.124317
135.000    1.672948    0.131640
145.000    1.697637    0.146027
155.000    1.303142    0.171072
165.000    0.891757    0.222528
175.000    0.757630    0.504823
-------------------------------------------
E =  243.958 MeV, Wght = 1.00, Syst = 0.05
  5.000   -0.857194    0.509949
 15.000   -0.639701    0.328869
 25.000    0.477301    0.313423
 35.000   -0.248313    0.284647
 45.000    0.118917    0.245796
 55.000    0.171648    0.205840
 65.000    1.307218    0.170279
 75.000    1.198114    0.148516
 85.000    1.501242    0.136201
 95.000    1.957762    0.131785
105.000    1.888623    0.129774
115.000    2.028149    0.132093
125.000    2.313809    0.135674
135.000    1.913587    0.144124
145.000    1.843667    0.158879
155.000    1.520712    0.187099
165.000    0.890259    0.245890
175.000    0.774589    0.552050
-------------------------------------------
E =  248.779 MeV, Wght = 1.00, Syst = 0.05
  5.000    0.228921    0.567406
 15.000   -0.030397    0.368597
 25.000    0.143191    0.333785
 35.000    0.137958    0.305116
 45.000    0.046888    0.259023
 55.000    0.103141    0.216290
 65.000    1.224946    0.180703
 75.000    1.411727    0.158917
 85.000    1.763810    0.147247
 95.000    2.059045    0.143041
105.000    2.246103    0.141403
115.000    2.347823    0.142750
125.000    2.476573    0.148343
135.000    2.516368    0.156712
145.000    1.994603    0.173235
155.000    1.239212    0.202696
165.000    1.187542    0.266019
175.000    0.158374    0.611002
-------------------------------------------
E =  253.589 MeV, Wght = 1.00, Syst = 0.05
  5.000    1.327953    0.623344
 15.000   -0.347104    0.387756
 25.000    0.123317    0.357589
 35.000   -0.046859    0.322303
 45.000    0.006400    0.272580
 55.000    0.440979    0.227545
 65.000    0.876442    0.190493
 75.000    1.044529    0.169959
 85.000    1.822627    0.159319
 95.000    2.026110    0.154379
105.000    2.573362    0.153016
115.000    2.866265    0.156136
125.000    2.721211    0.161221
135.000    2.291913    0.170084
145.000    2.034725    0.188676
155.000    1.929636    0.220522
165.000    1.322434    0.289669
175.000    1.018643    0.648612
-------------------------------------------
E =  258.370 MeV, Wght = 1.00, Syst = 0.05
  5.000   -0.355653    0.766441
 15.000   -0.331240    0.456755
 25.000    0.199123    0.416135
 35.000   -0.339047    0.365439
 45.000   -0.644939    0.312788
 55.000    0.483057    0.259476
 65.000    0.988119    0.218005
 75.000    1.316268    0.195550
 85.000    1.760375    0.184707
 95.000    2.398818    0.179910
105.000    2.762382    0.178947
115.000    3.399639    0.183240
125.000    2.885398    0.187786
135.000    2.896210    0.198967
145.000    2.584085    0.220706
155.000    2.465708    0.261330
165.000    1.340025    0.344396
175.000   -0.880456    0.800357
-------------------------------------------
E =  263.121 MeV, Wght = 1.00, Syst = 0.05
  5.000    0.873089    0.752148
 15.000    0.456325    0.424168
 25.000   -0.393198    0.383124
 35.000   -0.233345    0.335534
 45.000    0.076546    0.283187
 55.000    0.667703    0.234293
 65.000    1.214142    0.198415
 75.000    1.453596    0.179219
 85.000    2.229304    0.170410
 95.000    2.494386    0.166093
105.000    3.170189    0.165309
115.000    3.429857    0.168387
125.000    3.490961    0.175697
135.000    3.322642    0.186124
145.000    2.756485    0.204118
155.000    2.367168    0.237868
165.000    1.473939    0.318647
175.000    0.275815    0.743631
-------------------------------------------
E =  267.841 MeV, Wght = 1.00, Syst = 0.05
  5.000   -0.318661    0.782162
 15.000   -0.201029    0.450077
 25.000   -0.695535    0.387219
 35.000   -0.216108    0.340174
 45.000   -0.042527    0.286690
 55.000    0.327900    0.235199
 65.000    0.929386    0.201311
 75.000    1.415858    0.182887
 85.000    2.387576    0.176050
 95.000    2.992455    0.171471
105.000    3.641804    0.172591
115.000    3.926702    0.175237
125.000    3.827781    0.182321
135.000    3.756379    0.192442
145.000    3.258677    0.213768
155.000    2.719895    0.248781
165.000    2.123538    0.330204
175.000    0.224893    0.801970
-------------------------------------------
E =  272.528 MeV, Wght = 1.00, Syst = 0.05
  5.000    1.030491    0.877210
 15.000   -0.685832    0.474505
 25.000   -0.786264    0.420878
 35.000   -0.684779    0.367252
 45.000   -0.606097    0.302424
 55.000    0.168841    0.251394
 65.000    1.006753    0.217428
 75.000    1.326361    0.198989
 85.000    2.229776    0.191772
 95.000    2.974640    0.188732
105.000    3.536450    0.188703
115.000    4.094676    0.191382
125.000    4.271763    0.199698
135.000    4.048886    0.210665
145.000    3.153223    0.233454
155.000    3.000765    0.271573
165.000    2.428991    0.371516
175.000   -0.022142    0.835152
-------------------------------------------
E =  277.181 MeV, Wght = 1.00, Syst = 0.05
  5.000    0.563050    0.873316
 15.000   -0.275341    0.487968
 25.000   -0.118819    0.427162
 35.000    0.065566    0.363995
 45.000    0.148255    0.298784
 55.000   -0.095774    0.247332
 65.000    0.879457    0.215433
 75.000    1.455055    0.200498
 85.000    2.147847    0.194877
 95.000    2.842368    0.189769
105.000    3.771476    0.191290
115.000    4.652704    0.193543
125.000    4.415032    0.201329
135.000    4.422014    0.215311
145.000    3.743942    0.236743
155.000    2.628806    0.273099
165.000    1.548112    0.369778
175.000    1.466538    0.833090
-------------------------------------------
E =  281.813 MeV, Wght = 1.00, Syst = 0.05
  5.000   -1.204910    0.996314
 15.000    0.574658    0.515011
 25.000   -0.094830    0.441157
 35.000   -0.109562    0.376189
 45.000   -1.605727    0.310849
 55.000    0.046275    0.257810
 65.000    0.503929    0.226330
 75.000    1.211201    0.211676
 85.000    2.337910    0.205357
 95.000    3.154527    0.202575
105.000    3.958127    0.203174
115.000    4.678360    0.205380
125.000    4.987588    0.213455
135.000    5.028184    0.226237
145.000    4.659464    0.249677
155.000    3.268455    0.296576
165.000    2.199556    0.391072
175.000    0.196025    0.934207
-------------------------------------------
E =  286.380 MeV, Wght = 1.00, Syst = 0.05
  5.000   -0.282601    0.998383
 15.000   -0.575412    0.508309
 25.000   -0.633227    0.442574
 35.000   -1.452389    0.371982
 45.000   -0.789000    0.307408
 55.000   -0.951937    0.253518
 65.000    0.439128    0.225502
 75.000    1.003923    0.212640
 85.000    2.022222    0.205696
 95.000    2.911703    0.203275
105.000    4.312650    0.204876
115.000    4.942081    0.206038
125.000    5.532712    0.214999
135.000    4.844980    0.228302
145.000    4.525537    0.253849
155.000    3.660744    0.297053
165.000    2.687786    0.396996
175.000    0.982535    0.919269
-------------------------------------------
E =  290.922 MeV, Wght = 1.00, Syst = 0.05
  5.000    1.087510    1.033594
 15.000    0.083026    0.533542
 25.000   -1.185630    0.457291
 35.000   -1.091688    0.385353
 45.000   -0.956367    0.317931
 55.000   -1.275482    0.261108
 65.000    0.028888    0.235424
 75.000    1.031345    0.222614
 85.000    1.812918    0.216438
 95.000    2.920262    0.214062
105.000    4.066443    0.214731
115.000    5.228109    0.218087
125.000    5.590827    0.227196
135.000    5.520681    0.241347
145.000    5.010530    0.268703
155.000    4.298561    0.313583
165.000    2.598680    0.419779
175.000    0.559952    0.970718
-------------------------------------------
E =  295.439 MeV, Wght = 1.00, Syst = 0.05
  5.000   -1.413189    1.121504
 15.000   -0.597282    0.550874
 25.000   -0.741667    0.462640
 35.000   -1.770386    0.395981
 45.000   -1.432843    0.322261
 55.000   -1.589833    0.267428
 65.000   -0.147116    0.241689
 75.000    0.748210    0.230640
 85.000    2.010735    0.224921
 95.000    3.088104    0.220899
105.000    5.000499    0.223191
115.000    5.313461    0.225563
125.000    5.637197    0.238847
135.000    5.775779    0.254325
145.000    5.011791    0.277696
155.000    4.347906    0.324914
165.000    2.380958    0.428416
175.000    2.084510    1.019486
-------------------------------------------
E =  299.887 MeV, Wght = 1.00, Syst = 0.05
  5.000   -0.398287    1.143515
 15.000   -0.654987    0.543591
 25.000   -1.191659    0.471085
 35.000   -1.828853    0.395662
 45.000   -1.851482    0.319531
 55.000   -0.992057    0.267249
 65.000   -0.655116    0.243438
 75.000    0.339180    0.231880
 85.000    1.664816    0.227747
 95.000    3.352844    0.224971
105.000    4.005870    0.224733
115.000    5.435233    0.229396
125.000    6.117681    0.243915
135.000    5.792017    0.258766
145.000    5.172179    0.280138
155.000    4.657526    0.331472
165.000    2.771099    0.439430
175.000    2.021601    1.011569
-------------------------------------------
E =  304.308 MeV, Wght = 1.00, Syst = 0.05
  5.000    1.417520    1.497501
 15.000    0.705627    0.743100
 25.000    0.184726    0.643121
 35.000   -0.766027    0.537429
 45.000   -2.502512    0.436994
 55.000   -1.113517    0.367420
 65.000   -0.479022    0.338362
 75.000    0.596056    0.323555
 85.000    1.729757    0.317987
 95.000    3.209557    0.315565
105.000    4.789826    0.317323
115.000    5.750869    0.322113
125.000    6.572133    0.344822
135.000    5.592969    0.365203
145.000    6.000453    0.394880
155.000    4.358323    0.456329
165.000    3.049024    0.614457
175.000    2.445714    1.400158
-------------------------------------------
E =  308.685 MeV, Wght = 1.00, Syst = 0.05
  5.000    2.472881    1.968709
 15.000   -1.581856    0.921330
 25.000   -1.676234    0.799462
 35.000   -1.982831    0.669092
 45.000   -3.188405    0.543011
 55.000   -1.749120    0.451872
 65.000   -1.445550    0.419471
 75.000   -0.648651    0.402414
 85.000    1.944521    0.393644
 95.000    3.237331    0.394404
105.000    4.323048    0.393815
115.000    5.228467    0.403567
125.000    6.484824    0.432126
135.000    6.412284    0.460520
145.000    5.896856    0.488389
155.000    6.481309    0.577152
165.000    3.655704    0.763687
175.000    0.621728    1.739506
-------------------------------------------
E =  313.018 MeV, Wght = 1.00, Syst = 0.05
  5.000    1.332454    1.974764
 15.000   -1.300379    0.918623
 25.000   -1.301838    0.784148
 35.000   -2.655983    0.644422
 45.000   -2.684312    0.522948
 55.000   -2.446034    0.441065
 65.000   -1.455279    0.407490
 75.000   -0.828483    0.391270
 85.000    0.569261    0.386454
 95.000    2.384022    0.382110
105.000    4.078683    0.384799
115.000    5.665881    0.392528
125.000    6.412084    0.421020
135.000    6.818557    0.445411
145.000    6.153233    0.475077
155.000    5.232550    0.560232
165.000    3.383603    0.743763
175.000    2.468182    1.798509
-------------------------------------------
E =  317.315 MeV, Wght = 1.00, Syst = 0.05
  5.000   -0.739953    1.306282
 15.000    0.337670    0.601547
 25.000   -1.433347    0.523589
 35.000   -2.271803    0.431386
 45.000   -2.496658    0.348105
 55.000   -2.888189    0.297245
 65.000   -1.559281    0.274454
 75.000   -1.118911    0.264622
 85.000    0.821433    0.259454
 95.000    2.195289    0.258959
105.000    4.328121    0.258809
115.000    4.307862    0.263094
125.000    5.677886    0.281595
135.000    6.392749    0.296672
145.000    5.465305    0.322721
155.000    4.373507    0.370207
165.000    3.293731    0.521046
175.000    2.091029    1.214825
-------------------------------------------
E =  321.545 MeV, Wght = 1.00, Syst = 0.05
  5.000    0.081151    1.366235
 15.000   -1.235342    0.657162
 25.000   -1.742988    0.566772
 35.000   -3.363679    0.466953
 45.000   -3.334928    0.375459
 55.000   -3.422925    0.321713
 65.000   -2.346655    0.298682
 75.000   -1.455232    0.287346
 85.000    0.060616    0.284215
 95.000    1.930786    0.281004
105.000    3.746732    0.282753
115.000    5.192903    0.287824
125.000    5.841940    0.303953
135.000    5.633933    0.318169
145.000    6.101739    0.348598
155.000    5.053881    0.406838
165.000    3.204843    0.548705
175.000   -0.243456    1.299970
-------------------------------------------
E =  325.736 MeV, Wght = 1.00, Syst = 0.05
  5.000    0.252791    1.485918
 15.000   -1.267553    0.708937
 25.000   -2.310482    0.615164
 35.000   -2.963139    0.510365
 45.000   -2.812110    0.411092
 55.000   -3.638123    0.352264
 65.000   -2.180171    0.328631
 75.000   -2.048897    0.316798
 85.000   -0.014873    0.311574
 95.000    1.239958    0.309270
105.000    3.410970    0.310491
115.000    4.203467    0.317521
125.000    6.030328    0.332959
135.000    5.711627    0.350266
145.000    5.938621    0.381536
155.000    4.828504    0.444415
165.000    3.679595    0.613192
175.000    3.414091    1.496225
-------------------------------------------
E =  329.879 MeV, Wght = 1.00, Syst = 0.05
  5.000   -0.828106    1.237631
 15.000   -1.853629    0.764142
 25.000   -2.040040    0.656458
 35.000   -1.718549    0.550139
 45.000   -3.733389    0.439277
 55.000   -2.897386    0.376242
 65.000   -3.148143    0.352775
 75.000   -1.465301    0.342515
 85.000   -0.433213    0.336541
 95.000    1.661027    0.333829
105.000    3.405509    0.335436
115.000    4.495392    0.339902
125.000    6.161619    0.355753
135.000    6.264748    0.373421
145.000    5.141451    0.411190
155.000    5.222085    0.487333
165.000    3.247749    0.655546
175.000   -3.165449    1.657395
-------------------------------------------
E =  333.973 MeV, Wght = 1.00, Syst = 0.05
  5.000    1.331978    1.419267
 15.000    0.393625    0.744348
 25.000   -1.201452    0.657077
 35.000   -2.344901    0.541186
 45.000   -3.007419    0.432617
 55.000   -3.330926    0.372081
 65.000   -2.973451    0.349690
 75.000   -2.579552    0.338886
 85.000   -1.043556    0.333891
 95.000    1.162373    0.329757
105.000    3.273122    0.332339
115.000    4.451878    0.337414
125.000    5.281966    0.349316
135.000    5.437850    0.368767
145.000    5.405081    0.409536
155.000    3.674677    0.479101
165.000    3.479029    0.659886
175.000   -1.890107    1.514222
-------------------------------------------
E =  338.015 MeV, Wght = 1.00, Syst = 0.05
  5.000   -0.706684    1.190081
 15.000   -1.357023    0.642350
 25.000   -1.214141    0.579087
 35.000   -2.861382    0.467659
 45.000   -2.705661    0.374235
 55.000   -4.015195    0.324632
 65.000   -3.267447    0.303760
 75.000   -1.954572    0.294914
 85.000   -0.628482    0.290045
 95.000    1.105098    0.288430
105.000    2.688249    0.290148
115.000    3.553263    0.292433
125.000    5.136374    0.303307
135.000    5.465461    0.322995
145.000    4.768659    0.355622
155.000    4.012212    0.417017
165.000    3.255683    0.572989
175.000   -1.956916    1.423142
-------------------------------------------
E =  342.006 MeV, Wght = 1.00, Syst = 0.05
  5.000   -2.014004    1.340310
 15.000    0.017362    0.675824
 25.000   -1.924442    0.622296
 35.000   -3.137621    0.511804
 45.000   -3.739184    0.406213
 55.000   -4.155475    0.354060
 65.000   -3.261394    0.331013
 75.000   -2.321410    0.322213
 85.000   -1.396412    0.316584
 95.000    0.994001    0.316642
105.000    2.041107    0.314471
115.000    3.170836    0.317511
125.000    4.759589    0.330333
135.000    5.206735    0.348032
145.000    5.427438    0.387699
155.000    3.579231    0.451782
165.000    2.274137    0.617718
175.000    1.889738    1.499126
-------------------------------------------
E =  345.957 MeV, Wght = 1.00, Syst = 0.05
  5.000    0.712475    1.108761
 15.000   -1.369672    0.623506
 25.000   -2.236929    0.562659
 35.000   -2.866239    0.459814
 45.000   -3.919844    0.368332
 55.000   -3.593231    0.318091
 65.000   -3.176893    0.299884
 75.000   -2.562586    0.290787
 85.000   -1.138331    0.286936
 95.000   -0.086263    0.283613
105.000    2.203861    0.283912
115.000    3.262521    0.286111
125.000    4.099216    0.297372
135.000    5.368592    0.315653
145.000    4.815602    0.350441
155.000    4.350413    0.414426
165.000    2.454915    0.578735
175.000   -1.784711    1.433660
-------------------------------------------
E =  349.831 MeV, Wght = 1.00, Syst = 0.05
  5.000   -0.595376    1.409930
 15.000   -1.070719    0.867677
 25.000   -1.647557    0.801158
 35.000   -3.368286    0.652690
 45.000   -4.804972    0.519334
 55.000   -3.797838    0.451764
 65.000   -4.561071    0.428794
 75.000   -3.874702    0.416187
 85.000   -2.121796    0.406648
 95.000   -0.161143    0.404185
105.000    1.989747    0.403572
115.000    3.087271    0.410119
125.000    4.307812    0.423512
135.000    3.789127    0.450350
145.000    5.211015    0.502138
155.000    3.862289    0.587987
165.000    0.698340    0.796768
175.000    0.090333    1.981343
-------------------------------------------
E =  353.673 MeV, Wght = 1.00, Syst = 0.05
  5.000    0.915199    1.397624
 15.000   -1.191697    0.823796
 25.000   -2.007925    0.768081
 35.000   -2.104717    0.626367
 45.000   -3.403303    0.498707
 55.000   -4.650469    0.438129
 65.000   -4.324703    0.412787
 75.000   -3.117431    0.399561
 85.000   -2.100281    0.397584
 95.000   -1.220267    0.391986
105.000    0.771354    0.391874
115.000    2.430267    0.394777
125.000    3.176483    0.409902
135.000    4.035985    0.429776
145.000    4.674438    0.478826
155.000    3.245450    0.567305
165.000    1.627091    0.783028
175.000    1.681074    1.979690
-------------------------------------------
E =  357.441 MeV, Wght = 1.00, Syst = 0.05
  5.000   -0.160604    1.644455
 15.000   -0.960715    1.226827
 25.000   -3.485488    1.180302
 35.000   -2.191635    0.971790
 45.000   -3.817583    0.762079
 55.000   -4.679451    0.676724
 65.000   -5.646806    0.637701
 75.000   -5.561121    0.615497
 85.000   -2.434829    0.605136
 95.000   -3.723831    0.599989
105.000   -0.686170    0.599004
115.000    2.157488    0.600162
125.000    3.668466    0.636706
135.000    4.989851    0.656770
145.000    5.454263    0.752436
155.000    2.317744    0.873867
165.000    0.474667    1.224138
175.000    3.251480    3.124905
-------------------------------------------
E =  361.165 MeV, Wght = 1.00, Syst = 0.05
  5.000   -1.446320    1.001228
 15.000    0.324107    0.692429
 25.000   -1.355183    0.650782
 35.000   -2.981318    0.531735
 45.000   -3.236851    0.430315
 55.000   -4.985197    0.373631
 65.000   -4.628767    0.353108
 75.000   -2.899620    0.341396
 85.000   -2.482238    0.336821
 95.000   -0.638336    0.330818
105.000    1.025723    0.329662
115.000    2.303852    0.335567
125.000    2.459331    0.349861
135.000    4.043480    0.368143
145.000    3.850760    0.405390
155.000    3.615436    0.491678
165.000    0.807105    0.674392
175.000    0.813517    1.763271
-------------------------------------------
E =  364.834 MeV, Wght = 1.00, Syst = 0.05
  5.000   -0.085819    0.936549
 15.000   -0.503858    0.677811
 25.000   -2.484658    0.660231
 35.000   -3.836969    0.538064
 45.000   -4.123071    0.430477
 55.000   -4.543141    0.375890
 65.000   -4.846777    0.354169
 75.000   -3.511883    0.344443
 85.000   -2.644634    0.337086
 95.000   -1.394066    0.332774
105.000    0.768927    0.332875
115.000    2.081719    0.335662
125.000    3.625650    0.347852
135.000    3.443574    0.372032
145.000    2.431224    0.411675
155.000    2.218946    0.489822
165.000    1.928576    0.697690
175.000   -1.570868    1.678717
-------------------------------------------
E =  368.449 MeV, Wght = 1.00, Syst = 0.05
  5.000   -0.626641    0.832354
 15.000   -1.886595    0.643669
 25.000   -1.442340    0.611479
 35.000   -3.702549    0.501074
 45.000   -4.144135    0.405161
 55.000   -4.233283    0.355289
 65.000   -3.812779    0.332031
 75.000   -3.259825    0.323375
 85.000   -3.020190    0.316294
 95.000   -0.313991    0.314464
105.000    0.069925    0.314042
115.000    1.799312    0.316536
125.000    3.151227    0.330697
135.000    3.368539    0.345915
145.000    3.610773    0.385802
155.000    2.492198    0.467841
165.000    1.968546    0.664543
175.000    2.474797    1.637732
-------------------------------------------
E =  372.019 MeV, Wght = 1.00, Syst = 0.05
  5.000    0.676585    0.858961
 15.000   -0.440733    0.663025
 25.000   -1.953872    0.653814
 35.000   -2.548579    0.526852
 45.000   -4.350101    0.421269
 55.000   -4.358755    0.369531
 65.000   -4.969818    0.347869
 75.000   -3.241037    0.337404
 85.000   -2.349404    0.333080
 95.000   -1.635397    0.328549
105.000   -0.107370    0.328253
115.000    1.541110    0.334426
125.000    2.087102    0.344799
135.000    2.119279    0.365252
145.000    2.855540    0.403409
155.000    3.063293    0.488753
165.000    2.344515    0.696113
175.000   -0.834915    1.679278
-------------------------------------------
E =  375.515 MeV, Wght = 1.00, Syst = 0.05
  5.000   -1.552085    0.965387
 15.000   -0.245290    0.681286
 25.000   -2.451551    0.682713
 35.000   -1.953899    0.550163
 45.000   -4.101376    0.438716
 55.000   -4.478951    0.383508
 65.000   -4.970968    0.361808
 75.000   -3.960674    0.348281
 85.000   -2.326060    0.343191
 95.000   -1.435327    0.339216
105.000   -0.247964    0.339556
115.000    1.265562    0.342979
125.000    2.580404    0.351863
135.000    2.087317    0.377950
145.000    3.598008    0.416976
155.000    1.962133    0.494315
165.000    1.706791    0.705505
175.000   -1.561370    1.624565
-------------------------------------------
E =  378.979 MeV, Wght = 1.00, Syst = 0.05
  5.000    1.104400    0.930379
 15.000   -1.273697    0.672224
 25.000   -3.141471    0.677030
 35.000   -2.636113    0.539549
 45.000   -3.707549    0.425709
 55.000   -4.308622    0.374867
 65.000   -4.071630    0.354656
 75.000   -3.541675    0.344341
 85.000   -2.368413    0.335041
 95.000   -1.562242    0.329819
105.000   -0.309472    0.331246
115.000    0.797248    0.337767
125.000    1.756894    0.349234
135.000    2.771266    0.367832
145.000    2.988876    0.404052
155.000    1.776368    0.478458
165.000    1.543448    0.718961
175.000   -0.186740    1.570497
-------------------------------------------
E =  382.368 MeV, Wght = 1.00, Syst = 0.05
  5.000   -0.446755    0.819765
 15.000   -1.047101    0.636515
 25.000   -1.285809    0.663567
 35.000   -2.811985    0.538552
 45.000   -2.694206    0.429235
 55.000   -3.060941    0.378051
 65.000   -3.688146    0.356200
 75.000   -3.749791    0.346344
 85.000   -2.977267    0.338258
 95.000   -1.046621    0.333450
105.000   -0.521300    0.332636
115.000    1.180314    0.339082
125.000    1.593362    0.351104
135.000    2.070090    0.369821
145.000    2.951486    0.408044
155.000    1.819668    0.493675
165.000    2.418903    0.725432
175.000    1.057422    1.750840
-------------------------------------------
E =  385.717 MeV, Wght = 1.00, Syst = 0.05
  5.000   -1.210469    0.744067
 15.000   -0.564245    0.644925
 25.000   -1.402102    0.675200
 35.000   -4.001514    0.549445
 45.000   -3.466720    0.440604
 55.000   -3.994763    0.389626
 65.000   -3.418943    0.364098
 75.000   -3.763928    0.351529
 85.000   -3.066079    0.345392
 95.000   -2.058279    0.340697
105.000    0.129927    0.342542
115.000    0.414349    0.343836
125.000    1.331075    0.361575
135.000    2.090164    0.380835
145.000    2.529631    0.411699
155.000    1.407651    0.507677
165.000    1.774552    0.728306
175.000    0.963251    1.812496
-------------------------------------------
E =  389.015 MeV, Wght = 1.00, Syst = 0.05
  5.000    0.214819    0.536342
 15.000   -1.227827    0.570491
 25.000   -1.755970    0.541136
 35.000   -2.580067    0.453243
 45.000   -3.748961    0.356912
 55.000   -3.305831    0.315582
 65.000   -4.224402    0.295621
 75.000   -3.100058    0.284203
 85.000   -2.633762    0.277403
 95.000   -1.296450    0.274728
105.000    0.028277    0.274657
115.000    0.922031    0.280506
125.000    1.434394    0.290255
135.000    1.800023    0.301632
145.000    2.406251    0.337699
155.000    1.345883    0.408864
165.000    1.537893    0.602274
175.000    0.886607    1.461521
-------------------------------------------
E =  392.252 MeV, Wght = 1.00, Syst = 0.05
  5.000    0.087053    0.736337
 15.000   -0.908864    0.673185
 25.000   -2.240549    0.708774
 35.000   -1.994876    0.580380
 45.000   -2.948182    0.455859
 55.000   -3.589674    0.403469
 65.000   -3.715489    0.379637
 75.000   -4.100317    0.365199
 85.000   -3.074501    0.358061
 95.000   -1.344566    0.353909
105.000   -0.872608    0.350568
115.000    0.651562    0.353202
125.000    1.404464    0.371341
135.000    1.972976    0.391816
145.000    1.449969    0.439306
155.000    1.087955    0.514257
165.000    0.618989    0.768139
175.000   -3.836058    1.969239
-------------------------------------------
E =  395.569 MeV, Wght = 1.00, Syst = 0.05
  5.000   -0.062343    0.671512
 15.000   -0.636087    0.588782
 25.000   -2.908443    0.636088
 35.000   -3.010557    0.511970
 45.000   -2.905624    0.411791
 55.000   -3.900012    0.357131
 65.000   -4.426092    0.340159
 75.000   -3.959671    0.325818
 85.000   -2.304193    0.319554
 95.000   -1.755683    0.313113
105.000   -1.182405    0.314995
115.000    0.414807    0.319680
125.000    0.753330    0.330137
135.000    1.220791    0.356730
145.000    1.874016    0.384016
155.000    1.976479    0.469005
165.000    1.147422    0.690173
175.000    0.627005    1.503878
-------------------------------------------
E =  399.074 MeV, Wght = 1.00, Syst = 0.05
  5.000    0.111099    0.510071
 15.000    0.375995    0.525577
 25.000   -1.650971    0.541539
 35.000   -2.627395    0.446669
 45.000   -2.978153    0.359981
 55.000   -3.770386    0.312335
 65.000   -3.061473    0.297444
 75.000   -2.970514    0.285131
 85.000   -2.648542    0.277585
 95.000   -2.125852    0.278340
105.000   -1.149070    0.276962
115.000    0.060194    0.281462
125.000    1.218130    0.290094
135.000    1.822938    0.307347
145.000    1.314920    0.341395
155.000    1.536084    0.414715
165.000    1.604181    0.575485
175.000   -0.591405    1.414928
-------------------------------------------
E =  402.757 MeV, Wght = 1.00, Syst = 0.05
  5.000    0.745580    0.870389
 15.000   -1.384762    0.670593
 25.000   -0.914591    0.752201
 35.000   -2.685272    0.603084
 45.000   -2.676393    0.487258
 55.000   -3.444045    0.428855
 65.000   -3.915251    0.407476
 75.000   -3.485870    0.389226
 85.000   -2.899011    0.376167
 95.000   -1.659568    0.374650
105.000   -1.069675    0.371177
115.000   -0.115412    0.378617
125.000    0.313716    0.392332
135.000    1.331306    0.417383
145.000    1.186145    0.453470
155.000    1.804277    0.556243
165.000    0.211290    0.788898
175.000   -2.934660    2.093064
-------------------------------------------
E =  406.466 MeV, Wght = 1.00, Syst = 0.05
  5.000    0.254236    0.644508
 15.000   -0.704007    0.573463
 25.000   -1.919014    0.634477
 35.000   -3.091057    0.523950
 45.000   -3.575013    0.412873
 55.000   -3.198526    0.365760
 65.000   -3.974439    0.345130
 75.000   -4.309112    0.333820
 85.000   -2.880381    0.321838
 95.000   -1.993869    0.318900
105.000   -0.805807    0.320101
115.000   -0.615323    0.322486
125.000    0.606774    0.331855
135.000    1.120143    0.353150
145.000    1.319844    0.404158
155.000    1.726689    0.472706
165.000    1.204041    0.667474
175.000   -0.265058    1.734430
-------------------------------------------
E =  410.025 MeV, Wght = 1.00, Syst = 0.05
  5.000    1.353712    0.890257
 15.000   -1.361911    0.848048
 25.000   -1.825098    0.916608
 35.000   -3.142501    0.747743
 45.000   -3.260698    0.602495
 55.000   -3.263575    0.528198
 65.000   -4.793695    0.500931
 75.000   -3.174589    0.477981
 85.000   -1.815770    0.463642
 95.000   -2.683280    0.456881
105.000   -2.102859    0.457112
115.000    0.242144    0.462710
125.000    0.306693    0.482971
135.000    1.991145    0.509278
145.000    0.474537    0.568187
155.000    1.431078    0.713492
165.000    0.202524    0.978923
175.000   -0.477834    2.785589
-------------------------------------------
E =  413.294 MeV, Wght = 1.00, Syst = 0.05
  5.000    3.740554    1.583731
 15.000    0.890146    0.896275
 25.000   -2.338750    0.954017
 35.000   -2.789636    0.758336
 45.000   -3.541601    0.612297
 55.000   -2.483054    0.541078
 65.000   -3.862482    0.505229
 75.000   -3.551150    0.491687
 85.000   -3.356131    0.483915
 95.000   -2.892611    0.473526
105.000   -1.305981    0.472572
115.000    0.008020    0.483228
125.000    0.008584    0.500790
135.000    1.192439    0.530310
145.000    1.257869    0.589236
155.000    1.129417    0.721559
165.000    0.147984    1.116354
175.000    0.279030    2.969505
-------------------------------------------
E =  416.186 MeV, Wght = 1.00, Syst = 0.05
  5.000   -0.208945    0.774376
 15.000    0.246443    0.647267
 25.000   -1.448163    0.691468
 35.000   -3.289478    0.578861
 45.000   -3.157306    0.461663
 55.000   -3.856613    0.402355
 65.000   -4.561805    0.383329
 75.000   -3.231134    0.361826
 85.000   -2.710549    0.354817
 95.000   -2.157504    0.350241
105.000   -1.460057    0.348976
115.000   -0.064905    0.355912
125.000    0.448725    0.367549
135.000    0.307639    0.384233
145.000    1.057986    0.433118
155.000    1.270402    0.533327
165.000    0.257408    0.773400
175.000    1.160631    1.698742
-------------------------------------------
E =  419.000 MeV, Wght = 1.00, Syst = 0.05
-------------------------------------------
E =  420.000 MeV, Wght = 1.00, Syst = 0.05
-------------------------------------------
E =  425.000 MeV, Wght = 1.00, Syst = 0.05
-------------------------------------------
E =  430.000 MeV, Wght = 1.00, Syst = 0.05
-------------------------------------------
E =  435.000 MeV, Wght = 1.00, Syst = 0.05
-------------------------------------------
E =  440.000 MeV, Wght = 1.00, Syst = 0.05
-------------------------------------------
E =  445.000 MeV, Wght = 1.00, Syst = 0.05
-------------------------------------------
E =  450.000 MeV, Wght = 1.00, Syst = 0.05
-------------------------------------------
E =  455.000 MeV, Wght = 1.00, Syst = 0.05
-------------------------------------------
E =  460.000 MeV, Wght = 1.00, Syst = 0.05
-------------------------------------------
E =  465.000 MeV, Wght = 1.00, Syst = 0.05
-------------------------------------------
E =  470.000 MeV, Wght = 1.00, Syst = 0.05
-------------------------------------------
E =  475.000 MeV, Wght = 1.00, Syst = 0.05
-------------------------------------------
E =  480.000 MeV, Wght = 1.00, Syst = 0.05
-------------------------------------------
E =  485.000 MeV, Wght = 1.00, Syst = 0.05
-------------------------------------------
E =  490.000 MeV, Wght = 1.00, Syst = 0.05
-------------------------------------------
E =  495.000 MeV, Wght = 1.00, Syst = 0.05
-------------------------------------------
E =  500.000 MeV, Wght = 1.00, Syst = 0.05
-------------------------------------------
E =  505.000 MeV, Wght = 1.00, Syst = 0.05
-------------------------------------------
E =  510.000 MeV, Wght = 1.00, Syst = 0.05
-------------------------------------------
E =  515.000 MeV, Wght = 1.00, Syst = 0.05
-------------------------------------------
E =  520.000 MeV, Wght = 1.00, Syst = 0.05
-------------------------------------------
E =  525.000 MeV, Wght = 1.00, Syst = 0.05
-------------------------------------------
E =  530.000 MeV, Wght = 1.00, Syst = 0.05
-------------------------------------------
E =  535.000 MeV, Wght = 1.00, Syst = 0.05
-------------------------------------------
E =  540.000 MeV, Wght = 1.00, Syst = 0.05
-------------------------------------------
E =  545.000 MeV, Wght = 1.00, Syst = 0.05
-------------------------------------------
E =  550.000 MeV, Wght = 1.00, Syst = 0.05
-------------------------------------------
E =  555.000 MeV, Wght = 1.00, Syst = 0.05
-------------------------------------------
E =  560.000 MeV, Wght = 1.00, Syst = 0.05
-------------------------------------------
E =  565.000 MeV, Wght = 1.00, Syst = 0.05
-------------------------------------------
E =  570.000 MeV, Wght = 1.00, Syst = 0.05
-------------------------------------------
E =  575.000 MeV, Wght = 1.00, Syst = 0.05
-------------------------------------------
E =  580.000 MeV, Wght = 1.00, Syst = 0.05
-------------------------------------------
E =  585.000 MeV, Wght = 1.00, Syst = 0.05
-------------------------------------------
E =  590.000 MeV, Wght = 1.00, Syst = 0.05
-------------------------------------------
E =  595.000 MeV, Wght = 1.00, Syst = 0.05
-------------------------------------------
E =  600.000 MeV, Wght = 1.00, Syst = 0.05
-------------------------------------------
E =  605.000 MeV, Wght = 1.00, Syst = 0.05
-------------------------------------------
E =  610.000 MeV, Wght = 1.00, Syst = 0.05
-------------------------------------------
E =  615.000 MeV, Wght = 1.00, Syst = 0.05
-------------------------------------------
E =  620.000 MeV, Wght = 1.00, Syst = 0.05
-------------------------------------------
E =  625.000 MeV, Wght = 1.00, Syst = 0.05
-------------------------------------------
E =  630.000 MeV, Wght = 1.00, Syst = 0.05
-------------------------------------------
E =  635.000 MeV, Wght = 1.00, Syst = 0.05
-------------------------------------------
E =  640.000 MeV, Wght = 1.00, Syst = 0.05
-------------------------------------------
E =  645.000 MeV, Wght = 1.00, Syst = 0.05
-------------------------------------------
E =  650.000 MeV, Wght = 1.00, Syst = 0.05
-------------------------------------------
E =  655.000 MeV, Wght = 1.00, Syst = 0.05
-------------------------------------------
E =  660.000 MeV, Wght = 1.00, Syst = 0.05
-------------------------------------------
E =  665.000 MeV, Wght = 1.00, Syst = 0.05
-------------------------------------------
E =  670.000 MeV, Wght = 1.00, Syst = 0.05
-------------------------------------------
E =  675.000 MeV, Wght = 1.00, Syst = 0.05
-------------------------------------------
E =  680.000 MeV, Wght = 1.00, Syst = 0.05
-------------------------------------------
E =  685.000 MeV, Wght = 1.00, Syst = 0.05
-------------------------------------------
E =  690.000 MeV, Wght = 1.00, Syst = 0.05
-------------------------------------------
E =  695.000 MeV, Wght = 1.00, Syst = 0.05
-------------------------------------------
E =  700.000 MeV, Wght = 1.00, Syst = 0.05
-------------------------------------------
E =  705.000 MeV, Wght = 1.00, Syst = 0.05
-------------------------------------------
E =  710.000 MeV, Wght = 1.00, Syst = 0.05
-------------------------------------------
E =  715.000 MeV, Wght = 1.00, Syst = 0.05
-------------------------------------------
E =  720.000 MeV, Wght = 1.00, Syst = 0.05
-------------------------------------------
E =  725.000 MeV, Wght = 1.00, Syst = 0.05
-------------------------------------------
E =  730.000 MeV, Wght = 1.00, Syst = 0.05
-------------------------------------------
E =  735.000 MeV, Wght = 1.00, Syst = 0.05
-------------------------------------------
E =  740.000 MeV, Wght = 1.00, Syst = 0.05
-------------------------------------------
E =  745.000 MeV, Wght = 1.00, Syst = 0.05
-------------------------------------------
E =  750.000 MeV, Wght = 1.00, Syst = 0.05
-------------------------------------------
E =  755.000 MeV, Wght = 1.00, Syst = 0.05
-------------------------------------------
E =  760.000 MeV, Wght = 1.00, Syst = 0.05
-------------------------------------------
E =  765.000 MeV, Wght = 1.00, Syst = 0.05
-------------------------------------------
E =  770.000 MeV, Wght = 1.00, Syst = 0.05
-------------------------------------------
E =  775.000 MeV, Wght = 1.00, Syst = 0.05
-------------------------------------------
E =  780.000 MeV, Wght = 1.00, Syst = 0.05
-------------------------------------------
E =  785.000 MeV, Wght = 1.00, Syst = 0.05
-------------------------------------------
E =  790.000 MeV, Wght = 1.00, Syst = 0.05
-------------------------------------------
E =  795.000 MeV, Wght = 1.00, Syst = 0.05
-------------------------------------------
E =  800.000 MeV, Wght = 1.00, Syst = 0.05
-------------------------------------------
E =  805.000 MeV, Wght = 1.00, Syst = 0.05
-------------------------------------------
E =  810.000 MeV, Wght = 1.00, Syst = 0.05
-------------------------------------------
E =  815.000 MeV, Wght = 1.00, Syst = 0.05
-------------------------------------------
E =  820.000 MeV, Wght = 1.00, Syst = 0.05
-------------------------------------------
E =  825.000 MeV, Wght = 1.00, Syst = 0.05
-------------------------------------------
E =  830.000 MeV, Wght = 1.00, Syst = 0.05
-------------------------------------------
E =  835.000 MeV, Wght = 1.00, Syst = 0.05
-------------------------------------------
E =  840.000 MeV, Wght = 1.00, Syst = 0.05
-------------------------------------------
E =  845.000 MeV, Wght = 1.00, Syst = 0.05
-------------------------------------------
E =  850.000 MeV, Wght = 1.00, Syst = 0.05
-------------------------------------------
E =  855.000 MeV, Wght = 1.00, Syst = 0.05
-------------------------------------------
E =  860.000 MeV, Wght = 1.00, Syst = 0.05
-------------------------------------------
E =  865.000 MeV, Wght = 1.00, Syst = 0.05
-------------------------------------------
E =  870.000 MeV, Wght = 1.00, Syst = 0.05
-------------------------------------------
E =  875.000 MeV, Wght = 1.00, Syst = 0.05
-------------------------------------------
E =  880.000 MeV, Wght = 1.00, Syst = 0.05
-------------------------------------------
E =  885.000 MeV, Wght = 1.00, Syst = 0.05
-------------------------------------------
E =  890.000 MeV, Wght = 1.00, Syst = 0.05
-------------------------------------------
E =  895.000 MeV, Wght = 1.00, Syst = 0.05
-------------------------------------------
E =  900.000 MeV, Wght = 1.00, Syst = 0.05
-------------------------------------------
E =  905.000 MeV, Wght = 1.00, Syst = 0.05
-------------------------------------------
E =  910.000 MeV, Wght = 1.00, Syst = 0.05
-------------------------------------------
E =  915.000 MeV, Wght = 1.00, Syst = 0.05
-------------------------------------------
E =  920.000 MeV, Wght = 1.00, Syst = 0.05
-------------------------------------------
E =  925.000 MeV, Wght = 1.00, Syst = 0.05
-------------------------------------------
E =  930.000 MeV, Wght = 1.00, Syst = 0.05
-------------------------------------------
E =  935.000 MeV, Wght = 1.00, Syst = 0.05
-------------------------------------------
E =  940.000 MeV, Wght = 1.00, Syst = 0.05
-------------------------------------------
E =  945.000 MeV, Wght = 1.00, Syst = 0.05
-------------------------------------------
E =  950.000 MeV, Wght = 1.00, Syst = 0.05
-------------------------------------------
E =  955.000 MeV, Wght = 1.00, Syst = 0.05
-------------------------------------------
E =  960.000 MeV, Wght = 1.00, Syst = 0.05
-------------------------------------------
E =  965.000 MeV, Wght = 1.00, Syst = 0.05
-------------------------------------------
E =  970.000 MeV, Wght = 1.00, Syst = 0.05
-------------------------------------------
E =  975.000 MeV, Wght = 1.00, Syst = 0.05
-------------------------------------------
E =  980.000 MeV, Wght = 1.00, Syst = 0.05
-------------------------------------------
E =  985.000 MeV, Wght = 1.00, Syst = 0.05
-------------------------------------------
E =  990.000 MeV, Wght = 1.00, Syst = 0.05
-------------------------------------------
E =  995.000 MeV, Wght = 1.00, Syst = 0.05
-------------------------------------------
E = 1000.000 MeV, Wght = 1.00, Syst = 0.05
-------------------------------------------
E = 1005.000 MeV, Wght = 1.00, Syst = 0.05
-------------------------------------------
E = 1010.000 MeV, Wght = 1.00, Syst = 0.05
-------------------------------------------
E = 1015.000 MeV, Wght = 1.00, Syst = 0.05
-------------------------------------------
E = 1020.000 MeV, Wght = 1.00, Syst = 0.05
-------------------------------------------
E = 1025.000 MeV, Wght = 1.00, Syst = 0.05
-------------------------------------------
E = 1030.000 MeV, Wght = 1.00, Syst = 0.05
-------------------------------------------
E = 1035.000 MeV, Wght = 1.00, Syst = 0.05
-------------------------------------------
E = 1040.000 MeV, Wght = 1.00, Syst = 0.05
-------------------------------------------
E = 1045.000 MeV, Wght = 1.00, Syst = 0.05
-------------------------------------------
E = 1050.000 MeV, Wght = 1.00, Syst = 0.05
-------------------------------------------
E = 1055.000 MeV, Wght = 1.00, Syst = 0.05
-------------------------------------------
E = 1060.000 MeV, Wght = 1.00, Syst = 0.05
-------------------------------------------
E = 1065.000 MeV, Wght = 1.00, Syst = 0.05
-------------------------------------------
E = 1070.000 MeV, Wght = 1.00, Syst = 0.05
-------------------------------------------
E = 1075.000 MeV, Wght = 1.00, Syst = 0.05
-------------------------------------------
E = 1080.000 MeV, Wght = 1.00, Syst = 0.05
-------------------------------------------
E = 1085.000 MeV, Wght = 1.00, Syst = 0.05
-------------------------------------------
E = 1090.000 MeV, Wght = 1.00, Syst = 0.05
-------------------------------------------
E = 1095.000 MeV, Wght = 1.00, Syst = 0.05
-------------------------------------------
E = 1100.000 MeV, Wght = 1.00, Syst = 0.05
-------------------------------------------
E = 1105.000 MeV, Wght = 1.00, Syst = 0.05
-------------------------------------------
E = 1110.000 MeV, Wght = 1.00, Syst = 0.05
-------------------------------------------
E = 1115.000 MeV, Wght = 1.00, Syst = 0.05
-------------------------------------------
E = 1120.000 MeV, Wght = 1.00, Syst = 0.05
-------------------------------------------
E = 1125.000 MeV, Wght = 1.00, Syst = 0.05
-------------------------------------------
E = 1130.000 MeV, Wght = 1.00, Syst = 0.05
-------------------------------------------
E = 1135.000 MeV, Wght = 1.00, Syst = 0.05
-------------------------------------------
E = 1140.000 MeV, Wght = 1.00, Syst = 0.05
-------------------------------------------
E = 1145.000 MeV, Wght = 1.00, Syst = 0.05
-------------------------------------------
E = 1150.000 MeV, Wght = 1.00, Syst = 0.05
-------------------------------------------
E = 1155.000 MeV, Wght = 1.00, Syst = 0.05
-------------------------------------------
E = 1160.000 MeV, Wght = 1.00, Syst = 0.05
-------------------------------------------
E = 1165.000 MeV, Wght = 1.00, Syst = 0.05
-------------------------------------------
E = 1170.000 MeV, Wght = 1.00, Syst = 0.05
-------------------------------------------
E = 1175.000 MeV, Wght = 1.00, Syst = 0.05
-------------------------------------------
E = 1180.000 MeV, Wght = 1.00, Syst = 0.05
-------------------------------------------
E = 1185.000 MeV, Wght = 1.00, Syst = 0.05
-------------------------------------------
E = 1190.000 MeV, Wght = 1.00, Syst = 0.05
-------------------------------------------
E = 1195.000 MeV, Wght = 1.00, Syst = 0.05
-------------------------------------------
E = 1200.000 MeV, Wght = 1.00, Syst = 0.05
-------------------------------------------
E = 1205.000 MeV, Wght = 1.00, Syst = 0.05
-------------------------------------------
E = 1210.000 MeV, Wght = 1.00, Syst = 0.05
-------------------------------------------
E = 1215.000 MeV, Wght = 1.00, Syst = 0.05
-------------------------------------------
E = 1220.000 MeV, Wght = 1.00, Syst = 0.05
-------------------------------------------
E = 1225.000 MeV, Wght = 1.00, Syst = 0.05
-------------------------------------------
E = 1230.000 MeV, Wght = 1.00, Syst = 0.05
-------------------------------------------
E = 1235.000 MeV, Wght = 1.00, Syst = 0.05
-------------------------------------------
E = 1240.000 MeV, Wght = 1.00, Syst = 0.05
-------------------------------------------
E = 1245.000 MeV, Wght = 1.00, Syst = 0.05
-------------------------------------------
E = 1250.000 MeV, Wght = 1.00, Syst = 0.05
-------------------------------------------
E = 1255.000 MeV, Wght = 1.00, Syst = 0.05
-------------------------------------------
E = 1260.000 MeV, Wght = 1.00, Syst = 0.05
-------------------------------------------
E = 1265.000 MeV, Wght = 1.00, Syst = 0.05
-------------------------------------------
E = 1270.000 MeV, Wght = 1.00, Syst = 0.05
-------------------------------------------
E = 1275.000 MeV, Wght = 1.00, Syst = 0.05
-------------------------------------------
E = 1280.000 MeV, Wght = 1.00, Syst = 0.05
-------------------------------------------
E = 1285.000 MeV, Wght = 1.00, Syst = 0.05
-------------------------------------------
E = 1290.000 MeV, Wght = 1.00, Syst = 0.05
-------------------------------------------
E = 1295.000 MeV, Wght = 1.00, Syst = 0.05
-------------------------------------------
E = 1300.000 MeV, Wght = 1.00, Syst = 0.05
-------------------------------------------
E = 1305.000 MeV, Wght = 1.00, Syst = 0.05
-------------------------------------------
E = 1310.000 MeV, Wght = 1.00, Syst = 0.05
-------------------------------------------
E = 1315.000 MeV, Wght = 1.00, Syst = 0.05
-------------------------------------------
E = 1320.000 MeV, Wght = 1.00, Syst = 0.05
-------------------------------------------
E = 1325.000 MeV, Wght = 1.00, Syst = 0.05
-------------------------------------------
E = 1330.000 MeV, Wght = 1.00, Syst = 0.05
-------------------------------------------
E = 1335.000 MeV, Wght = 1.00, Syst = 0.05
-------------------------------------------
E = 1340.000 MeV, Wght = 1.00, Syst = 0.05
-------------------------------------------
E = 1345.000 MeV, Wght = 1.00, Syst = 0.05
-------------------------------------------
E = 1350.000 MeV, Wght = 1.00, Syst = 0.05
-------------------------------------------
E = 1355.000 MeV, Wght = 1.00, Syst = 0.05
-------------------------------------------
E = 1360.000 MeV, Wght = 1.00, Syst = 0.05
-------------------------------------------
E = 1365.000 MeV, Wght = 1.00, Syst = 0.05
-------------------------------------------
E = 1370.000 MeV, Wght = 1.00, Syst = 0.05
-------------------------------------------
E = 1375.000 MeV, Wght = 1.00, Syst = 0.05
-------------------------------------------
E = 1380.000 MeV, Wght = 1.00, Syst = 0.05
-------------------------------------------
E = 1385.000 MeV, Wght = 1.00, Syst = 0.05
-------------------------------------------
E = 1390.000 MeV, Wght = 1.00, Syst = 0.05
-------------------------------------------
E = 1395.000 MeV, Wght = 1.00, Syst = 0.05
-------------------------------------------
E = 1400.000 MeV, Wght = 1.00, Syst = 0.05
-------------------------------------------
E = 1405.000 MeV, Wght = 1.00, Syst = 0.05
-------------------------------------------
E = 1410.000 MeV, Wght = 1.00, Syst = 0.05
-------------------------------------------
E = 1415.000 MeV, Wght = 1.00, Syst = 0.05
-------------------------------------------
E = 1420.000 MeV, Wght = 1.00, Syst = 0.05
-------------------------------------------
E = 1425.000 MeV, Wght = 1.00, Syst = 0.05
-------------------------------------------
E = 1430.000 MeV, Wght = 1.00, Syst = 0.05
-------------------------------------------
E = 1435.000 MeV, Wght = 1.00, Syst = 0.05
-------------------------------------------
E = 1440.000 MeV, Wght = 1.00, Syst = 0.05
-------------------------------------------
E = 1445.000 MeV, Wght = 1.00, Syst = 0.05
-------------------------------------------
E = 1450.000 MeV, Wght = 1.00, Syst = 0.05
-------------------------------------------
E = 1455.000 MeV, Wght = 1.00, Syst = 0.05
-------------------------------------------
E = 1460.000 MeV, Wght = 1.00, Syst = 0.05
-------------------------------------------
E = 1465.000 MeV, Wght = 1.00, Syst = 0.05
-------------------------------------------
E = 1470.000 MeV, Wght = 1.00, Syst = 0.05
-------------------------------------------
E = 1475.000 MeV, Wght = 1.00, Syst = 0.05
-------------------------------------------
E = 1480.000 MeV, Wght = 1.00, Syst = 0.05
-------------------------------------------
E = 1485.000 MeV, Wght = 1.00, Syst = 0.05
-------------------------------------------
E = 1490.000 MeV, Wght = 1.00, Syst = 0.05
-------------------------------------------
E = 1495.000 MeV, Wght = 1.00, Syst = 0.05
-------------------------------------------
E = 1500.000 MeV, Wght = 1.00, Syst = 0.05
-------------------------------------------
E = 1505.000 MeV, Wght = 1.00, Syst = 0.05
-------------------------------------------
E = 1510.000 MeV, Wght = 1.00, Syst = 0.05
-------------------------------------------
E = 1515.000 MeV, Wght = 1.00, Syst = 0.05
-------------------------------------------
E = 1520.000 MeV, Wght = 1.00, Syst = 0.05
-------------------------------------------
E = 1525.000 MeV, Wght = 1.00, Syst = 0.05
-------------------------------------------
E = 1530.000 MeV, Wght = 1.00, Syst = 0.05
-------------------------------------------
E = 1535.000 MeV, Wght = 1.00, Syst = 0.05
-------------------------------------------
E = 1540.000 MeV, Wght = 1.00, Syst = 0.05
-------------------------------------------
E = 1545.000 MeV, Wght = 1.00, Syst = 0.05
-------------------------------------------
E = 1550.000 MeV, Wght = 1.00, Syst = 0.05
-------------------------------------------
E = 1555.000 MeV, Wght = 1.00, Syst = 0.05
-------------------------------------------
E = 1560.000 MeV, Wght = 1.00, Syst = 0.05
-------------------------------------------
E = 1565.000 MeV, Wght = 1.00, Syst = 0.05
-------------------------------------------
E = 1570.000 MeV, Wght = 1.00, Syst = 0.05
-------------------------------------------
E = 1575.000 MeV, Wght = 1.00, Syst = 0.05
-------------------------------------------
E = 1580.000 MeV, Wght = 1.00, Syst = 0.05
-------------------------------------------
E = 1585.000 MeV, Wght = 1.00, Syst = 0.05
-------------------------------------------
E = 1590.000 MeV, Wght = 1.00, Syst = 0.05
-------------------------------------------
E = 1595.000 MeV, Wght = 1.00, Syst = 0.05
-------------------------------------------
E = 1600.000 MeV, Wght = 1.00, Syst = 0.05
-------------------------------------------
