   W         E0+(pi0_p)
 (MeV)      Re         Im
 1074.0   -0.459030  -0.831449
 1075.0   -0.445035  -0.783245
 1076.0   -0.431040  -0.735042
 1077.0   -0.417045  -0.686839
 1078.0   -0.403049  -0.638636
 1079.0   -0.389054  -0.590432
 1080.0   -0.375059  -0.542229
 1081.0   -0.361064  -0.494026
 1082.0   -0.347069  -0.445823
 1083.0   -0.333074  -0.397619
 1084.0   -0.319079  -0.349416
 1085.0   -0.305084  -0.301213
 1086.0   -0.320651  -0.267674
 1087.0   -0.336218  -0.234135
 1088.0   -0.351785  -0.200596
 1089.0   -0.367352  -0.167057
 1090.0   -0.382919  -0.133518
 1091.0   -0.415881  -0.106276
 1092.0   -0.448843  -0.079033
 1093.0   -0.481806  -0.051791
 1094.0   -0.514768  -0.024548
 1095.0   -0.547730   0.002694
 1096.0   -0.587970   0.027638
 1097.0   -0.628210   0.052583
 1098.0   -0.668450   0.077527
 1099.0   -0.708690   0.102471
 1100.0   -0.748930   0.127416
 1101.0   -0.789849   0.151815
 1102.0   -0.830769   0.176214
 1103.0   -0.871688   0.200613
 1104.0   -0.912607   0.225012
 1105.0   -0.953527   0.249411
 1106.0   -0.991566   0.273888
 1107.0   -1.029606   0.298365
 1108.0   -1.067645   0.322842
 1109.0   -1.105685   0.347319
 1110.0   -1.143724   0.371795
 1111.0   -1.177304   0.396472
 1112.0   -1.210884   0.421148
 1113.0   -1.244465   0.445824
 1114.0   -1.278045   0.470500
 1115.0   -1.311625   0.495176
 1116.0   -1.340302   0.519969
 1117.0   -1.368980   0.544762
 1118.0   -1.397657   0.569555
 1119.0   -1.426335   0.594349
 1120.0   -1.455012   0.619142
 1121.0   -1.478917   0.643917
 1122.0   -1.502822   0.668692
 1123.0   -1.526726   0.693466
 1124.0   -1.550631   0.718241
 1125.0   -1.574535   0.743016
 1126.0   -1.594062   0.767631
 1127.0   -1.613589   0.792245
 1128.0   -1.633116   0.816860
 1129.0   -1.652643   0.841474
 1130.0   -1.672169   0.866089
 1131.0   -1.687787   0.890423
 1132.0   -1.703405   0.914758
 1133.0   -1.719022   0.939092
 1134.0   -1.734640   0.963427
 1135.0   -1.750258   0.987762
 1136.0   -1.762442   1.011720
 1137.0   -1.774626   1.035678
 1138.0   -1.786810   1.059636
 1139.0   -1.798995   1.083594
 1140.0   -1.811179   1.107552
 1141.0   -1.820368   1.131057
 1142.0   -1.829557   1.154562
 1143.0   -1.838746   1.178067
 1144.0   -1.847935   1.201572
 1145.0   -1.857124   1.225077
 1146.0   -1.863707   1.248074
 1147.0   -1.870289   1.271072
 1148.0   -1.876872   1.294069
 1149.0   -1.883455   1.317066
 1150.0   -1.890037   1.340063
 1151.0   -1.894350   1.362512
 1152.0   -1.898663   1.384960
 1153.0   -1.902976   1.407408
 1154.0   -1.907288   1.429856
 1155.0   -1.911601   1.452304
 1156.0   -1.913936   1.474175
 1157.0   -1.916270   1.496045
 1158.0   -1.918604   1.517915
 1159.0   -1.920938   1.539785
 1160.0   -1.923273   1.561655
 1161.0   -1.923875   1.582928
 1162.0   -1.924478   1.604200
 1163.0   -1.925081   1.625473
 1164.0   -1.925684   1.646745
 1165.0   -1.926287   1.668018
 1166.0   -1.925372   1.688682
 1167.0   -1.924456   1.709345
 1168.0   -1.923540   1.730009
 1169.0   -1.922625   1.750672
 1170.0   -1.921709   1.771336
 1171.0   -1.919456   1.791383
 1172.0   -1.917203   1.811431
 1173.0   -1.914951   1.831478
 1174.0   -1.912698   1.851525
 1175.0   -1.910445   1.871572
 1176.0   -1.907012   1.891003
 1177.0   -1.903578   1.910434
 1178.0   -1.900144   1.929864
 1179.0   -1.896711   1.949295
 1180.0   -1.893277   1.968726
 1181.0   -1.888797   1.987542
 1182.0   -1.884316   2.006358
 1183.0   -1.879836   2.025174
 1184.0   -1.875356   2.043990
 1185.0   -1.870876   2.062806
 1186.0   -1.865465   2.081012
 1187.0   -1.860055   2.099218
 1188.0   -1.854644   2.117425
 1189.0   -1.849234   2.135631
 1190.0   -1.843823   2.153837
 1191.0   -1.837584   2.171442
 1192.0   -1.831344   2.189046
 1193.0   -1.825105   2.206650
 1194.0   -1.818865   2.224255
 1195.0   -1.812626   2.241859
 1196.0   -1.805646   2.258871
 1197.0   -1.798666   2.275883
 1198.0   -1.791686   2.292894
 1199.0   -1.784706   2.309906
 1200.0   -1.777726   2.326918
 1201.0   -1.770083   2.343348
 1202.0   -1.762439   2.359779
 1203.0   -1.754796   2.376209
 1204.0   -1.747153   2.392640
 1205.0   -1.739509   2.409070
 1206.0   -1.731272   2.424932
 1207.0   -1.723035   2.440794
 1208.0   -1.714798   2.456655
 1209.0   -1.706561   2.472517
 1210.0   -1.698324   2.488379
 1211.0   -1.689557   2.503688
 1212.0   -1.680790   2.518998
 1213.0   -1.672023   2.534307
 1214.0   -1.663255   2.549617
 1215.0   -1.654488   2.564926
 1216.0   -1.645248   2.579699
 1217.0   -1.636007   2.594472
 1218.0   -1.626766   2.609244
 1219.0   -1.617525   2.624017
 1220.0   -1.608285   2.638790
 1221.0   -1.598617   2.653042
 1222.0   -1.588950   2.667295
 1223.0   -1.579283   2.681548
 1224.0   -1.569616   2.695801
 1225.0   -1.559948   2.710054
 1226.0   -1.549898   2.723803
 1227.0   -1.539847   2.737553
 1228.0   -1.529796   2.751302
 1229.0   -1.519745   2.765052
 1230.0   -1.509694   2.778802
 1231.0   -1.499299   2.792065
 1232.0   -1.488904   2.805329
 1233.0   -1.478508   2.818593
 1234.0   -1.468113   2.831857
 1235.0   -1.457717   2.845121
 1236.0   -1.447012   2.857917
 1237.0   -1.436306   2.870713
 1238.0   -1.425600   2.883509
 1239.0   -1.414894   2.896305
 1240.0   -1.404188   2.909101
 1241.0   -1.393204   2.921448
 1242.0   -1.382219   2.933794
 1243.0   -1.371235   2.946141
 1244.0   -1.360250   2.958488
 1245.0   -1.349266   2.970835
 1246.0   -1.338030   2.982752
 1247.0   -1.326795   2.994668
 1248.0   -1.315560   3.006585
 1249.0   -1.304325   3.018502
 1250.0   -1.293089   3.030419
 1251.0   -1.281629   3.041925
 1252.0   -1.270168   3.053431
 1253.0   -1.258708   3.064937
 1254.0   -1.247247   3.076444
 1255.0   -1.235786   3.087950
 1256.0   -1.224124   3.099065
 1257.0   -1.212462   3.110180
 1258.0   -1.200800   3.121296
 1259.0   -1.189138   3.132411
 1260.0   -1.177476   3.143526
 1261.0   -1.165632   3.154271
 1262.0   -1.153789   3.165017
 1263.0   -1.141945   3.175762
 1264.0   -1.130102   3.186507
 1265.0   -1.118258   3.197252
 1266.0   -1.106252   3.207648
 1267.0   -1.094247   3.218045
 1268.0   -1.082241   3.228441
 1269.0   -1.070235   3.238837
 1270.0   -1.058229   3.249233
 1271.0   -1.046079   3.259301
 1272.0   -1.033928   3.269369
 1273.0   -1.021777   3.279437
 1274.0   -1.009626   3.289505
 1275.0   -0.997475   3.299574
 1276.0   -0.985195   3.309336
 1277.0   -0.972914   3.319098
 1278.0   -0.960633   3.328861
 1279.0   -0.948353   3.338623
 1280.0   -0.936072   3.348385
 1281.0   -0.923676   3.357864
 1282.0   -0.911280   3.367342
 1283.0   -0.898883   3.376821
 1284.0   -0.886487   3.386299
 1285.0   -0.874091   3.395778
 1286.0   -0.861591   3.404996
 1287.0   -0.849090   3.414214
 1288.0   -0.836590   3.423432
 1289.0   -0.824090   3.432651
 1290.0   -0.811590   3.441869
 1291.0   -0.798998   3.450850
 1292.0   -0.786405   3.459830
 1293.0   -0.773813   3.468811
 1294.0   -0.761221   3.477792
 1295.0   -0.748628   3.486773
 1296.0   -0.735954   3.495540
 1297.0   -0.723279   3.504308
 1298.0   -0.710604   3.513076
 1299.0   -0.697929   3.521843
 1300.0   -0.685255   3.530611
 1301.0   -0.672506   3.539190
 1302.0   -0.659758   3.547769
 1303.0   -0.647009   3.556348
 1304.0   -0.634261   3.564927
 1305.0   -0.621513   3.573506
 1306.0   -0.608698   3.581922
 1307.0   -0.595884   3.590337
 1308.0   -0.583070   3.598753
 1309.0   -0.570256   3.607168
 1310.0   -0.557442   3.615584
 1311.0   -0.544568   3.623863
 1312.0   -0.531694   3.632141
 1313.0   -0.518819   3.640420
 1314.0   -0.505945   3.648699
 1315.0   -0.493071   3.656978
 1316.0   -0.480144   3.665146
 1317.0   -0.467216   3.673314
 1318.0   -0.454289   3.681482
 1319.0   -0.441361   3.689650
 1320.0   -0.428434   3.697819
 1321.0   -0.415457   3.705904
 1322.0   -0.402481   3.713990
 1323.0   -0.389504   3.722076
 1324.0   -0.376528   3.730162
 1325.0   -0.363551   3.738247
 1326.0   -0.350531   3.746279
 1327.0   -0.337510   3.754310
 1328.0   -0.324489   3.762342
 1329.0   -0.311468   3.770373
 1330.0   -0.298447   3.778405
 1331.0   -0.285385   3.786413
 1332.0   -0.272322   3.794420
 1333.0   -0.259260   3.802428
 1334.0   -0.246197   3.810435
 1335.0   -0.233134   3.818443
 1336.0   -0.220032   3.826458
 1337.0   -0.206931   3.834472
 1338.0   -0.193829   3.842487
 1339.0   -0.180727   3.850502
 1340.0   -0.167625   3.858517
 1341.0   -0.154486   3.866571
 1342.0   -0.141348   3.874625
 1343.0   -0.128209   3.882679
 1344.0   -0.115071   3.890733
 1345.0   -0.101932   3.898787
 1346.0   -0.088758   3.906915
 1347.0   -0.075583   3.915043
 1348.0   -0.062408   3.923171
 1349.0   -0.049234   3.931298
 1350.0   -0.036059   3.939426
 1351.0   -0.022849   3.947664
 1352.0   -0.009640   3.955902
 1353.0    0.003570   3.964139
 1354.0    0.016780   3.972377
 1355.0    0.029990   3.980615
 1356.0    0.043234   3.989001
 1357.0    0.056479   3.997387
 1358.0    0.069724   4.005772
 1359.0    0.082968   4.014158
 1360.0    0.096213   4.022544
 1361.0    0.109492   4.031119
 1362.0    0.122772   4.039693
 1363.0    0.136051   4.048268
 1364.0    0.149330   4.056843
 1365.0    0.162610   4.065417
 1366.0    0.175925   4.074225
 1367.0    0.189240   4.083033
 1368.0    0.202555   4.091841
 1369.0    0.215871   4.100649
 1370.0    0.229186   4.109457
 1371.0    0.242537   4.118545
 1372.0    0.255888   4.127633
 1373.0    0.269239   4.136720
 1374.0    0.282590   4.145808
 1375.0    0.295941   4.154896
 1376.0    0.309328   4.164316
 1377.0    0.322716   4.173736
 1378.0    0.336104   4.183155
 1379.0    0.349492   4.192575
 1380.0    0.362879   4.201994
 1381.0    0.376304   4.211802
 1382.0    0.389729   4.221609
 1383.0    0.403154   4.231417
 1384.0    0.416579   4.241224
 1385.0    0.430005   4.251031
 1386.0    0.443468   4.261289
 1387.0    0.456932   4.271547
 1388.0    0.470396   4.281805
 1389.0    0.483860   4.292062
 1390.0    0.497324   4.302320
 1391.0    0.510826   4.313096
 1392.0    0.524329   4.323872
 1393.0    0.537831   4.334648
 1394.0    0.551334   4.345424
 1395.0    0.564836   4.356200
 1396.0    0.578378   4.367571
 1397.0    0.591919   4.378942
 1398.0    0.605461   4.390314
 1399.0    0.619003   4.401685
 1400.0    0.632544   4.413056
 1401.0    0.646124   4.425108
 1402.0    0.659704   4.437160
 1403.0    0.673284   4.449212
 1404.0    0.686864   4.461264
 1405.0    0.700444   4.473316
 1406.0    0.714062   4.486146
 1407.0    0.727680   4.498977
 1408.0    0.741298   4.511808
 1409.0    0.754916   4.524639
 1410.0    0.768534   4.537470
 1411.0    0.782188   4.551191
 1412.0    0.795842   4.564912
 1413.0    0.809496   4.578634
 1414.0    0.823150   4.592355
 1415.0    0.836804   4.606076
 1416.0    0.850491   4.620816
 1417.0    0.864179   4.635557
 1418.0    0.877866   4.650297
 1419.0    0.891553   4.665038
 1420.0    0.905241   4.679778
 1421.0    0.918958   4.695688
 1422.0    0.932674   4.711599
 1423.0    0.946391   4.727509
 1424.0    0.960108   4.743419
 1425.0    0.973825   4.759330
 1426.0    0.987565   4.776588
 1427.0    1.001306   4.793847
 1428.0    1.015047   4.811106
 1429.0    1.028788   4.828364
 1430.0    1.042528   4.845623
 1431.0    1.056286   4.864444
 1432.0    1.070044   4.883265
 1433.0    1.083801   4.902087
 1434.0    1.097559   4.920908
 1435.0    1.111317   4.939729
 1436.0    1.125082   4.960375
 1437.0    1.138848   4.981020
 1438.0    1.152613   5.001666
 1439.0    1.166379   5.022312
 1440.0    1.180145   5.042957
 1441.0    1.193908   5.065755
 1442.0    1.207670   5.088552
 1443.0    1.221433   5.111350
 1444.0    1.235196   5.134148
 1445.0    1.248959   5.156945
 1446.0    1.262706   5.182315
 1447.0    1.276454   5.207684
 1448.0    1.290201   5.233054
 1449.0    1.303949   5.258423
 1450.0    1.317696   5.283792
 1451.0    1.331415   5.312290
 1452.0    1.345134   5.340787
 1453.0    1.358853   5.369284
 1454.0    1.372572   5.397781
 1455.0    1.386291   5.426279
 1456.0    1.399970   5.458672
 1457.0    1.413648   5.491066
 1458.0    1.427327   5.523460
 1459.0    1.441006   5.555854
 1460.0    1.454685   5.588248
 1461.0    1.468321   5.625663
 1462.0    1.481956   5.663079
 1463.0    1.495592   5.700494
 1464.0    1.509228   5.737910
 1465.0    1.522864   5.775325
 1466.0    1.536484   5.819550
 1467.0    1.550104   5.863774
 1468.0    1.563723   5.907999
 1469.0    1.577343   5.952224
 1470.0    1.590963   5.996448
 1471.0    1.604688   6.050710
 1472.0    1.618412   6.104972
 1473.0    1.632137   6.159234
 1474.0    1.645862   6.213496
 1475.0    1.659587   6.267758
 1476.0    1.673946   6.339489
 1477.0    1.688306   6.411220
 1478.0    1.702666   6.482951
 1479.0    1.717026   6.554681
 1480.0    1.731385   6.626412
 1481.0    1.751343   6.753368
 1482.0    1.771301   6.880323
 1483.0    1.791259   7.007278
 1484.0    1.811217   7.134234
 1485.0    1.831175   7.261189
 1486.0    1.682688   7.377187
 1487.0    1.534201   7.493185
 1488.0    1.385713   7.609183
 1489.0    1.237226   7.725181
 1490.0    1.088739   7.841179
 1491.0    0.988122   7.882945
 1492.0    0.887505   7.924711
 1493.0    0.786888   7.966477
 1494.0    0.686271   8.008242
 1495.0    0.585654   8.050008
 1496.0    0.490699   8.076942
 1497.0    0.395745   8.103876
 1498.0    0.300791   8.130809
 1499.0    0.205836   8.157743
 1500.0    0.110882   8.184676
 1501.0    0.017396   8.197686
 1502.0   -0.076091   8.210696
 1503.0   -0.169577   8.223706
 1504.0   -0.263063   8.236716
 1505.0   -0.356550   8.249726
 1506.0   -0.448301   8.249138
 1507.0   -0.540053   8.248549
 1508.0   -0.631804   8.247960
 1509.0   -0.723556   8.247371
 1510.0   -0.815307   8.246783
 1511.0   -0.903926   8.233199
 1512.0   -0.992545   8.219616
 1513.0   -1.081163   8.206033
 1514.0   -1.169782   8.192450
 1515.0   -1.258400   8.178867
 1516.0   -1.342261   8.153318
 1517.0   -1.426121   8.127770
 1518.0   -1.509981   8.102221
 1519.0   -1.593841   8.076673
 1520.0   -1.677701   8.051125
 1521.0   -1.755360   8.014993
 1522.0   -1.833019   7.978862
 1523.0   -1.910678   7.942731
 1524.0   -1.988337   7.906600
 1525.0   -2.065996   7.870469
 1526.0   -2.136356   7.825352
 1527.0   -2.206716   7.780235
 1528.0   -2.277075   7.735118
 1529.0   -2.347435   7.690001
 1530.0   -2.417794   7.644884
 1531.0   -2.480152   7.592431
 1532.0   -2.542509   7.539977
 1533.0   -2.604866   7.487524
 1534.0   -2.667224   7.435071
 1535.0   -2.729581   7.382617
 1536.0   -2.783598   7.324394
 1537.0   -2.837615   7.266170
 1538.0   -2.891632   7.207947
 1539.0   -2.945648   7.149724
 1540.0   -2.999665   7.091500
 1541.0   -3.045275   7.028896
 1542.0   -3.090885   6.966292
 1543.0   -3.136496   6.903688
 1544.0   -3.182106   6.841084
 1545.0   -3.227716   6.778480
 1546.0   -3.265026   6.712675
 1547.0   -3.302336   6.646869
 1548.0   -3.339646   6.581064
 1549.0   -3.376956   6.515259
 1550.0   -3.414266   6.449454
 1551.0   -3.443449   6.381424
 1552.0   -3.472633   6.313393
 1553.0   -3.501816   6.245363
 1554.0   -3.530999   6.177333
 1555.0   -3.560182   6.109302
 1556.0   -3.581376   6.039859
 1557.0   -3.602571   5.970415
 1558.0   -3.623765   5.900972
 1559.0   -3.644960   5.831528
 1560.0   -3.666154   5.762084
 1561.0   -3.679448   5.691966
 1562.0   -3.692743   5.621848
 1563.0   -3.706037   5.551730
 1564.0   -3.719331   5.481612
 1565.0   -3.732626   5.411494
 1566.0   -3.738002   5.341416
 1567.0   -3.743379   5.271339
 1568.0   -3.748756   5.201261
 1569.0   -3.754132   5.131184
 1570.0   -3.759509   5.061106
 1571.0   -3.756908   4.991900
 1572.0   -3.754306   4.922693
 1573.0   -3.751705   4.853487
 1574.0   -3.749103   4.784280
 1575.0   -3.746502   4.715074
 1576.0   -3.735866   4.647725
 1577.0   -3.725230   4.580376
 1578.0   -3.714595   4.513027
 1579.0   -3.703959   4.445677
 1580.0   -3.693324   4.378328
 1581.0   -3.674712   4.314007
 1582.0   -3.656100   4.249685
 1583.0   -3.637489   4.185364
 1584.0   -3.618877   4.121043
 1585.0   -3.600265   4.056721
 1586.0   -3.573974   3.996786
 1587.0   -3.547683   3.936852
 1588.0   -3.521392   3.876917
 1589.0   -3.495101   3.816982
 1590.0   -3.468810   3.757047
 1591.0   -3.435496   3.702957
 1592.0   -3.402181   3.648868
 1593.0   -3.368867   3.594778
 1594.0   -3.335552   3.540688
 1595.0   -3.302237   3.486598
 1596.0   -3.262998   3.439768
 1597.0   -3.223759   3.392938
 1598.0   -3.184520   3.346108
 1599.0   -3.145281   3.299278
 1600.0   -3.106042   3.252448
 1601.0   -3.062509   3.214079
 1602.0   -3.018975   3.175711
 1603.0   -2.975442   3.137343
 1604.0   -2.931909   3.098974
 1605.0   -2.888375   3.060606
 1606.0   -2.842689   3.030733
 1607.0   -2.797003   3.000860
 1608.0   -2.751317   2.970987
 1609.0   -2.705631   2.941114
 1610.0   -2.659945   2.911241
 1611.0   -2.613281   2.890708
 1612.0   -2.566618   2.870175
 1613.0   -2.519954   2.849643
 1614.0   -2.473291   2.829110
 1615.0   -2.426628   2.808577
 1616.0   -2.381206   2.796852
 1617.0   -2.335785   2.785126
 1618.0   -2.290363   2.773401
 1619.0   -2.244942   2.761675
 1620.0   -2.199520   2.749950
 1621.0   -2.156955   2.746909
 1622.0   -2.114390   2.743868
 1623.0   -2.071825   2.740827
 1624.0   -2.029260   2.737785
 1625.0   -1.986695   2.734744
 1626.0   -1.948958   2.739567
 1627.0   -1.911220   2.744390
 1628.0   -1.873483   2.749213
 1629.0   -1.835746   2.754035
 1630.0   -1.798008   2.758858
 1631.0   -1.766858   2.770048
 1632.0   -1.735708   2.781238
 1633.0   -1.704559   2.792428
 1634.0   -1.673409   2.803618
 1635.0   -1.642259   2.814809
 1636.0   -1.618951   2.830308
 1637.0   -1.595643   2.845807
 1638.0   -1.572335   2.861306
 1639.0   -1.549027   2.876805
 1640.0   -1.525718   2.892305
 1641.0   -1.510769   2.909727
 1642.0   -1.495819   2.927149
 1643.0   -1.480869   2.944571
 1644.0   -1.465919   2.961993
 1645.0   -1.450969   2.979415
 1646.0   -1.444132   2.996495
 1647.0   -1.437295   3.013575
 1648.0   -1.430459   3.030656
 1649.0   -1.423622   3.047736
 1650.0   -1.416785   3.064817
 1651.0   -1.416787   3.079251
 1652.0   -1.416789   3.093685
 1653.0   -1.416790   3.108119
 1654.0   -1.416792   3.122553
 1655.0   -1.416794   3.136987
 1656.0   -1.422262   3.147687
 1657.0   -1.427730   3.158388
 1658.0   -1.433198   3.169089
 1659.0   -1.438666   3.179790
 1660.0   -1.444134   3.190491
 1661.0   -1.453383   3.196791
 1662.0   -1.462632   3.203090
 1663.0   -1.471881   3.209390
 1664.0   -1.481130   3.215690
 1665.0   -1.490378   3.221989
 1666.0   -1.501951   3.223905
 1667.0   -1.513524   3.225821
 1668.0   -1.525097   3.227737
 1669.0   -1.536670   3.229653
 1670.0   -1.548243   3.231568
 1671.0   -1.561249   3.229645
 1672.0   -1.574255   3.227723
 1673.0   -1.587262   3.225800
 1674.0   -1.600268   3.223877
 1675.0   -1.613274   3.221954
 1676.0   -1.628186   3.217280
 1677.0   -1.643097   3.212605
 1678.0   -1.658008   3.207931
 1679.0   -1.672920   3.203257
 1680.0   -1.687831   3.198583
 1681.0   -1.710646   3.180556
 1682.0   -1.733460   3.162529
 1683.0   -1.756275   3.144503
 1684.0   -1.779089   3.126476
 1685.0   -1.801904   3.108449
 1686.0   -1.806120   3.087467
 1687.0   -1.810337   3.066486
 1688.0   -1.814553   3.045504
 1689.0   -1.818770   3.024522
 1690.0   -1.822986   3.003541
 1691.0   -1.824872   2.986369
 1692.0   -1.826758   2.969197
 1693.0   -1.828644   2.952025
 1694.0   -1.830530   2.934854
 1695.0   -1.832416   2.917682
 1696.0   -1.833175   2.901727
 1697.0   -1.833934   2.885772
 1698.0   -1.834693   2.869817
 1699.0   -1.835453   2.853862
 1700.0   -1.836212   2.837907
 1701.0   -1.836221   2.822502
 1702.0   -1.836230   2.807096
 1703.0   -1.836238   2.791691
 1704.0   -1.836247   2.776286
 1705.0   -1.836256   2.760880
 1706.0   -1.835689   2.745759
 1707.0   -1.835122   2.730638
 1708.0   -1.834556   2.715516
 1709.0   -1.833989   2.700395
 1710.0   -1.833422   2.685274
 1711.0   -1.832373   2.670312
 1712.0   -1.831324   2.655350
 1713.0   -1.830275   2.640387
 1714.0   -1.829226   2.625425
 1715.0   -1.828178   2.610463
 1716.0   -1.826702   2.595606
 1717.0   -1.825227   2.580750
 1718.0   -1.823752   2.565893
 1719.0   -1.822277   2.551037
 1720.0   -1.820802   2.536180
 1721.0   -1.818938   2.521409
 1722.0   -1.817075   2.506638
 1723.0   -1.815211   2.491867
 1724.0   -1.813347   2.477095
 1725.0   -1.811483   2.462324
 1726.0   -1.809244   2.447629
 1727.0   -1.807005   2.432934
 1728.0   -1.804766   2.418239
 1729.0   -1.802527   2.403544
 1730.0   -1.800288   2.388849
 1731.0   -1.797688   2.374231
 1732.0   -1.795088   2.359614
 1733.0   -1.792489   2.344996
 1734.0   -1.789889   2.330378
 1735.0   -1.787290   2.315760
 1736.0   -1.784340   2.301227
 1737.0   -1.781391   2.286694
 1738.0   -1.778441   2.272161
 1739.0   -1.775492   2.257628
 1740.0   -1.772542   2.243095
 1741.0   -1.769243   2.228657
 1742.0   -1.765944   2.214219
 1743.0   -1.762645   2.199781
 1744.0   -1.759346   2.185343
 1745.0   -1.756047   2.170905
 1746.0   -1.752398   2.156574
 1747.0   -1.748750   2.142242
 1748.0   -1.745101   2.127910
 1749.0   -1.741453   2.113578
 1750.0   -1.737804   2.099247
 1751.0   -1.733804   2.085034
 1752.0   -1.729804   2.070821
 1753.0   -1.725803   2.056608
 1754.0   -1.721803   2.042395
 1755.0   -1.717803   2.028182
 1756.0   -1.713447   2.014101
 1757.0   -1.709091   2.000020
 1758.0   -1.704735   1.985940
 1759.0   -1.700379   1.971859
 1760.0   -1.696023   1.957778
 1761.0   -1.691307   1.943848
 1762.0   -1.686591   1.929918
 1763.0   -1.681875   1.915988
 1764.0   -1.677159   1.902057
 1765.0   -1.672443   1.888127
 1766.0   -1.667358   1.874356
 1767.0   -1.662274   1.860586
 1768.0   -1.657190   1.846815
 1769.0   -1.652106   1.833044
 1770.0   -1.647022   1.819273
 1771.0   -1.641565   1.805683
 1772.0   -1.636107   1.792093
 1773.0   -1.630650   1.778503
 1774.0   -1.625193   1.764913
 1775.0   -1.619736   1.751323
 1776.0   -1.613899   1.737933
 1777.0   -1.608062   1.724542
 1778.0   -1.602226   1.711152
 1779.0   -1.596389   1.697762
 1780.0   -1.590552   1.684372
 1781.0   -1.584330   1.671202
 1782.0   -1.578108   1.658032
 1783.0   -1.571886   1.644862
 1784.0   -1.565664   1.631692
 1785.0   -1.559442   1.618522
 1786.0   -1.552830   1.605596
 1787.0   -1.546219   1.592671
 1788.0   -1.539607   1.579746
 1789.0   -1.532995   1.566820
 1790.0   -1.526384   1.553895
 1791.0   -1.519379   1.541238
 1792.0   -1.512374   1.528582
 1793.0   -1.505369   1.515925
 1794.0   -1.498364   1.503269
 1795.0   -1.491359   1.490613
 1796.0   -1.483960   1.478254
 1797.0   -1.476561   1.465895
 1798.0   -1.469162   1.453536
 1799.0   -1.461762   1.441177
 1800.0   -1.454363   1.428819
 1801.0   -1.446571   1.416784
 1802.0   -1.438778   1.404750
 1803.0   -1.430985   1.392716
 1804.0   -1.423192   1.380682
 1805.0   -1.415400   1.368647
 1806.0   -1.407219   1.356975
 1807.0   -1.399038   1.345303
 1808.0   -1.390857   1.333631
 1809.0   -1.382676   1.321958
 1810.0   -1.374496   1.310286
 1811.0   -1.365934   1.299007
 1812.0   -1.357372   1.287728
 1813.0   -1.348811   1.276449
 1814.0   -1.340249   1.265170
 1815.0   -1.331688   1.253891
 1816.0   -1.322757   1.243037
 1817.0   -1.313826   1.232183
 1818.0   -1.304895   1.221330
 1819.0   -1.295964   1.210476
 1820.0   -1.287033   1.199622
 1821.0   -1.277750   1.189231
 1822.0   -1.268466   1.178840
 1823.0   -1.259183   1.168450
 1824.0   -1.249899   1.158059
 1825.0   -1.240616   1.147668
 1826.0   -1.231000   1.137775
 1827.0   -1.221385   1.127883
 1828.0   -1.211770   1.117990
 1829.0   -1.202155   1.108098
 1830.0   -1.192540   1.098205
 1831.0   -1.182619   1.088846
 1832.0   -1.172698   1.079487
 1833.0   -1.162778   1.070128
 1834.0   -1.152857   1.060769
 1835.0   -1.142936   1.051410
 1836.0   -1.132744   1.042608
 1837.0   -1.122551   1.033805
 1838.0   -1.112358   1.025003
 1839.0   -1.102165   1.016201
 1840.0   -1.091973   1.007398
 1841.0   -1.081538   0.999213
 1842.0   -1.071104   0.991027
 1843.0   -1.060669   0.982842
 1844.0   -1.050235   0.974656
 1845.0   -1.039801   0.966471
 1846.0   -1.029172   0.958910
 1847.0   -1.018543   0.951349
 1848.0   -1.007913   0.943789
 1849.0   -0.997284   0.936228
 1850.0   -0.986655   0.928668
 1851.0   -0.975877   0.921757
 1852.0   -0.965099   0.914845
 1853.0   -0.954320   0.907934
 1854.0   -0.943542   0.901023
 1855.0   -0.932764   0.894112
 1856.0   -0.921887   0.887872
 1857.0   -0.911010   0.881633
 1858.0   -0.900134   0.875393
 1859.0   -0.889257   0.869154
 1860.0   -0.878381   0.862914
 1861.0   -0.867460   0.857365
 1862.0   -0.856539   0.851815
 1863.0   -0.845618   0.846266
 1864.0   -0.834697   0.840716
 1865.0   -0.823777   0.835167
 1866.0   -0.812870   0.830320
 1867.0   -0.801963   0.825474
 1868.0   -0.791057   0.820628
 1869.0   -0.780150   0.815781
 1870.0   -0.769244   0.810935
 1871.0   -0.758413   0.806786
 1872.0   -0.747582   0.802636
 1873.0   -0.736752   0.798486
 1874.0   -0.725921   0.794337
 1875.0   -0.715090   0.790187
 1876.0   -0.704398   0.786733
 1877.0   -0.693705   0.783280
 1878.0   -0.683013   0.779826
 1879.0   -0.672320   0.776373
 1880.0   -0.661628   0.772919
 1881.0   -0.651137   0.770148
 1882.0   -0.640646   0.767377
 1883.0   -0.630155   0.764607
 1884.0   -0.619664   0.761836
 1885.0   -0.609173   0.759065
 1886.0   -0.598947   0.756956
 1887.0   -0.588721   0.754847
 1888.0   -0.578495   0.752737
 1889.0   -0.568270   0.750628
 1890.0   -0.558044   0.748519
 1891.0   -0.548144   0.747042
 1892.0   -0.538245   0.745564
 1893.0   -0.528345   0.744087
 1894.0   -0.518445   0.742609
 1895.0   -0.508546   0.741132
 1896.0   -0.499030   0.740248
 1897.0   -0.489515   0.739364
 1898.0   -0.479999   0.738480
 1899.0   -0.470484   0.737595
 1900.0   -0.460969   0.736711
 1901.0   -0.451891   0.736374
 1902.0   -0.442813   0.736036
 1903.0   -0.433735   0.735699
 1904.0   -0.424657   0.735361
 1905.0   -0.415579   0.735024
 1906.0   -0.406986   0.735178
 1907.0   -0.398393   0.735332
 1908.0   -0.389800   0.735487
 1909.0   -0.381207   0.735641
 1910.0   -0.372614   0.735796
 1911.0   -0.364545   0.736381
 1912.0   -0.356475   0.736966
 1913.0   -0.348406   0.737551
 1914.0   -0.340337   0.738136
 1915.0   -0.332267   0.738722
 1916.0   -0.324751   0.739671
 1917.0   -0.317235   0.740620
 1918.0   -0.309719   0.741570
 1919.0   -0.302203   0.742519
 1920.0   -0.294687   0.743468
 1921.0   -0.287743   0.744712
 1922.0   -0.280800   0.745955
 1923.0   -0.273857   0.747198
 1924.0   -0.266914   0.748442
 1925.0   -0.259971   0.749685
 1926.0   -0.253608   0.751151
 1927.0   -0.247246   0.752617
 1928.0   -0.240883   0.754083
 1929.0   -0.234520   0.755549
 1930.0   -0.228158   0.757015
 1931.0   -0.222373   0.758633
 1932.0   -0.216588   0.760251
 1933.0   -0.210803   0.761869
 1934.0   -0.205018   0.763487
 1935.0   -0.199234   0.765105
 1936.0   -0.194013   0.766807
 1937.0   -0.188792   0.768510
 1938.0   -0.183571   0.770212
 1939.0   -0.178350   0.771915
 1940.0   -0.173129   0.773617
 1941.0   -0.168450   0.775342
 1942.0   -0.163770   0.777067
 1943.0   -0.159090   0.778792
 1944.0   -0.154410   0.780516
 1945.0   -0.149730   0.782241
 1946.0   -0.145560   0.783933
 1947.0   -0.141389   0.785624
 1948.0   -0.137218   0.787316
 1949.0   -0.133047   0.789007
 1950.0   -0.128876   0.790699
 1951.0   -0.125177   0.792310
 1952.0   -0.121478   0.793921
 1953.0   -0.117779   0.795532
 1954.0   -0.114080   0.797143
 1955.0   -0.110381   0.798755
 1956.0   -0.107112   0.800246
 1957.0   -0.103842   0.801738
 1958.0   -0.100573   0.803230
 1959.0   -0.097303   0.804722
 1960.0   -0.094034   0.806214
 1961.0   -0.091150   0.807557
 1962.0   -0.088266   0.808900
 1963.0   -0.085382   0.810243
 1964.0   -0.082499   0.811585
 1965.0   -0.079615   0.812928
 1966.0   -0.077072   0.814101
 1967.0   -0.074529   0.815273
 1968.0   -0.071987   0.816446
 1969.0   -0.069444   0.817619
 1970.0   -0.066901   0.818791
 1971.0   -0.064656   0.819779
