   W         M8-(pi0_p)
 (MeV)      Re         Im
 1074.0   -0.000000  -0.000000
 1075.0   -0.000000  -0.000000
 1076.0   -0.000000  -0.000000
 1077.0   -0.000000  -0.000000
 1078.0   -0.000000  -0.000000
 1079.0   -0.000000  -0.000000
 1080.0   -0.000000  -0.000000
 1081.0   -0.000000  -0.000000
 1082.0   -0.000000  -0.000000
 1083.0   -0.000000  -0.000000
 1084.0   -0.000000  -0.000000
 1085.0    0.000000   0.000000
 1086.0    0.000000   0.000000
 1087.0    0.000000   0.000000
 1088.0    0.000000   0.000000
 1089.0    0.000000   0.000000
 1090.0    0.000000   0.000000
 1091.0    0.000000   0.000000
 1092.0    0.000000   0.000000
 1093.0    0.000000   0.000000
 1094.0    0.000000   0.000000
 1095.0   -0.000000  -0.000000
 1096.0   -0.000000  -0.000000
 1097.0   -0.000000  -0.000000
 1098.0   -0.000000  -0.000000
 1099.0   -0.000000  -0.000000
 1100.0   -0.000000  -0.000000
 1101.0   -0.000000  -0.000000
 1102.0   -0.000000  -0.000000
 1103.0    0.000000   0.000000
 1104.0    0.000000   0.000000
 1105.0    0.000000   0.000000
 1106.0    0.000000   0.000000
 1107.0    0.000000   0.000000
 1108.0    0.000000   0.000000
 1109.0    0.000000   0.000000
 1110.0    0.000000  -0.000000
 1111.0    0.000000   0.000000
 1112.0    0.000000   0.000000
 1113.0    0.000000   0.000000
 1114.0    0.000000   0.000000
 1115.0    0.000000   0.000000
 1116.0    0.000000   0.000000
 1117.0    0.000000   0.000000
 1118.0    0.000000   0.000000
 1119.0   -0.000000  -0.000000
 1120.0   -0.000000  -0.000000
 1121.0   -0.000000  -0.000000
 1122.0   -0.000000  -0.000000
 1123.0   -0.000000  -0.000000
 1124.0   -0.000000  -0.000000
 1125.0   -0.000000  -0.000000
 1126.0   -0.000000  -0.000000
 1127.0   -0.000000  -0.000000
 1128.0   -0.000000  -0.000000
 1129.0   -0.000000  -0.000000
 1130.0    0.000000  -0.000000
 1131.0    0.000000  -0.000000
 1132.0    0.000000  -0.000000
 1133.0    0.000000  -0.000000
 1134.0    0.000000  -0.000000
 1135.0    0.000000  -0.000000
 1136.0    0.000000   0.000000
 1137.0    0.000000   0.000000
 1138.0    0.000000   0.000000
 1139.0    0.000000   0.000000
 1140.0    0.000000   0.000000
 1141.0    0.000000   0.000000
 1142.0    0.000000  -0.000000
 1143.0    0.000000  -0.000000
 1144.0   -0.000000  -0.000000
 1145.0   -0.000000  -0.000000
 1146.0   -0.000000  -0.000000
 1147.0    0.000000  -0.000000
 1148.0    0.000000  -0.000000
 1149.0    0.000000  -0.000000
 1150.0    0.000000   0.000000
 1151.0    0.000000   0.000000
 1152.0    0.000000   0.000000
 1153.0    0.000000   0.000000
 1154.0    0.000000   0.000000
 1155.0    0.000000   0.000000
 1156.0    0.000000   0.000000
 1157.0    0.000000   0.000000
 1158.0    0.000000   0.000000
 1159.0    0.000000   0.000000
 1160.0    0.000000   0.000000
 1161.0    0.000000   0.000000
 1162.0    0.000000  -0.000000
 1163.0    0.000000  -0.000000
 1164.0    0.000000  -0.000000
 1165.0    0.000000  -0.000000
 1166.0    0.000000  -0.000000
 1167.0    0.000000  -0.000000
 1168.0    0.000000  -0.000000
 1169.0    0.000000   0.000000
 1170.0    0.000000   0.000000
 1171.0    0.000000   0.000000
 1172.0    0.000000   0.000000
 1173.0    0.000000   0.000000
 1174.0    0.000000   0.000000
 1175.0    0.000000   0.000000
 1176.0    0.000000   0.000000
 1177.0    0.000000   0.000000
 1178.0    0.000000   0.000000
 1179.0    0.000000   0.000000
 1180.0    0.000000   0.000000
 1181.0    0.000000   0.000000
 1182.0    0.000000   0.000000
 1183.0    0.000000   0.000000
 1184.0    0.000000   0.000000
 1185.0    0.000000   0.000000
 1186.0    0.000000   0.000000
 1187.0    0.000000   0.000000
 1188.0    0.000000   0.000000
 1189.0    0.000000   0.000000
 1190.0    0.000000   0.000000
 1191.0    0.000000   0.000000
 1192.0    0.000000   0.000000
 1193.0    0.000000   0.000000
 1194.0    0.000000   0.000000
 1195.0    0.000000   0.000000
 1196.0    0.000000   0.000000
 1197.0    0.000000   0.000000
 1198.0    0.000000   0.000000
 1199.0    0.000000   0.000000
 1200.0    0.000000   0.000000
 1201.0    0.000000   0.000000
 1202.0    0.000000   0.000000
 1203.0    0.000000   0.000000
 1204.0    0.000000   0.000000
 1205.0    0.000000   0.000000
 1206.0    0.000000   0.000000
 1207.0    0.000000   0.000000
 1208.0    0.000000  -0.000000
 1209.0    0.000000  -0.000000
 1210.0    0.000000  -0.000000
 1211.0    0.000000  -0.000000
 1212.0    0.000000  -0.000000
 1213.0    0.000000  -0.000000
 1214.0    0.000000  -0.000000
 1215.0    0.000000  -0.000000
 1216.0    0.000000  -0.000000
 1217.0    0.000000  -0.000000
 1218.0    0.000000  -0.000000
 1219.0    0.000000  -0.000000
 1220.0    0.000000   0.000000
 1221.0    0.000000   0.000000
 1222.0    0.000000   0.000000
 1223.0    0.000000  -0.000000
 1224.0    0.000000  -0.000000
 1225.0    0.000000  -0.000000
 1226.0    0.000000  -0.000000
 1227.0    0.000000  -0.000000
 1228.0    0.000000  -0.000000
 1229.0    0.000000  -0.000000
 1230.0    0.000000  -0.000000
 1231.0    0.000000  -0.000000
 1232.0    0.000000  -0.000000
 1233.0    0.000000  -0.000000
 1234.0    0.000000  -0.000000
 1235.0    0.000000  -0.000000
 1236.0    0.000000  -0.000000
 1237.0    0.000000  -0.000000
 1238.0    0.000000  -0.000000
 1239.0    0.000000  -0.000000
 1240.0    0.000000  -0.000000
 1241.0    0.000000  -0.000000
 1242.0    0.000000  -0.000000
 1243.0    0.000000  -0.000000
 1244.0    0.000000  -0.000000
 1245.0    0.000000  -0.000000
 1246.0    0.000000  -0.000000
 1247.0    0.000000  -0.000000
 1248.0    0.000000  -0.000000
 1249.0    0.000000  -0.000000
 1250.0    0.000000  -0.000000
 1251.0    0.000000  -0.000000
 1252.0    0.000000  -0.000000
 1253.0    0.000000  -0.000000
 1254.0    0.000000  -0.000000
 1255.0    0.000000  -0.000000
 1256.0    0.000000  -0.000000
 1257.0    0.000000  -0.000000
 1258.0    0.000000  -0.000000
 1259.0    0.000000  -0.000000
 1260.0    0.000000  -0.000000
 1261.0   -0.000000  -0.000000
 1262.0   -0.000000  -0.000000
 1263.0   -0.000000  -0.000001
 1264.0   -0.000000  -0.000001
 1265.0   -0.000000  -0.000001
 1266.0   -0.000000  -0.000001
 1267.0   -0.000000  -0.000001
 1268.0   -0.000000  -0.000000
 1269.0   -0.000000  -0.000000
 1270.0   -0.000000  -0.000000
 1271.0   -0.000000  -0.000000
 1272.0    0.000000   0.000000
 1273.0    0.000000   0.000000
 1274.0    0.000000   0.000000
 1275.0    0.000000   0.000000
 1276.0    0.000000   0.000000
 1277.0    0.000000   0.000000
 1278.0    0.000000   0.000000
 1279.0   -0.000000  -0.000000
 1280.0   -0.000000  -0.000000
 1281.0   -0.000000  -0.000000
 1282.0   -0.000000  -0.000000
 1283.0   -0.000000  -0.000000
 1284.0   -0.000000  -0.000000
 1285.0   -0.000000  -0.000000
 1286.0   -0.000000  -0.000000
 1287.0   -0.000000  -0.000000
 1288.0    0.000000  -0.000000
 1289.0    0.000000   0.000000
 1290.0    0.000000   0.000000
 1291.0    0.000000   0.000000
 1292.0    0.000000   0.000000
 1293.0    0.000000   0.000000
 1294.0    0.000000  -0.000000
 1295.0    0.000000  -0.000000
 1296.0    0.000000  -0.000000
 1297.0    0.000000  -0.000000
 1298.0    0.000000  -0.000000
 1299.0    0.000000  -0.000000
 1300.0    0.000000  -0.000000
 1301.0    0.000000  -0.000000
 1302.0    0.000000  -0.000000
 1303.0    0.000000   0.000000
 1304.0    0.000000   0.000000
 1305.0    0.000000   0.000000
 1306.0    0.000000   0.000000
 1307.0    0.000000   0.000000
 1308.0    0.000000   0.000000
 1309.0    0.000000   0.000000
 1310.0    0.000000   0.000000
 1311.0    0.000000   0.000000
 1312.0    0.000000   0.000000
 1313.0    0.000000   0.000000
 1314.0    0.000000   0.000000
 1315.0    0.000000   0.000000
 1316.0    0.000000   0.000000
 1317.0    0.000000   0.000000
 1318.0    0.000000   0.000000
 1319.0    0.000000   0.000000
 1320.0    0.000000   0.000000
 1321.0    0.000000   0.000000
 1322.0    0.000000   0.000000
 1323.0    0.000000  -0.000000
 1324.0    0.000000  -0.000000
 1325.0   -0.000000  -0.000000
 1326.0    0.000000  -0.000000
 1327.0    0.000000  -0.000000
 1328.0    0.000000  -0.000000
 1329.0    0.000000  -0.000000
 1330.0    0.000000  -0.000000
 1331.0    0.000000  -0.000000
 1332.0    0.000000  -0.000000
 1333.0    0.000000  -0.000000
 1334.0    0.000000  -0.000000
 1335.0    0.000000  -0.000000
 1336.0    0.000000  -0.000000
 1337.0    0.000000  -0.000000
 1338.0    0.000000  -0.000000
 1339.0    0.000000  -0.000000
 1340.0    0.000000  -0.000000
 1341.0    0.000000  -0.000000
 1342.0    0.000000  -0.000000
 1343.0    0.000000   0.000000
 1344.0    0.000000   0.000000
 1345.0    0.000000   0.000000
 1346.0    0.000000  -0.000000
 1347.0    0.000000  -0.000001
 1348.0    0.000000  -0.000001
 1349.0   -0.000000  -0.000002
 1350.0   -0.000000  -0.000002
 1351.0   -0.000000  -0.000002
 1352.0    0.000000  -0.000001
 1353.0    0.000000  -0.000001
 1354.0    0.000000  -0.000001
 1355.0    0.000000  -0.000000
 1356.0    0.000000  -0.000000
 1357.0    0.000000  -0.000000
 1358.0    0.000000  -0.000000
 1359.0    0.000000  -0.000000
 1360.0    0.000000  -0.000000
 1361.0    0.000000  -0.000000
 1362.0    0.000000  -0.000000
 1363.0    0.000000  -0.000000
 1364.0    0.000000  -0.000000
 1365.0    0.000000  -0.000000
 1366.0    0.000000  -0.000000
 1367.0    0.000000  -0.000000
 1368.0    0.000000  -0.000000
 1369.0    0.000000  -0.000000
 1370.0    0.000000  -0.000000
 1371.0    0.000000  -0.000000
 1372.0    0.000000  -0.000000
 1373.0    0.000000  -0.000000
 1374.0    0.000000  -0.000000
 1375.0    0.000000  -0.000000
 1376.0    0.000000  -0.000000
 1377.0    0.000000  -0.000000
 1378.0    0.000000  -0.000000
 1379.0    0.000000  -0.000000
 1380.0    0.000000  -0.000000
 1381.0    0.000000  -0.000001
 1382.0    0.000000  -0.000001
 1383.0    0.000000  -0.000001
 1384.0    0.000000  -0.000001
 1385.0    0.000000  -0.000001
 1386.0    0.000000  -0.000001
 1387.0    0.000000  -0.000001
 1388.0    0.000000  -0.000001
 1389.0    0.000001  -0.000000
 1390.0    0.000001  -0.000000
 1391.0    0.000001  -0.000000
 1392.0    0.000001  -0.000000
 1393.0    0.000001  -0.000000
 1394.0    0.000001  -0.000000
 1395.0    0.000001  -0.000000
 1396.0    0.000001  -0.000000
 1397.0    0.000001  -0.000000
 1398.0    0.000001  -0.000000
 1399.0    0.000001  -0.000000
 1400.0    0.000001  -0.000000
 1401.0    0.000001  -0.000000
 1402.0    0.000001  -0.000000
 1403.0    0.000001  -0.000000
 1404.0    0.000001  -0.000000
 1405.0    0.000001  -0.000000
 1406.0    0.000001  -0.000000
 1407.0    0.000001  -0.000000
 1408.0    0.000001  -0.000000
 1409.0    0.000001  -0.000001
 1410.0    0.000001  -0.000001
 1411.0    0.000001  -0.000001
 1412.0    0.000001  -0.000001
 1413.0    0.000001  -0.000001
 1414.0    0.000001  -0.000001
 1415.0    0.000001  -0.000001
 1416.0    0.000001  -0.000001
 1417.0    0.000001  -0.000001
 1418.0    0.000001  -0.000001
 1419.0    0.000001  -0.000001
 1420.0    0.000001  -0.000001
 1421.0    0.000001  -0.000001
 1422.0    0.000001  -0.000001
 1423.0    0.000001  -0.000001
 1424.0    0.000001  -0.000001
 1425.0    0.000001  -0.000001
 1426.0    0.000001  -0.000001
 1427.0    0.000001  -0.000001
 1428.0    0.000001  -0.000001
 1429.0    0.000001  -0.000001
 1430.0    0.000001  -0.000001
 1431.0    0.000001  -0.000001
 1432.0    0.000001  -0.000002
 1433.0    0.000001  -0.000002
 1434.0    0.000001  -0.000002
 1435.0    0.000001  -0.000003
 1436.0    0.000001  -0.000002
 1437.0    0.000001  -0.000002
 1438.0    0.000002  -0.000002
 1439.0    0.000002  -0.000001
 1440.0    0.000002  -0.000001
 1441.0    0.000002  -0.000001
 1442.0    0.000002  -0.000001
 1443.0    0.000002  -0.000001
 1444.0    0.000002  -0.000001
 1445.0    0.000002  -0.000001
 1446.0    0.000002  -0.000001
 1447.0    0.000002  -0.000001
 1448.0    0.000002  -0.000001
 1449.0    0.000002  -0.000001
 1450.0    0.000002  -0.000001
 1451.0    0.000002  -0.000001
 1452.0    0.000002  -0.000001
 1453.0    0.000002  -0.000001
 1454.0    0.000002  -0.000001
 1455.0    0.000002  -0.000001
 1456.0    0.000002  -0.000001
 1457.0    0.000002  -0.000002
 1458.0    0.000002  -0.000002
 1459.0    0.000002  -0.000002
 1460.0    0.000002  -0.000002
 1461.0    0.000002  -0.000002
 1462.0    0.000003  -0.000002
 1463.0    0.000003  -0.000002
 1464.0    0.000003  -0.000002
 1465.0    0.000003  -0.000002
 1466.0    0.000003  -0.000002
 1467.0    0.000003  -0.000002
 1468.0    0.000003  -0.000002
 1469.0    0.000003  -0.000002
 1470.0    0.000003  -0.000002
 1471.0    0.000003  -0.000002
 1472.0    0.000003  -0.000002
 1473.0    0.000003  -0.000002
 1474.0    0.000003  -0.000002
 1475.0    0.000003  -0.000002
 1476.0    0.000003  -0.000002
 1477.0    0.000003  -0.000002
 1478.0    0.000003  -0.000002
 1479.0    0.000003  -0.000002
 1480.0    0.000004  -0.000002
 1481.0    0.000004  -0.000002
 1482.0    0.000004  -0.000003
 1483.0    0.000004  -0.000003
 1484.0    0.000004  -0.000003
 1485.0    0.000004  -0.000003
 1486.0    0.000004  -0.000003
 1487.0    0.000004  -0.000003
 1488.0    0.000004  -0.000003
 1489.0    0.000004  -0.000003
 1490.0    0.000004  -0.000003
 1491.0    0.000004  -0.000003
 1492.0    0.000004  -0.000003
 1493.0    0.000004  -0.000003
 1494.0    0.000005  -0.000003
 1495.0    0.000005  -0.000003
 1496.0    0.000005  -0.000003
 1497.0    0.000005  -0.000003
 1498.0    0.000005  -0.000003
 1499.0    0.000005  -0.000003
 1500.0    0.000005  -0.000003
 1501.0    0.000005  -0.000004
 1502.0    0.000005  -0.000004
 1503.0    0.000005  -0.000005
 1504.0    0.000005  -0.000005
 1505.0    0.000005  -0.000006
 1506.0    0.000005  -0.000005
 1507.0    0.000005  -0.000005
 1508.0    0.000005  -0.000005
 1509.0    0.000006  -0.000005
 1510.0    0.000006  -0.000005
 1511.0    0.000006  -0.000005
 1512.0    0.000006  -0.000005
 1513.0    0.000006  -0.000005
 1514.0    0.000006  -0.000005
 1515.0    0.000006  -0.000005
 1516.0    0.000006  -0.000005
 1517.0    0.000007  -0.000005
 1518.0    0.000007  -0.000005
 1519.0    0.000007  -0.000005
 1520.0    0.000007  -0.000005
 1521.0    0.000007  -0.000005
 1522.0    0.000007  -0.000006
 1523.0    0.000007  -0.000006
 1524.0    0.000007  -0.000006
 1525.0    0.000008  -0.000006
 1526.0    0.000008  -0.000006
 1527.0    0.000008  -0.000006
 1528.0    0.000008  -0.000006
 1529.0    0.000008  -0.000006
 1530.0    0.000008  -0.000006
 1531.0    0.000008  -0.000006
 1532.0    0.000008  -0.000007
 1533.0    0.000009  -0.000007
 1534.0    0.000009  -0.000007
 1535.0    0.000009  -0.000007
 1536.0    0.000009  -0.000007
 1537.0    0.000009  -0.000007
 1538.0    0.000009  -0.000007
 1539.0    0.000009  -0.000007
 1540.0    0.000010  -0.000007
 1541.0    0.000010  -0.000008
 1542.0    0.000010  -0.000008
 1543.0    0.000010  -0.000008
 1544.0    0.000010  -0.000008
 1545.0    0.000010  -0.000008
 1546.0    0.000010  -0.000008
 1547.0    0.000011  -0.000008
 1548.0    0.000011  -0.000009
 1549.0    0.000011  -0.000009
 1550.0    0.000011  -0.000009
 1551.0    0.000011  -0.000009
 1552.0    0.000011  -0.000009
 1553.0    0.000012  -0.000009
 1554.0    0.000012  -0.000009
 1555.0    0.000012  -0.000010
 1556.0    0.000012  -0.000010
 1557.0    0.000012  -0.000010
 1558.0    0.000012  -0.000010
 1559.0    0.000013  -0.000010
 1560.0    0.000013  -0.000010
 1561.0    0.000013  -0.000010
 1562.0    0.000013  -0.000011
 1563.0    0.000013  -0.000011
 1564.0    0.000014  -0.000011
 1565.0    0.000014  -0.000011
 1566.0    0.000014  -0.000011
 1567.0    0.000014  -0.000012
 1568.0    0.000014  -0.000012
 1569.0    0.000015  -0.000012
 1570.0    0.000015  -0.000012
 1571.0    0.000015  -0.000012
 1572.0    0.000015  -0.000012
 1573.0    0.000015  -0.000013
 1574.0    0.000016  -0.000013
 1575.0    0.000016  -0.000013
 1576.0    0.000016  -0.000013
 1577.0    0.000016  -0.000013
 1578.0    0.000017  -0.000014
 1579.0    0.000017  -0.000014
 1580.0    0.000017  -0.000014
 1581.0    0.000017  -0.000014
 1582.0    0.000018  -0.000014
 1583.0    0.000018  -0.000015
 1584.0    0.000018  -0.000015
 1585.0    0.000018  -0.000015
 1586.0    0.000019  -0.000015
 1587.0    0.000019  -0.000015
 1588.0    0.000019  -0.000016
 1589.0    0.000019  -0.000016
 1590.0    0.000020  -0.000016
 1591.0    0.000020  -0.000016
 1592.0    0.000020  -0.000017
 1593.0    0.000020  -0.000017
 1594.0    0.000021  -0.000017
 1595.0    0.000021  -0.000017
 1596.0    0.000021  -0.000018
 1597.0    0.000021  -0.000018
 1598.0    0.000022  -0.000018
 1599.0    0.000022  -0.000018
 1600.0    0.000022  -0.000018
 1601.0    0.000023  -0.000019
 1602.0    0.000023  -0.000019
 1603.0    0.000023  -0.000020
 1604.0    0.000023  -0.000020
 1605.0    0.000024  -0.000020
 1606.0    0.000024  -0.000021
 1607.0    0.000024  -0.000021
 1608.0    0.000025  -0.000021
 1609.0    0.000025  -0.000021
 1610.0    0.000025  -0.000022
 1611.0    0.000026  -0.000022
 1612.0    0.000026  -0.000022
 1613.0    0.000026  -0.000022
 1614.0    0.000027  -0.000023
 1615.0    0.000027  -0.000023
 1616.0    0.000027  -0.000023
 1617.0    0.000028  -0.000024
 1618.0    0.000028  -0.000024
 1619.0    0.000028  -0.000024
 1620.0    0.000029  -0.000025
 1621.0    0.000029  -0.000025
 1622.0    0.000029  -0.000025
 1623.0    0.000030  -0.000026
 1624.0    0.000030  -0.000026
 1625.0    0.000031  -0.000026
 1626.0    0.000031  -0.000027
 1627.0    0.000031  -0.000027
 1628.0    0.000032  -0.000027
 1629.0    0.000032  -0.000028
 1630.0    0.000033  -0.000028
 1631.0    0.000033  -0.000028
 1632.0    0.000033  -0.000029
 1633.0    0.000034  -0.000029
 1634.0    0.000034  -0.000030
 1635.0    0.000035  -0.000030
 1636.0    0.000035  -0.000030
 1637.0    0.000035  -0.000031
 1638.0    0.000036  -0.000031
 1639.0    0.000036  -0.000032
 1640.0    0.000037  -0.000032
 1641.0    0.000037  -0.000032
 1642.0    0.000038  -0.000033
 1643.0    0.000038  -0.000033
 1644.0    0.000038  -0.000034
 1645.0    0.000039  -0.000034
 1646.0    0.000039  -0.000035
 1647.0    0.000040  -0.000035
 1648.0    0.000040  -0.000035
 1649.0    0.000041  -0.000036
 1650.0    0.000041  -0.000036
 1651.0    0.000042  -0.000037
 1652.0    0.000042  -0.000037
 1653.0    0.000043  -0.000038
 1654.0    0.000043  -0.000038
 1655.0    0.000044  -0.000039
 1656.0    0.000044  -0.000039
 1657.0    0.000045  -0.000040
 1658.0    0.000045  -0.000040
 1659.0    0.000046  -0.000041
 1660.0    0.000046  -0.000041
 1661.0    0.000047  -0.000042
 1662.0    0.000047  -0.000042
 1663.0    0.000048  -0.000043
 1664.0    0.000048  -0.000043
 1665.0    0.000049  -0.000044
 1666.0    0.000049  -0.000044
 1667.0    0.000050  -0.000045
 1668.0    0.000050  -0.000045
 1669.0    0.000051  -0.000046
 1670.0    0.000052  -0.000046
 1671.0    0.000052  -0.000047
 1672.0    0.000053  -0.000047
 1673.0    0.000053  -0.000048
 1674.0    0.000054  -0.000049
 1675.0    0.000054  -0.000049
 1676.0    0.000055  -0.000050
 1677.0    0.000056  -0.000050
 1678.0    0.000056  -0.000051
 1679.0    0.000057  -0.000051
 1680.0    0.000057  -0.000052
 1681.0    0.000058  -0.000053
 1682.0    0.000059  -0.000053
 1683.0    0.000059  -0.000054
 1684.0    0.000060  -0.000055
 1685.0    0.000061  -0.000055
 1686.0    0.000061  -0.000056
 1687.0    0.000062  -0.000056
 1688.0    0.000063  -0.000057
 1689.0    0.000063  -0.000058
 1690.0    0.000064  -0.000058
 1691.0    0.000065  -0.000059
 1692.0    0.000065  -0.000060
 1693.0    0.000066  -0.000060
 1694.0    0.000067  -0.000061
 1695.0    0.000067  -0.000062
 1696.0    0.000068  -0.000062
 1697.0    0.000069  -0.000063
 1698.0    0.000069  -0.000064
 1699.0    0.000070  -0.000065
 1700.0    0.000071  -0.000065
 1701.0    0.000072  -0.000066
 1702.0    0.000072  -0.000067
 1703.0    0.000073  -0.000068
 1704.0    0.000074  -0.000068
 1705.0    0.000074  -0.000069
 1706.0    0.000075  -0.000070
 1707.0    0.000076  -0.000071
 1708.0    0.000077  -0.000071
 1709.0    0.000078  -0.000072
 1710.0    0.000078  -0.000073
 1711.0    0.000079  -0.000074
 1712.0    0.000080  -0.000075
 1713.0    0.000081  -0.000075
 1714.0    0.000081  -0.000076
 1715.0    0.000082  -0.000077
 1716.0    0.000083  -0.000078
 1717.0    0.000084  -0.000079
 1718.0    0.000085  -0.000080
 1719.0    0.000086  -0.000080
 1720.0    0.000086  -0.000081
 1721.0    0.000087  -0.000082
 1722.0    0.000088  -0.000083
 1723.0    0.000089  -0.000084
 1724.0    0.000090  -0.000085
 1725.0    0.000091  -0.000086
 1726.0    0.000092  -0.000087
 1727.0    0.000092  -0.000088
 1728.0    0.000093  -0.000088
 1729.0    0.000094  -0.000089
 1730.0    0.000095  -0.000090
 1731.0    0.000096  -0.000091
 1732.0    0.000097  -0.000092
 1733.0    0.000098  -0.000093
 1734.0    0.000099  -0.000094
 1735.0    0.000100  -0.000095
 1736.0    0.000101  -0.000096
 1737.0    0.000102  -0.000097
 1738.0    0.000103  -0.000098
 1739.0    0.000103  -0.000099
 1740.0    0.000104  -0.000100
 1741.0    0.000105  -0.000101
 1742.0    0.000106  -0.000102
 1743.0    0.000107  -0.000103
 1744.0    0.000108  -0.000104
 1745.0    0.000109  -0.000106
 1746.0    0.000110  -0.000107
 1747.0    0.000111  -0.000108
 1748.0    0.000112  -0.000109
 1749.0    0.000113  -0.000110
 1750.0    0.000114  -0.000111
 1751.0    0.000115  -0.000112
 1752.0    0.000117  -0.000113
 1753.0    0.000118  -0.000114
 1754.0    0.000119  -0.000115
 1755.0    0.000120  -0.000116
 1756.0    0.000121  -0.000117
 1757.0    0.000122  -0.000118
 1758.0    0.000123  -0.000120
 1759.0    0.000124  -0.000121
 1760.0    0.000125  -0.000122
 1761.0    0.000127  -0.000123
 1762.0    0.000128  -0.000125
 1763.0    0.000129  -0.000126
 1764.0    0.000130  -0.000127
 1765.0    0.000131  -0.000128
 1766.0    0.000132  -0.000130
 1767.0    0.000133  -0.000131
 1768.0    0.000135  -0.000132
 1769.0    0.000136  -0.000134
 1770.0    0.000137  -0.000135
 1771.0    0.000138  -0.000136
 1772.0    0.000139  -0.000137
 1773.0    0.000141  -0.000139
 1774.0    0.000142  -0.000140
 1775.0    0.000143  -0.000141
 1776.0    0.000144  -0.000143
 1777.0    0.000145  -0.000144
 1778.0    0.000147  -0.000146
 1779.0    0.000148  -0.000147
 1780.0    0.000149  -0.000148
 1781.0    0.000150  -0.000150
 1782.0    0.000152  -0.000151
 1783.0    0.000153  -0.000153
 1784.0    0.000154  -0.000154
 1785.0    0.000156  -0.000155
 1786.0    0.000157  -0.000157
 1787.0    0.000158  -0.000158
 1788.0    0.000160  -0.000160
 1789.0    0.000161  -0.000161
 1790.0    0.000162  -0.000163
 1791.0    0.000164  -0.000164
 1792.0    0.000165  -0.000166
 1793.0    0.000166  -0.000168
 1794.0    0.000168  -0.000169
 1795.0    0.000169  -0.000171
 1796.0    0.000171  -0.000172
 1797.0    0.000172  -0.000174
 1798.0    0.000173  -0.000175
 1799.0    0.000175  -0.000177
 1800.0    0.000176  -0.000179
 1801.0    0.000178  -0.000180
 1802.0    0.000179  -0.000182
 1803.0    0.000181  -0.000184
 1804.0    0.000182  -0.000185
 1805.0    0.000184  -0.000187
 1806.0    0.000185  -0.000189
 1807.0    0.000187  -0.000190
 1808.0    0.000188  -0.000192
 1809.0    0.000190  -0.000194
 1810.0    0.000191  -0.000196
 1811.0    0.000193  -0.000197
 1812.0    0.000194  -0.000199
 1813.0    0.000196  -0.000201
 1814.0    0.000197  -0.000203
 1815.0    0.000199  -0.000204
 1816.0    0.000200  -0.000206
 1817.0    0.000202  -0.000208
 1818.0    0.000204  -0.000210
 1819.0    0.000205  -0.000212
 1820.0    0.000207  -0.000214
 1821.0    0.000208  -0.000216
 1822.0    0.000210  -0.000217
 1823.0    0.000212  -0.000219
 1824.0    0.000213  -0.000221
 1825.0    0.000215  -0.000223
 1826.0    0.000217  -0.000225
 1827.0    0.000218  -0.000227
 1828.0    0.000220  -0.000229
 1829.0    0.000222  -0.000231
 1830.0    0.000223  -0.000233
 1831.0    0.000225  -0.000235
 1832.0    0.000227  -0.000237
 1833.0    0.000229  -0.000239
 1834.0    0.000230  -0.000241
 1835.0    0.000232  -0.000243
 1836.0    0.000234  -0.000245
 1837.0    0.000236  -0.000247
 1838.0    0.000237  -0.000250
 1839.0    0.000239  -0.000252
 1840.0    0.000241  -0.000254
 1841.0    0.000243  -0.000256
 1842.0    0.000245  -0.000258
 1843.0    0.000247  -0.000260
 1844.0    0.000248  -0.000263
 1845.0    0.000250  -0.000265
 1846.0    0.000252  -0.000267
 1847.0    0.000254  -0.000269
 1848.0    0.000256  -0.000272
 1849.0    0.000258  -0.000274
 1850.0    0.000260  -0.000276
 1851.0    0.000262  -0.000278
 1852.0    0.000264  -0.000281
 1853.0    0.000265  -0.000283
 1854.0    0.000267  -0.000285
 1855.0    0.000269  -0.000288
 1856.0    0.000271  -0.000290
 1857.0    0.000273  -0.000293
 1858.0    0.000275  -0.000295
 1859.0    0.000277  -0.000297
 1860.0    0.000279  -0.000300
 1861.0    0.000281  -0.000302
 1862.0    0.000283  -0.000305
 1863.0    0.000285  -0.000307
 1864.0    0.000287  -0.000310
 1865.0    0.000290  -0.000312
 1866.0    0.000292  -0.000315
 1867.0    0.000294  -0.000317
 1868.0    0.000296  -0.000320
 1869.0    0.000298  -0.000323
 1870.0    0.000300  -0.000325
 1871.0    0.000302  -0.000328
 1872.0    0.000304  -0.000330
 1873.0    0.000306  -0.000333
 1874.0    0.000309  -0.000336
 1875.0    0.000311  -0.000338
 1876.0    0.000313  -0.000341
 1877.0    0.000315  -0.000344
 1878.0    0.000317  -0.000347
 1879.0    0.000320  -0.000349
 1880.0    0.000322  -0.000352
 1881.0    0.000324  -0.000355
 1882.0    0.000326  -0.000358
 1883.0    0.000329  -0.000361
 1884.0    0.000331  -0.000363
 1885.0    0.000333  -0.000366
 1886.0    0.000336  -0.000369
 1887.0    0.000338  -0.000372
 1888.0    0.000340  -0.000375
 1889.0    0.000343  -0.000378
 1890.0    0.000345  -0.000381
 1891.0    0.000347  -0.000384
 1892.0    0.000350  -0.000387
 1893.0    0.000352  -0.000390
 1894.0    0.000354  -0.000393
 1895.0    0.000357  -0.000396
 1896.0    0.000359  -0.000399
 1897.0    0.000362  -0.000402
 1898.0    0.000365  -0.000406
 1899.0    0.000367  -0.000409
 1900.0    0.000370  -0.000413
 1901.0    0.000372  -0.000415
 1902.0    0.000375  -0.000418
 1903.0    0.000377  -0.000421
 1904.0    0.000379  -0.000424
 1905.0    0.000382  -0.000427
 1906.0    0.000384  -0.000430
 1907.0    0.000387  -0.000434
 1908.0    0.000389  -0.000437
 1909.0    0.000392  -0.000440
 1910.0    0.000394  -0.000444
 1911.0    0.000397  -0.000447
 1912.0    0.000400  -0.000450
 1913.0    0.000402  -0.000454
 1914.0    0.000405  -0.000457
 1915.0    0.000408  -0.000460
 1916.0    0.000410  -0.000464
 1917.0    0.000413  -0.000467
 1918.0    0.000416  -0.000471
 1919.0    0.000418  -0.000474
 1920.0    0.000421  -0.000478
 1921.0    0.000424  -0.000481
 1922.0    0.000427  -0.000485
 1923.0    0.000429  -0.000489
 1924.0    0.000432  -0.000492
 1925.0    0.000435  -0.000496
 1926.0    0.000438  -0.000499
 1927.0    0.000441  -0.000503
 1928.0    0.000444  -0.000507
 1929.0    0.000446  -0.000511
 1930.0    0.000449  -0.000514
 1931.0    0.000452  -0.000518
 1932.0    0.000455  -0.000522
 1933.0    0.000458  -0.000526
 1934.0    0.000461  -0.000529
 1935.0    0.000464  -0.000533
 1936.0    0.000467  -0.000537
 1937.0    0.000470  -0.000541
 1938.0    0.000473  -0.000545
 1939.0    0.000476  -0.000549
 1940.0    0.000479  -0.000553
 1941.0    0.000482  -0.000557
 1942.0    0.000485  -0.000561
 1943.0    0.000488  -0.000565
 1944.0    0.000491  -0.000569
 1945.0    0.000494  -0.000573
 1946.0    0.000497  -0.000577
 1947.0    0.000500  -0.000581
 1948.0    0.000503  -0.000585
 1949.0    0.000506  -0.000589
 1950.0    0.000509  -0.000593
 1951.0    0.000513  -0.000597
 1952.0    0.000516  -0.000602
 1953.0    0.000519  -0.000606
 1954.0    0.000522  -0.000610
 1955.0    0.000525  -0.000614
 1956.0    0.000529  -0.000619
 1957.0    0.000532  -0.000623
 1958.0    0.000535  -0.000627
 1959.0    0.000538  -0.000632
 1960.0    0.000542  -0.000636
 1961.0    0.000545  -0.000640
 1962.0    0.000548  -0.000645
 1963.0    0.000552  -0.000649
 1964.0    0.000555  -0.000654
 1965.0    0.000558  -0.000658
 1966.0    0.000562  -0.000663
 1967.0    0.000565  -0.000667
 1968.0    0.000569  -0.000672
 1969.0    0.000572  -0.000676
 1970.0    0.000576  -0.000681
 1971.0    0.000579  -0.000686
