E =  710.000 MeV, Wght = 1.00, Syst = 0.05
  5.000    0.099000    0.255000
 15.000   -0.065000    0.144000
 25.000    0.047000    0.113000
 35.000    0.023000    0.096000
 45.000    0.084000    0.087000
 55.000   -0.036000    0.080000
 65.000   -0.022000    0.076000
 75.000   -0.045000    0.074000
 85.000   -0.108000    0.072000
 95.000    0.018000    0.073000
105.000   -0.128000    0.073000
115.000    0.009000    0.078000
125.000    0.060000    0.081000
135.000    0.046000    0.088000
145.000    0.131000    0.099000
155.000   -0.151000    0.114000
165.000   -0.082000    0.146000
175.000   -0.599000    0.260000
------------------------------------------
E =  720.000 MeV, Wght = 1.00, Syst = 0.05
  5.000   -0.203000    0.381000
 15.000    0.203000    0.216000
 25.000   -0.265000    0.169000
 35.000   -0.076000    0.144000
 45.000    0.016000    0.130000
 55.000   -0.119000    0.122000
 65.000   -0.055000    0.115000
 75.000   -0.018000    0.111000
 85.000   -0.311000    0.109000
 95.000   -0.179000    0.110000
105.000   -0.003000    0.112000
115.000   -0.028000    0.115000
125.000   -0.187000    0.121000
135.000    0.292000    0.129000
145.000    0.146000    0.146000
155.000   -0.290000    0.174000
165.000   -0.049000    0.220000
175.000   -0.573000    0.400000
------------------------------------------
E =  730.000 MeV, Wght = 1.00, Syst = 0.05
  5.000    0.484000    0.294000
 15.000    0.015000    0.168000
 25.000   -0.017000    0.132000
 35.000   -0.094000    0.114000
 45.000    0.017000    0.102000
 55.000   -0.041000    0.095000
 65.000   -0.016000    0.090000
 75.000   -0.050000    0.086000
 85.000    0.082000    0.085000
 95.000    0.001000    0.086000
105.000    0.120000    0.087000
115.000    0.005000    0.090000
125.000    0.025000    0.095000
135.000   -0.200000    0.103000
145.000   -0.086000    0.114000
155.000    0.019000    0.134000
165.000    0.069000    0.174000
175.000    0.310000    0.295000
------------------------------------------
E =  740.000 MeV, Wght = 1.00, Syst = 0.05
  5.000    0.050000    0.249000
 15.000   -0.118000    0.146000
 25.000    0.058000    0.113000
 35.000    0.056000    0.097000
 45.000   -0.026000    0.088000
 55.000    0.007000    0.080000
 65.000   -0.099000    0.076000
 75.000   -0.038000    0.074000
 85.000    0.006000    0.073000
 95.000   -0.013000    0.072000
105.000   -0.053000    0.073000
115.000    0.112000    0.076000
125.000    0.055000    0.080000
135.000    0.016000    0.087000
145.000    0.146000    0.098000
155.000   -0.065000    0.112000
165.000   -0.078000    0.143000
175.000   -0.310000    0.253000
------------------------------------------
E =  750.000 MeV, Wght = 1.00, Syst = 0.05
  5.000   -0.227000    0.220000
 15.000   -0.032000    0.130000
 25.000   -0.215000    0.099000
 35.000   -0.113000    0.086000
 45.000   -0.158000    0.077000
 55.000   -0.071000    0.070000
 65.000    0.001000    0.067000
 75.000    0.052000    0.064000
 85.000   -0.044000    0.063000
 95.000   -0.109000    0.063000
105.000   -0.050000    0.064000
115.000   -0.086000    0.066000
125.000    0.071000    0.071000
135.000    0.033000    0.076000
145.000   -0.004000    0.085000
155.000    0.036000    0.100000
165.000   -0.074000    0.128000
175.000   -0.242000    0.216000
------------------------------------------
E =  760.000 MeV, Wght = 1.00, Syst = 0.05
  5.000    0.139000    0.203000
 15.000    0.040000    0.117000
 25.000   -0.198000    0.092000
 35.000   -0.095000    0.078000
 45.000    0.038000    0.070000
 55.000    0.146000    0.064000
 65.000   -0.091000    0.061000
 75.000   -0.082000    0.058000
 85.000   -0.056000    0.057000
 95.000   -0.033000    0.057000
105.000   -0.026000    0.058000
115.000   -0.009000    0.060000
125.000    0.069000    0.063000
135.000   -0.082000    0.068000
145.000   -0.074000    0.076000
155.000    0.098000    0.089000
165.000   -0.029000    0.115000
175.000   -0.095000    0.199000
------------------------------------------
E =  770.000 MeV, Wght = 1.00, Syst = 0.05
  5.000    0.147000    0.191000
 15.000   -0.008000    0.110000
 25.000   -0.004000    0.085000
 35.000    0.015000    0.073000
 45.000   -0.039000    0.064000
 55.000   -0.067000    0.060000
 65.000   -0.047000    0.055000
 75.000   -0.045000    0.054000
 85.000   -0.170000    0.053000
 95.000    0.029000    0.052000
105.000   -0.015000    0.053000
115.000    0.022000    0.055000
125.000   -0.073000    0.058000
135.000    0.151000    0.063000
145.000    0.090000    0.070000
155.000   -0.071000    0.082000
165.000   -0.097000    0.106000
175.000    0.204000    0.187000
------------------------------------------
E =  780.000 MeV, Wght = 1.00, Syst = 0.05
  5.000    0.146000    0.347000
 15.000   -0.093000    0.198000
 25.000    0.054000    0.153000
 35.000   -0.145000    0.132000
 45.000    0.169000    0.117000
 55.000    0.028000    0.107000
 65.000   -0.206000    0.100000
 75.000   -0.131000    0.096000
 85.000   -0.066000    0.094000
 95.000    0.008000    0.093000
105.000   -0.177000    0.094000
115.000   -0.158000    0.098000
125.000    0.065000    0.102000
135.000   -0.140000    0.111000
145.000   -0.092000    0.124000
155.000   -0.052000    0.147000
165.000   -0.054000    0.187000
175.000   -0.314000    0.327000
------------------------------------------
E =  790.000 MeV, Wght = 1.00, Syst = 0.05
  5.000    0.407000    0.329000
 15.000   -0.082000    0.186000
 25.000   -0.283000    0.143000
 35.000   -0.038000    0.122000
 45.000   -0.300000    0.107000
 55.000   -0.038000    0.098000
 65.000   -0.096000    0.092000
 75.000   -0.117000    0.088000
 85.000    0.015000    0.086000
 95.000    0.007000    0.085000
105.000   -0.027000    0.086000
115.000   -0.040000    0.089000
125.000   -0.004000    0.094000
135.000   -0.014000    0.102000
145.000    0.204000    0.115000
155.000   -0.064000    0.133000
165.000    0.069000    0.173000
175.000    0.538000    0.295000
------------------------------------------
E =  800.000 MeV, Wght = 1.00, Syst = 0.05
  5.000   -0.778000    0.313000
 15.000   -0.186000    0.174000
 25.000   -0.143000    0.136000
 35.000   -0.126000    0.113000
 45.000    0.113000    0.101000
 55.000    0.007000    0.093000
 65.000   -0.028000    0.087000
 75.000   -0.140000    0.082000
 85.000   -0.082000    0.080000
 95.000   -0.044000    0.080000
105.000   -0.053000    0.080000
115.000   -0.049000    0.082000
125.000   -0.042000    0.087000
135.000    0.115000    0.095000
145.000   -0.095000    0.106000
155.000   -0.032000    0.124000
165.000   -0.109000    0.160000
175.000    0.082000    0.273000
------------------------------------------
E =  810.000 MeV, Wght = 1.00, Syst = 0.05
  5.000   -0.322000    0.296000
 15.000    0.202000    0.170000
 25.000    0.125000    0.131000
 35.000   -0.053000    0.110000
 45.000   -0.065000    0.096000
 55.000   -0.108000    0.087000
 65.000   -0.181000    0.081000
 75.000    0.154000    0.077000
 85.000   -0.160000    0.075000
 95.000    0.069000    0.074000
105.000    0.052000    0.075000
115.000    0.048000    0.077000
125.000    0.200000    0.082000
135.000    0.176000    0.088000
145.000    0.096000    0.100000
155.000   -0.062000    0.116000
165.000    0.127000    0.153000
175.000   -0.078000    0.258000
------------------------------------------
E =  820.000 MeV, Wght = 1.00, Syst = 0.05
  5.000    0.063000    0.284000
 15.000    0.212000    0.166000
 25.000   -0.085000    0.127000
 35.000    0.054000    0.106000
 45.000   -0.120000    0.094000
 55.000   -0.096000    0.084000
 65.000   -0.129000    0.078000
 75.000   -0.042000    0.074000
 85.000   -0.139000    0.072000
 95.000   -0.120000    0.071000
105.000    0.019000    0.072000
115.000   -0.068000    0.074000
125.000    0.038000    0.078000
135.000    0.181000    0.084000
145.000   -0.006000    0.094000
155.000   -0.141000    0.110000
165.000   -0.197000    0.142000
175.000   -0.075000    0.249000
------------------------------------------
E =  830.000 MeV, Wght = 1.00, Syst = 0.05
  5.000   -0.543000    0.297000
 15.000    0.291000    0.160000
 25.000   -0.114000    0.122000
 35.000    0.065000    0.103000
 45.000   -0.135000    0.091000
 55.000   -0.097000    0.081000
 65.000    0.040000    0.075000
 75.000   -0.057000    0.071000
 85.000   -0.070000    0.069000
 95.000    0.005000    0.068000
105.000    0.017000    0.068000
115.000    0.007000    0.071000
125.000   -0.060000    0.074000
135.000    0.118000    0.080000
145.000   -0.181000    0.090000
155.000    0.106000    0.104000
165.000    0.188000    0.136000
175.000    0.077000    0.234000
------------------------------------------
E =  840.000 MeV, Wght = 1.00, Syst = 0.05
  5.000   -0.174000    0.205000
 15.000   -0.103000    0.114000
 25.000   -0.122000    0.088000
 35.000   -0.175000    0.074000
 45.000    0.014000    0.064000
 55.000   -0.106000    0.058000
 65.000   -0.211000    0.054000
 75.000   -0.060000    0.051000
 85.000   -0.142000    0.049000
 95.000   -0.051000    0.048000
105.000   -0.030000    0.049000
115.000   -0.054000    0.050000
125.000    0.011000    0.052000
135.000   -0.054000    0.057000
145.000    0.070000    0.063000
155.000    0.007000    0.074000
165.000    0.134000    0.094000
175.000    0.094000    0.165000
------------------------------------------
E =  850.000 MeV, Wght = 1.00, Syst = 0.05
  5.000    0.359000    0.191000
 15.000   -0.203000    0.112000
 25.000   -0.055000    0.085000
 35.000   -0.134000    0.070000
 45.000   -0.116000    0.060000
 55.000   -0.177000    0.054000
 65.000   -0.104000    0.051000
 75.000   -0.114000    0.047000
 85.000   -0.003000    0.045000
 95.000   -0.047000    0.045000
105.000   -0.025000    0.045000
115.000   -0.058000    0.047000
125.000    0.024000    0.049000
135.000    0.117000    0.053000
145.000   -0.030000    0.059000
165.000   -0.085000    0.089000
175.000   -0.130000    0.157000
------------------------------------------
E =  860.000 MeV, Wght = 1.00, Syst = 0.05
  5.000    0.007000    0.192000
 15.000   -0.115000    0.105000
 25.000   -0.023000    0.081000
 35.000   -0.077000    0.067000
 45.000   -0.254000    0.058000
 55.000   -0.146000    0.052000
 65.000   -0.199000    0.048000
 75.000   -0.123000    0.045000
 85.000   -0.078000    0.044000
 95.000   -0.095000    0.043000
105.000    0.005000    0.043000
115.000   -0.006000    0.044000
125.000   -0.017000    0.046000
135.000    0.028000    0.050000
145.000    0.037000    0.055000
155.000    0.034000    0.065000
165.000    0.017000    0.083000
175.000   -0.052000    0.141000
------------------------------------------
E =  870.000 MeV, Wght = 1.00, Syst = 0.05
  5.000   -0.233000    0.180000
 15.000   -0.119000    0.106000
 25.000   -0.042000    0.079000
 35.000   -0.094000    0.065000
 45.000   -0.185000    0.057000
 55.000   -0.043000    0.050000
 65.000   -0.088000    0.046000
 75.000   -0.162000    0.043000
 85.000   -0.117000    0.041000
 95.000    0.004000    0.040000
105.000   -0.055000    0.040000
115.000    0.042000    0.042000
125.000   -0.007000    0.044000
135.000    0.106000    0.047000
145.000    0.038000    0.052000
155.000    0.086000    0.062000
165.000    0.001000    0.079000
175.000    0.030000    0.136000
------------------------------------------
E =  880.000 MeV, Wght = 1.00, Syst = 0.05
  5.000   -0.273000    0.186000
 15.000   -0.039000    0.101000
 25.000   -0.120000    0.077000
 35.000   -0.220000    0.063000
 45.000   -0.175000    0.055000
 55.000   -0.192000    0.049000
 65.000   -0.192000    0.044000
 75.000   -0.106000    0.042000
 85.000   -0.185000    0.040000
 95.000   -0.143000    0.039000
105.000   -0.079000    0.039000
115.000   -0.005000    0.040000
125.000    0.082000    0.041000
135.000    0.095000    0.045000
145.000    0.050000    0.050000
155.000    0.047000    0.059000
165.000    0.053000    0.076000
175.000   -0.135000    0.139000
------------------------------------------
E =  890.000 MeV, Wght = 1.00, Syst = 0.05
  5.000    0.009000    0.189000
 15.000   -0.137000    0.102000
 25.000   -0.188000    0.076000
 35.000   -0.277000    0.062000
 45.000   -0.111000    0.054000
 55.000   -0.193000    0.048000
 65.000   -0.171000    0.043000
 75.000   -0.164000    0.040000
 85.000   -0.152000    0.038000
 95.000   -0.087000    0.038000
105.000   -0.051000    0.037000
115.000    0.014000    0.038000
125.000    0.022000    0.040000
135.000    0.044000    0.043000
145.000    0.036000    0.049000
155.000    0.035000    0.056000
165.000    0.082000    0.073000
175.000   -0.175000    0.126000
------------------------------------------
E =  900.000 MeV, Wght = 1.00, Syst = 0.05
  5.000   -0.056000    0.237000
 15.000   -0.339000    0.134000
 25.000   -0.078000    0.100000
 35.000   -0.462000    0.081000
 45.000   -0.138000    0.070000
 55.000   -0.192000    0.061000
 65.000   -0.202000    0.055000
 75.000   -0.075000    0.051000
 85.000   -0.181000    0.049000
 95.000   -0.090000    0.048000
105.000   -0.035000    0.047000
115.000   -0.052000    0.048000
125.000    0.082000    0.051000
135.000    0.070000    0.055000
145.000    0.093000    0.061000
155.000    0.023000    0.071000
165.000    0.002000    0.092000
175.000   -0.085000    0.157000
------------------------------------------
E =  910.000 MeV, Wght = 1.00, Syst = 0.05
  5.000   -0.246000    0.236000
 15.000   -0.135000    0.131000
 25.000   -0.205000    0.098000
 35.000   -0.150000    0.080000
 45.000   -0.280000    0.067000
 55.000   -0.218000    0.058000
 65.000   -0.312000    0.053000
 75.000   -0.313000    0.049000
 85.000   -0.205000    0.047000
 95.000   -0.110000    0.046000
105.000   -0.124000    0.045000
115.000   -0.078000    0.046000
125.000    0.173000    0.048000
135.000    0.088000    0.052000
145.000    0.034000    0.058000
155.000    0.166000    0.069000
165.000    0.055000    0.089000
175.000   -0.150000    0.152000
------------------------------------------
E =  920.000 MeV, Wght = 1.00, Syst = 0.05
  5.000    0.041000    0.224000
 15.000    0.090000    0.134000
 25.000   -0.143000    0.096000
 35.000   -0.272000    0.077000
 45.000   -0.233000    0.065000
 55.000   -0.309000    0.057000
 65.000   -0.319000    0.052000
 75.000   -0.181000    0.048000
 85.000   -0.204000    0.045000
 95.000   -0.137000    0.043000
105.000   -0.043000    0.043000
115.000   -0.009000    0.044000
125.000   -0.002000    0.046000
135.000    0.055000    0.050000
145.000    0.013000    0.055000
155.000   -0.030000    0.065000
165.000    0.103000    0.084000
175.000    0.023000    0.150000
------------------------------------------
E =  930.000 MeV, Wght = 1.00, Syst = 0.05
  5.000    0.126000    0.242000
 15.000   -0.387000    0.133000
 25.000   -0.244000    0.095000
 35.000   -0.436000    0.074000
 45.000   -0.327000    0.064000
 55.000   -0.336000    0.055000
 65.000   -0.347000    0.050000
 75.000   -0.283000    0.045000
 85.000   -0.151000    0.043000
 95.000   -0.139000    0.042000
105.000   -0.082000    0.041000
115.000   -0.017000    0.043000
125.000   -0.042000    0.044000
135.000    0.106000    0.048000
145.000   -0.010000    0.054000
155.000    0.091000    0.063000
165.000    0.040000    0.081000
175.000    0.461000    0.138000
------------------------------------------
E =  940.000 MeV, Wght = 1.00, Syst = 0.05
  5.000    0.076000    0.244000
 15.000    0.038000    0.131000
 25.000   -0.304000    0.094000
 35.000   -0.315000    0.075000
 45.000   -0.316000    0.062000
 55.000   -0.413000    0.053000
 65.000   -0.297000    0.048000
 75.000   -0.281000    0.044000
 85.000   -0.249000    0.041000
 95.000   -0.108000    0.040000
105.000   -0.117000    0.040000
115.000    0.038000    0.041000
125.000    0.041000    0.043000
135.000    0.133000    0.046000
145.000    0.050000    0.051000
155.000    0.139000    0.061000
165.000    0.019000    0.077000
175.000    0.013000    0.140000
------------------------------------------
E =  950.000 MeV, Wght = 1.00, Syst = 0.05
  5.000    0.142000    0.243000
 15.000   -0.234000    0.132000
 25.000   -0.380000    0.094000
 35.000   -0.223000    0.074000
 45.000   -0.431000    0.061000
 55.000   -0.296000    0.052000
 65.000   -0.341000    0.046000
 75.000   -0.254000    0.042000
 85.000   -0.215000    0.040000
 95.000   -0.190000    0.039000
105.000   -0.061000    0.039000
115.000   -0.031000    0.039000
125.000    0.019000    0.041000
135.000    0.050000    0.044000
145.000    0.062000    0.050000
155.000    0.188000    0.059000
165.000    0.037000    0.076000
175.000   -0.157000    0.130000
------------------------------------------
E =  960.000 MeV, Wght = 1.00, Syst = 0.05
  5.000   -0.158000    0.338000
 15.000   -0.216000    0.169000
 25.000   -0.555000    0.122000
 35.000   -0.424000    0.095000
 45.000   -0.534000    0.077000
 55.000   -0.463000    0.066000
 65.000   -0.402000    0.059000
 75.000   -0.358000    0.054000
 85.000   -0.251000    0.051000
 95.000   -0.193000    0.049000
105.000   -0.102000    0.049000
115.000    0.025000    0.050000
125.000    0.062000    0.052000
135.000    0.115000    0.057000
145.000    0.163000    0.064000
155.000   -0.038000    0.075000
165.000    0.077000    0.098000
175.000    0.333000    0.171000
------------------------------------------
E =  970.000 MeV, Wght = 1.00, Syst = 0.05
  5.000   -0.353000    0.331000
 15.000   -0.219000    0.167000
 25.000   -0.366000    0.117000
 35.000   -0.410000    0.090000
 45.000   -0.505000    0.074000
 55.000   -0.455000    0.063000
 65.000   -0.505000    0.056000
 75.000   -0.352000    0.051000
 85.000   -0.226000    0.048000
 95.000   -0.242000    0.046000
105.000   -0.070000    0.046000
115.000   -0.033000    0.047000
125.000    0.090000    0.049000
135.000    0.107000    0.054000
145.000    0.093000    0.061000
155.000    0.111000    0.072000
165.000    0.057000    0.093000
175.000    0.303000    0.162000
------------------------------------------
E =  980.000 MeV, Wght = 1.00, Syst = 0.05
  5.000   -0.073000    0.318000
 15.000   -0.303000    0.168000
 25.000   -0.567000    0.112000
 35.000   -0.414000    0.086000
 45.000   -0.647000    0.069000
 55.000   -0.490000    0.060000
 65.000   -0.439000    0.053000
 75.000   -0.370000    0.048000
 85.000   -0.335000    0.046000
 95.000   -0.239000    0.044000
105.000   -0.093000    0.044000
115.000   -0.058000    0.046000
125.000    0.140000    0.047000
135.000    0.141000    0.051000
145.000    0.250000    0.058000
155.000    0.145000    0.069000
165.000    0.211000    0.090000
175.000   -0.209000    0.160000
------------------------------------------
E =  990.000 MeV, Wght = 1.00, Syst = 0.05
  5.000   -0.123000    0.318000
 15.000   -0.351000    0.159000
 25.000   -0.451000    0.109000
 35.000   -0.329000    0.081000
 45.000   -0.442000    0.066000
 55.000   -0.481000    0.057000
 65.000   -0.460000    0.050000
 75.000   -0.394000    0.046000
 85.000   -0.370000    0.044000
 95.000   -0.280000    0.042000
105.000   -0.149000    0.042000
115.000   -0.010000    0.043000
125.000    0.078000    0.046000
135.000    0.105000    0.050000
145.000    0.146000    0.056000
155.000    0.297000    0.067000
165.000    0.103000    0.087000
175.000    0.037000    0.156000
------------------------------------------
E = 1000.000 MeV, Wght = 1.00, Syst = 0.05
  5.000   -0.486000    0.303000
 15.000   -0.326000    0.150000
 25.000   -0.330000    0.103000
 35.000   -0.526000    0.078000
 45.000   -0.570000    0.063000
 55.000   -0.578000    0.054000
 65.000   -0.454000    0.048000
 75.000   -0.547000    0.044000
 85.000   -0.308000    0.042000
 95.000   -0.165000    0.041000
105.000   -0.067000    0.041000
115.000    0.006000    0.042000
125.000    0.142000    0.044000
135.000    0.233000    0.048000
145.000    0.217000    0.055000
155.000    0.294000    0.066000
165.000    0.236000    0.085000
175.000    0.013000    0.150000
------------------------------------------
E = 1010.000 MeV, Wght = 1.00, Syst = 0.05
  5.000   -0.043000    0.295000
 15.000   -0.083000    0.142000
 25.000   -0.372000    0.095000
 35.000   -0.494000    0.073000
 45.000   -0.508000    0.059000
 55.000   -0.477000    0.051000
 65.000   -0.505000    0.046000
 75.000   -0.473000    0.042000
 85.000   -0.358000    0.040000
 95.000   -0.186000    0.039000
105.000   -0.150000    0.040000
115.000    0.040000    0.041000
125.000    0.149000    0.043000
135.000    0.194000    0.047000
145.000    0.222000    0.054000
155.000    0.227000    0.066000
165.000    0.287000    0.086000
175.000    0.078000    0.149000
------------------------------------------
E = 1020.000 MeV, Wght = 1.00, Syst = 0.05
  5.000   -0.087000    0.371000
 15.000   -0.395000    0.191000
 25.000   -0.297000    0.127000
 35.000   -0.346000    0.098000
 45.000   -0.467000    0.079000
 55.000   -0.526000    0.069000
 65.000   -0.406000    0.062000
 75.000   -0.425000    0.058000
 85.000   -0.310000    0.055000
 95.000   -0.255000    0.055000
105.000   -0.113000    0.055000
115.000    0.108000    0.057000
125.000    0.147000    0.061000
135.000    0.199000    0.067000
145.000    0.219000    0.076000
155.000    0.313000    0.094000
165.000    0.306000    0.121000
175.000   -0.245000    0.217000
------------------------------------------
E = 1030.000 MeV, Wght = 1.00, Syst = 0.05
  5.000    0.515000    0.335000
 15.000   -0.092000    0.172000
 25.000   -0.121000    0.115000
 35.000   -0.273000    0.087000
 45.000   -0.350000    0.071000
 55.000   -0.387000    0.063000
 65.000   -0.431000    0.057000
 75.000   -0.418000    0.053000
 85.000   -0.365000    0.051000
 95.000   -0.255000    0.051000
105.000   -0.078000    0.051000
115.000    0.051000    0.054000
125.000    0.216000    0.058000
135.000    0.257000    0.064000
145.000    0.235000    0.074000
155.000    0.238000    0.089000
165.000    0.227000    0.117000
175.000   -0.051000    0.205000
------------------------------------------
E = 1040.000 MeV, Wght = 1.00, Syst = 0.05
  5.000    0.151000    0.280000
 15.000    0.099000    0.146000
 25.000   -0.181000    0.100000
 35.000   -0.300000    0.077000
 45.000   -0.276000    0.064000
 55.000   -0.435000    0.057000
 65.000   -0.436000    0.052000
 75.000   -0.427000    0.049000
 85.000   -0.354000    0.047000
 95.000   -0.251000    0.047000
105.000   -0.061000    0.048000
115.000    0.054000    0.051000
125.000    0.230000    0.055000
135.000    0.241000    0.061000
145.000    0.404000    0.071000
155.000    0.231000    0.085000
165.000    0.429000    0.114000
175.000    0.173000    0.204000
------------------------------------------
E = 1050.000 MeV, Wght = 1.00, Syst = 0.05
  5.000   -0.072000    0.251000
 15.000   -0.083000    0.126000
 25.000   -0.019000    0.088000
 35.000   -0.115000    0.068000
 45.000   -0.170000    0.058000
 55.000   -0.385000    0.052000
 65.000   -0.407000    0.047000
 75.000   -0.322000    0.045000
 85.000   -0.369000    0.044000
 95.000   -0.197000    0.043000
105.000   -0.100000    0.045000
115.000    0.039000    0.047000
125.000    0.133000    0.051000
135.000    0.261000    0.057000
145.000    0.359000    0.066000
155.000    0.153000    0.083000
165.000    0.279000    0.110000
175.000    0.317000    0.200000
------------------------------------------
E = 1060.000 MeV, Wght = 1.00, Syst = 0.05
  5.000    0.382000    0.208000
 15.000   -0.221000    0.113000
 25.000    0.032000    0.077000
 35.000   -0.128000    0.061000
 45.000   -0.102000    0.052000
 55.000   -0.290000    0.047000
 65.000   -0.331000    0.043000
 75.000   -0.288000    0.041000
 85.000   -0.358000    0.040000
 95.000   -0.363000    0.040000
105.000   -0.141000    0.042000
115.000   -0.093000    0.044000
125.000    0.175000    0.048000
135.000    0.184000    0.054000
145.000    0.331000    0.063000
155.000    0.371000    0.078000
165.000    0.498000    0.104000
175.000    0.436000    0.188000
------------------------------------------
E = 1070.000 MeV, Wght = 1.00, Syst = 0.05
  5.000    0.207000    0.193000
 15.000    0.124000    0.100000
 25.000   -0.111000    0.071000
 35.000   -0.121000    0.056000
 45.000   -0.071000    0.048000
 55.000   -0.207000    0.043000
 65.000   -0.358000    0.040000
 75.000   -0.364000    0.038000
 85.000   -0.369000    0.037000
 95.000   -0.340000    0.038000
105.000   -0.103000    0.039000
115.000    0.011000    0.041000
125.000    0.082000    0.046000
135.000    0.218000    0.052000
145.000    0.317000    0.060000
155.000    0.294000    0.073000
165.000    0.404000    0.099000
175.000   -0.018000    0.180000
------------------------------------------
E = 1080.000 MeV, Wght = 1.00, Syst = 0.05
  5.000    0.322000    0.279000
 15.000    0.027000    0.151000
 25.000    0.048000    0.109000
 35.000   -0.071000    0.086000
 45.000   -0.126000    0.074000
 55.000   -0.214000    0.066000
 65.000   -0.372000    0.062000
 75.000   -0.277000    0.059000
 85.000   -0.308000    0.058000
 95.000   -0.327000    0.059000
105.000   -0.361000    0.062000
115.000   -0.024000    0.066000
125.000    0.259000    0.073000
135.000    0.176000    0.081000
145.000    0.167000    0.095000
155.000    0.269000    0.117000
165.000    0.035000    0.159000
175.000    0.234000    0.293000
------------------------------------------
E = 1090.000 MeV, Wght = 1.00, Syst = 0.05
  5.000   -0.173000    0.240000
 15.000    0.080000    0.136000
 25.000    0.048000    0.096000
 35.000   -0.001000    0.078000
 45.000   -0.145000    0.066000
 55.000   -0.280000    0.060000
 65.000   -0.288000    0.056000
 75.000   -0.276000    0.053000
 85.000   -0.349000    0.053000
 95.000   -0.305000    0.053000
105.000   -0.254000    0.056000
115.000   -0.049000    0.061000
125.000    0.019000    0.067000
135.000    0.050000    0.075000
145.000    0.170000    0.089000
155.000    0.240000    0.111000
165.000    0.119000    0.149000
175.000    0.318000    0.273000
------------------------------------------
E = 1100.000 MeV, Wght = 1.00, Syst = 0.05
  5.000    0.105000    0.228000
 15.000   -0.016000    0.119000
 25.000    0.056000    0.086000
 35.000   -0.077000    0.069000
 45.000   -0.097000    0.060000
 55.000   -0.206000    0.054000
 65.000   -0.336000    0.051000
 75.000   -0.306000    0.049000
 85.000   -0.257000    0.048000
 95.000   -0.346000    0.049000
105.000   -0.162000    0.052000
115.000   -0.061000    0.055000
125.000    0.019000    0.061000
135.000    0.124000    0.069000
145.000    0.354000    0.083000
155.000    0.246000    0.102000
165.000    0.441000    0.141000
175.000   -0.277000    0.260000
------------------------------------------
E = 1110.000 MeV, Wght = 1.00, Syst = 0.05
  5.000    0.093000    0.197000
 15.000   -0.016000    0.109000
 25.000    0.043000    0.079000
 35.000   -0.051000    0.063000
 45.000   -0.151000    0.055000
 55.000   -0.207000    0.050000
 65.000   -0.358000    0.047000
 75.000   -0.360000    0.045000
 85.000   -0.400000    0.045000
 95.000   -0.369000    0.046000
105.000   -0.208000    0.048000
115.000   -0.154000    0.052000
125.000    0.024000    0.058000
135.000    0.135000    0.066000
145.000    0.261000    0.077000
155.000    0.326000    0.096000
165.000    0.266000    0.130000
175.000    0.106000    0.239000
------------------------------------------
E = 1120.000 MeV, Wght = 1.00, Syst = 0.05
  5.000   -0.223000    0.181000
 15.000    0.190000    0.097000
 25.000    0.043000    0.071000
 35.000   -0.089000    0.058000
 45.000   -0.071000    0.050000
 55.000   -0.163000    0.046000
 65.000   -0.322000    0.043000
 75.000   -0.298000    0.042000
 85.000   -0.329000    0.041000
 95.000   -0.387000    0.042000
105.000   -0.273000    0.044000
115.000   -0.221000    0.048000
125.000   -0.001000    0.054000
135.000    0.107000    0.061000
145.000    0.143000    0.074000
155.000    0.306000    0.093000
165.000    0.232000    0.128000
175.000    0.041000    0.227000
------------------------------------------
E = 1130.000 MeV, Wght = 1.00, Syst = 0.05
  5.000    0.073000    0.154000
 15.000    0.041000    0.088000
 25.000    0.033000    0.065000
 35.000   -0.040000    0.054000
 45.000   -0.034000    0.046000
 55.000   -0.208000    0.043000
 65.000   -0.347000    0.040000
 75.000   -0.268000    0.039000
 85.000   -0.334000    0.039000
 95.000   -0.415000    0.039000
105.000   -0.317000    0.042000
115.000   -0.193000    0.046000
125.000    0.013000    0.050000
135.000    0.014000    0.059000
145.000    0.197000    0.069000
155.000    0.213000    0.088000
165.000    0.204000    0.119000
175.000   -0.032000    0.220000
------------------------------------------
E = 1140.000 MeV, Wght = 1.00, Syst = 0.05
  5.000    0.220000    0.249000
 15.000    0.097000    0.136000
 25.000    0.132000    0.100000
 35.000   -0.018000    0.082000
 45.000   -0.034000    0.072000
 55.000   -0.233000    0.066000
 65.000   -0.223000    0.062000
 75.000   -0.343000    0.060000
 85.000   -0.458000    0.060000
 95.000   -0.382000    0.062000
105.000   -0.444000    0.065000
115.000   -0.198000    0.072000
125.000   -0.036000    0.081000
135.000   -0.028000    0.093000
145.000    0.242000    0.110000
155.000    0.274000    0.141000
165.000    0.096000    0.191000
175.000   -0.004000    0.363000
------------------------------------------
E = 1150.000 MeV, Wght = 1.00, Syst = 0.05
  5.000    0.115000    0.225000
 15.000    0.216000    0.124000
 25.000    0.067000    0.090000
 35.000    0.167000    0.074000
 45.000   -0.012000    0.065000
 55.000   -0.141000    0.059000
 65.000   -0.217000    0.057000
 75.000   -0.351000    0.055000
 85.000   -0.384000    0.055000
 95.000   -0.442000    0.056000
105.000   -0.333000    0.059000
115.000   -0.327000    0.065000
125.000   -0.034000    0.073000
135.000    0.201000    0.084000
145.000    0.131000    0.102000
155.000    0.171000    0.131000
165.000    0.522000    0.177000
175.000    0.254000    0.337000
------------------------------------------
E = 1160.000 MeV, Wght = 1.00, Syst = 0.05
  5.000    0.184000    0.198000
 15.000    0.136000    0.113000
 25.000    0.089000    0.081000
 35.000   -0.126000    0.067000
 45.000   -0.146000    0.059000
 55.000   -0.153000    0.055000
 65.000   -0.238000    0.052000
 75.000   -0.305000    0.050000
 85.000   -0.328000    0.050000
 95.000   -0.417000    0.051000
105.000   -0.307000    0.055000
115.000   -0.347000    0.060000
125.000   -0.107000    0.068000
135.000   -0.074000    0.079000
145.000    0.088000    0.094000
155.000   -0.021000    0.121000
165.000    0.148000    0.169000
175.000    0.140000    0.314000
------------------------------------------
E = 1170.000 MeV, Wght = 1.00, Syst = 0.05
  5.000    0.215000    0.179000
 15.000    0.218000    0.101000
 25.000    0.088000    0.074000
 35.000    0.041000    0.062000
 45.000   -0.066000    0.055000
 55.000   -0.033000    0.051000
 65.000   -0.225000    0.048000
 75.000   -0.376000    0.047000
 85.000   -0.374000    0.046000
 95.000   -0.395000    0.047000
105.000   -0.364000    0.051000
115.000   -0.298000    0.056000
125.000   -0.105000    0.063000
135.000    0.022000    0.074000
145.000    0.276000    0.090000
155.000    0.213000    0.117000
165.000    0.067000    0.161000
175.000    0.234000    0.301000
------------------------------------------
E = 1180.000 MeV, Wght = 1.00, Syst = 0.05
  5.000    0.041000    0.167000
 15.000   -0.059000    0.092000
 25.000    0.068000    0.069000
 35.000    0.012000    0.057000
 45.000   -0.069000    0.051000
 55.000   -0.225000    0.047000
 65.000   -0.184000    0.044000
 75.000   -0.294000    0.043000
 85.000   -0.301000    0.043000
 95.000   -0.373000    0.044000
105.000   -0.435000    0.048000
115.000   -0.296000    0.052000
125.000   -0.139000    0.059000
135.000   -0.065000    0.069000
145.000    0.126000    0.085000
155.000    0.041000    0.108000
165.000    0.111000    0.152000
175.000   -0.267000    0.285000
------------------------------------------
E = 1190.000 MeV, Wght = 1.00, Syst = 0.05
  5.000    0.063000    0.155000
 15.000    0.068000    0.086000
 25.000   -0.105000    0.063000
 35.000   -0.028000    0.053000
 45.000    0.010000    0.047000
 55.000   -0.013000    0.044000
 65.000   -0.228000    0.042000
 75.000   -0.299000    0.041000
 85.000   -0.366000    0.040000
 95.000   -0.407000    0.042000
105.000   -0.353000    0.044000
115.000   -0.218000    0.049000
125.000   -0.193000    0.056000
135.000   -0.080000    0.065000
145.000    0.144000    0.081000
155.000    0.237000    0.105000
165.000    0.220000    0.150000
175.000   -0.186000    0.275000
------------------------------------------
E = 1200.000 MeV, Wght = 1.00, Syst = 0.05
  5.000   -0.103000    0.237000
 15.000    0.071000    0.133000
 25.000    0.216000    0.098000
 35.000    0.005000    0.081000
 45.000   -0.031000    0.072000
 55.000   -0.136000    0.068000
 65.000   -0.273000    0.064000
 75.000   -0.288000    0.062000
 85.000   -0.415000    0.062000
 95.000   -0.358000    0.063000
105.000   -0.409000    0.069000
115.000   -0.158000    0.075000
125.000    0.041000    0.087000
135.000   -0.061000    0.103000
145.000    0.110000    0.125000
155.000    0.043000    0.160000
165.000    0.358000    0.232000
175.000    0.080000    0.415000
------------------------------------------
E = 1210.000 MeV, Wght = 1.00, Syst = 0.05
  5.000    0.181000    0.216000
 15.000    0.110000    0.120000
 25.000   -0.059000    0.089000
 35.000   -0.049000    0.074000
 45.000   -0.144000    0.065000
 55.000   -0.116000    0.061000
 65.000   -0.220000    0.058000
 75.000   -0.270000    0.057000
 85.000   -0.415000    0.057000
 95.000   -0.335000    0.058000
105.000   -0.382000    0.062000
115.000   -0.311000    0.070000
125.000   -0.150000    0.080000
135.000   -0.008000    0.093000
145.000    0.242000    0.117000
155.000    0.486000    0.149000
165.000   -0.366000    0.216000
175.000    0.217000    0.395000
------------------------------------------
E = 1220.000 MeV, Wght = 1.00, Syst = 0.05
  5.000    0.070000    0.198000
 15.000    0.047000    0.109000
 25.000    0.155000    0.082000
 35.000   -0.052000    0.067000
 45.000   -0.128000    0.061000
 55.000   -0.137000    0.056000
 65.000   -0.209000    0.054000
 75.000   -0.267000    0.052000
 85.000   -0.272000    0.052000
 95.000   -0.392000    0.054000
105.000   -0.330000    0.058000
115.000   -0.307000    0.064000
125.000   -0.208000    0.074000
135.000   -0.029000    0.087000
145.000    0.054000    0.107000
155.000    0.261000    0.135000
165.000    0.243000    0.198000
175.000    0.513000    0.383000
------------------------------------------
E = 1230.000 MeV, Wght = 1.00, Syst = 0.05
  5.000    0.321000    0.182000
 15.000   -0.010000    0.101000
 25.000    0.048000    0.076000
 35.000   -0.013000    0.062000
 45.000   -0.035000    0.056000
 55.000   -0.004000    0.052000
 65.000   -0.273000    0.050000
 75.000   -0.306000    0.049000
 85.000   -0.254000    0.048000
 95.000   -0.472000    0.050000
105.000   -0.370000    0.053000
115.000   -0.346000    0.060000
125.000   -0.151000    0.068000
135.000   -0.022000    0.080000
145.000    0.005000    0.099000
155.000    0.090000    0.129000
165.000    0.107000    0.189000
175.000    0.146000    0.342000
------------------------------------------
E = 1240.000 MeV, Wght = 1.00, Syst = 0.05
  5.000    0.225000    0.172000
 15.000    0.164000    0.094000
 25.000    0.100000    0.070000
 35.000   -0.054000    0.058000
 45.000   -0.061000    0.052000
 55.000   -0.096000    0.048000
 65.000   -0.213000    0.047000
 75.000   -0.304000    0.045000
 85.000   -0.348000    0.045000
 95.000   -0.384000    0.046000
105.000   -0.324000    0.050000
115.000   -0.441000    0.055000
125.000   -0.152000    0.064000
135.000   -0.078000    0.076000
145.000    0.159000    0.092000
155.000    0.190000    0.122000
165.000    0.416000    0.174000
175.000    0.025000    0.339000
------------------------------------------
E = 1250.000 MeV, Wght = 1.00, Syst = 0.05
  5.000    0.108000    0.157000
 15.000    0.070000    0.087000
 25.000    0.051000    0.066000
 35.000    0.060000    0.055000
 45.000   -0.037000    0.049000
 55.000   -0.148000    0.046000
 65.000   -0.157000    0.044000
 75.000   -0.254000    0.043000
 85.000   -0.243000    0.042000
 95.000   -0.366000    0.044000
105.000   -0.420000    0.047000
115.000   -0.270000    0.053000
125.000   -0.151000    0.061000
135.000   -0.135000    0.071000
145.000    0.196000    0.087000
155.000    0.280000    0.114000
165.000    0.136000    0.165000
175.000   -0.031000    0.308000
------------------------------------------
E = 1260.000 MeV, Wght = 1.00, Syst = 0.05
  5.000   -0.119000    0.246000
 15.000   -0.218000    0.132000
 25.000    0.039000    0.100000
 35.000   -0.042000    0.082000
 45.000   -0.143000    0.074000
 55.000   -0.148000    0.070000
 65.000   -0.038000    0.066000
 75.000   -0.340000    0.065000
 85.000   -0.385000    0.064000
 95.000   -0.411000    0.067000
105.000   -0.468000    0.072000
115.000   -0.212000    0.080000
125.000   -0.160000    0.092000
135.000   -0.106000    0.108000
145.000   -0.041000    0.134000
155.000    0.292000    0.171000
165.000   -0.153000    0.253000
175.000    0.656000    0.494000
------------------------------------------
E = 1270.000 MeV, Wght = 1.00, Syst = 0.05
  5.000    0.038000    0.222000
 15.000   -0.095000    0.123000
 25.000   -0.043000    0.090000
 35.000   -0.146000    0.075000
 45.000    0.047000    0.068000
 55.000   -0.073000    0.064000
 65.000   -0.160000    0.061000
 75.000   -0.292000    0.059000
 85.000   -0.317000    0.059000
 95.000   -0.416000    0.061000
105.000   -0.333000    0.066000
115.000   -0.205000    0.073000
125.000   -0.108000    0.084000
135.000   -0.043000    0.100000
145.000    0.008000    0.122000
155.000    0.203000    0.159000
165.000   -0.237000    0.230000
175.000    0.526000    0.444000
------------------------------------------
E = 1280.000 MeV, Wght = 1.00, Syst = 0.05
  5.000    0.021000    0.200000
 15.000   -0.164000    0.111000
 25.000    0.077000    0.083000
 35.000   -0.122000    0.069000
 45.000    0.066000    0.062000
 55.000   -0.079000    0.059000
 65.000   -0.184000    0.056000
 75.000   -0.252000    0.055000
 85.000   -0.249000    0.054000
 95.000   -0.389000    0.057000
105.000   -0.325000    0.061000
115.000   -0.319000    0.067000
125.000   -0.224000    0.078000
135.000   -0.100000    0.091000
145.000    0.279000    0.113000
155.000    0.122000    0.146000
165.000    0.254000    0.217000
175.000    0.146000    0.394000
------------------------------------------
E = 1290.000 MeV, Wght = 1.00, Syst = 0.05
  5.000    0.132000    0.190000
 15.000    0.131000    0.104000
 25.000    0.089000    0.077000
 35.000    0.078000    0.065000
 45.000   -0.004000    0.058000
 55.000   -0.046000    0.054000
 65.000   -0.203000    0.053000
 75.000   -0.355000    0.051000
 85.000   -0.241000    0.051000
 95.000   -0.378000    0.053000
105.000   -0.288000    0.057000
115.000   -0.194000    0.062000
125.000   -0.321000    0.073000
135.000   -0.041000    0.086000
145.000    0.141000    0.103000
155.000    0.114000    0.135000
165.000    0.082000    0.193000
175.000    0.197000    0.356000
------------------------------------------
E = 1300.000 MeV, Wght = 1.00, Syst = 0.05
  5.000   -0.001000    0.174000
 15.000   -0.088000    0.097000
 25.000   -0.032000    0.072000
 35.000    0.081000    0.060000
 45.000    0.013000    0.055000
 55.000   -0.113000    0.051000
 65.000   -0.262000    0.049000
 75.000   -0.252000    0.048000
 85.000   -0.344000    0.048000
 95.000   -0.344000    0.049000
105.000   -0.441000    0.052000
115.000   -0.268000    0.059000
125.000   -0.074000    0.067000
135.000    0.056000    0.079000
145.000    0.170000    0.098000
155.000    0.178000    0.128000
165.000    0.283000    0.181000
175.000   -0.041000    0.350000
------------------------------------------
E = 1310.000 MeV, Wght = 1.00, Syst = 0.05
  5.000   -0.057000    0.166000
 15.000   -0.048000    0.092000
 25.000    0.098000    0.068000
 35.000   -0.057000    0.057000
 45.000   -0.009000    0.051000
 55.000   -0.048000    0.048000
 65.000   -0.071000    0.046000
 75.000   -0.269000    0.046000
 85.000   -0.218000    0.045000
 95.000   -0.346000    0.047000
105.000   -0.266000    0.050000
115.000   -0.285000    0.055000
125.000   -0.143000    0.063000
135.000    0.041000    0.074000
145.000    0.192000    0.091000
155.000    0.385000    0.118000
165.000    0.097000    0.174000
175.000    0.040000    0.334000
------------------------------------------
E = 1320.000 MeV, Wght = 1.00, Syst = 0.05
  5.000   -0.294000    0.246000
 15.000   -0.161000    0.139000
 25.000    0.077000    0.102000
 35.000   -0.001000    0.084000
 45.000    0.121000    0.076000
 55.000   -0.022000    0.073000
 65.000   -0.086000    0.069000
 75.000   -0.214000    0.068000
 85.000   -0.230000    0.067000
 95.000   -0.486000    0.070000
105.000   -0.253000    0.075000
115.000   -0.248000    0.083000
125.000   -0.127000    0.095000
135.000    0.137000    0.111000
145.000    0.195000    0.136000
155.000    0.315000    0.178000
165.000   -0.240000    0.252000
175.000   -0.429000    0.510000
------------------------------------------
E = 1330.000 MeV, Wght = 1.00, Syst = 0.05
  5.000    0.039000    0.236000
 15.000   -0.187000    0.126000
 25.000    0.057000    0.093000
 35.000   -0.008000    0.077000
 45.000    0.038000    0.070000
 55.000    0.009000    0.066000
 65.000   -0.060000    0.064000
 75.000   -0.340000    0.063000
 85.000   -0.292000    0.063000
 95.000   -0.381000    0.064000
105.000   -0.321000    0.069000
115.000   -0.265000    0.077000
125.000   -0.057000    0.087000
135.000    0.260000    0.103000
145.000    0.165000    0.126000
155.000    0.301000    0.161000
165.000    0.491000    0.247000
175.000    0.502000    0.462000
------------------------------------------
E = 1340.000 MeV, Wght = 1.00, Syst = 0.05
  5.000    0.473000    0.217000
 15.000   -0.187000    0.116000
 25.000    0.104000    0.086000
 35.000    0.110000    0.071000
 45.000   -0.052000    0.064000
 55.000    0.055000    0.061000
 65.000   -0.076000    0.059000
 75.000   -0.298000    0.058000
 85.000   -0.263000    0.058000
 95.000   -0.349000    0.060000
105.000   -0.367000    0.064000
115.000   -0.226000    0.071000
125.000   -0.059000    0.080000
135.000    0.107000    0.095000
145.000    0.284000    0.117000
155.000    0.374000    0.151000
165.000    0.038000    0.222000
175.000   -0.072000    0.444000
------------------------------------------
E = 1350.000 MeV, Wght = 1.00, Syst = 0.05
  5.000   -0.089000    0.200000
 15.000    0.222000    0.109000
 25.000   -0.056000    0.080000
 35.000   -0.028000    0.066000
 45.000    0.090000    0.060000
 55.000   -0.091000    0.057000
 65.000   -0.068000    0.056000
 75.000   -0.262000    0.054000
 85.000   -0.242000    0.054000
 95.000   -0.269000    0.056000
105.000   -0.325000    0.060000
115.000   -0.172000    0.066000
125.000    0.083000    0.076000
135.000    0.184000    0.087000
145.000    0.354000    0.109000
155.000    0.337000    0.140000
165.000    0.255000    0.205000
175.000    0.101000    0.397000
------------------------------------------
E = 1360.000 MeV, Wght = 1.00, Syst = 0.05
  5.000    0.048000    0.191000
 15.000    0.329000    0.102000
 25.000    0.089000    0.075000
 35.000    0.110000    0.062000
 45.000    0.031000    0.056000
 55.000    0.047000    0.054000
 65.000   -0.118000    0.052000
 75.000   -0.237000    0.051000
 85.000   -0.278000    0.051000
 95.000   -0.284000    0.053000
105.000   -0.372000    0.057000
115.000   -0.262000    0.062000
125.000   -0.108000    0.071000
135.000    0.045000    0.081000
145.000    0.141000    0.102000
155.000    0.527000    0.137000
165.000    0.081000    0.205000
175.000    0.100000    0.379000
------------------------------------------
E = 1370.000 MeV, Wght = 1.00, Syst = 0.05
  5.000    0.224000    0.174000
 15.000    0.136000    0.095000
 25.000    0.108000    0.070000
 35.000    0.092000    0.058000
 45.000    0.073000    0.053000
 55.000   -0.058000    0.051000
 65.000   -0.151000    0.049000
 75.000   -0.110000    0.048000
 85.000   -0.314000    0.048000
 95.000   -0.369000    0.049000
105.000   -0.361000    0.054000
115.000   -0.269000    0.059000
125.000   -0.110000    0.067000
135.000    0.104000    0.079000
145.000    0.188000    0.096000
155.000    0.245000    0.125000
165.000    0.127000    0.181000
175.000    0.016000    0.381000
------------------------------------------
E = 1380.000 MeV, Wght = 1.00, Syst = 0.05
  5.000   -0.178000    0.271000
 15.000    0.186000    0.144000
 25.000    0.051000    0.105000
 35.000   -0.048000    0.086000
 45.000    0.079000    0.079000
 55.000    0.032000    0.075000
 65.000    0.023000    0.073000
 75.000   -0.202000    0.072000
 85.000   -0.206000    0.072000
 95.000   -0.468000    0.074000
105.000   -0.289000    0.079000
115.000   -0.381000    0.089000
125.000    0.003000    0.101000
135.000    0.203000    0.118000
145.000    0.341000    0.145000
155.000    0.199000    0.194000
165.000   -0.068000    0.281000
175.000   -0.846000    0.545000
------------------------------------------
E = 1390.000 MeV, Wght = 1.00, Syst = 0.05
  5.000   -0.404000    0.248000
 15.000    0.035000    0.134000
 25.000    0.130000    0.095000
 35.000    0.174000    0.078000
 45.000    0.105000    0.072000
 55.000    0.033000    0.069000
 65.000   -0.046000    0.067000
 75.000   -0.262000    0.066000
 85.000   -0.234000    0.066000
 95.000   -0.437000    0.068000
105.000   -0.453000    0.074000
115.000   -0.072000    0.082000
125.000   -0.065000    0.093000
135.000    0.215000    0.109000
145.000    0.226000    0.133000
155.000    0.025000    0.177000
165.000    0.494000    0.264000
175.000   -0.150000    0.525000
------------------------------------------
E = 1400.000 MeV, Wght = 1.00, Syst = 0.05
  5.000   -0.103000    0.223000
 15.000   -0.152000    0.121000
 25.000    0.018000    0.088000
 35.000    0.146000    0.072000
 45.000    0.103000    0.066000
 55.000    0.199000    0.064000
 65.000   -0.160000    0.062000
 75.000   -0.199000    0.061000
 85.000   -0.318000    0.061000
 95.000   -0.355000    0.064000
105.000   -0.239000    0.069000
115.000   -0.239000    0.076000
125.000    0.037000    0.088000
135.000    0.166000    0.102000
145.000    0.476000    0.125000
155.000    0.402000    0.168000
165.000    0.304000    0.254000
175.000    0.145000    0.519000
------------------------------------------
E = 1410.000 MeV, Wght = 1.00, Syst = 0.05
  5.000    0.137000    0.205000
 15.000    0.117000    0.111000
 25.000    0.052000    0.082000
 35.000    0.128000    0.068000
 45.000    0.177000    0.062000
 55.000    0.010000    0.060000
 65.000   -0.004000    0.058000
 75.000   -0.229000    0.057000
 85.000   -0.251000    0.057000
 95.000   -0.364000    0.059000
105.000   -0.452000    0.064000
115.000   -0.222000    0.071000
125.000   -0.086000    0.082000
135.000    0.281000    0.096000
145.000    0.487000    0.118000
155.000    0.516000    0.162000
165.000    0.378000    0.242000
175.000    1.125000    0.472000
------------------------------------------
E = 1420.000 MeV, Wght = 1.00, Syst = 0.05
  5.000    0.008000    0.192000
 15.000    0.100000    0.103000
 25.000    0.134000    0.075000
 35.000    0.212000    0.063000
 45.000    0.133000    0.058000
 55.000   -0.176000    0.056000
 65.000    0.027000    0.055000
 75.000   -0.131000    0.054000
 85.000   -0.297000    0.053000
 95.000   -0.277000    0.055000
105.000   -0.350000    0.060000
115.000   -0.236000    0.066000
125.000   -0.031000    0.077000
135.000    0.255000    0.091000
145.000    0.234000    0.113000
155.000    0.429000    0.154000
165.000    0.636000    0.240000
175.000   -0.674000    0.493000
------------------------------------------
E = 1430.000 MeV, Wght = 1.00, Syst = 0.05
  5.000   -0.133000    0.172000
 15.000    0.186000    0.096000
 25.000    0.133000    0.070000
 35.000    0.081000    0.059000
 45.000    0.088000    0.054000
 55.000    0.082000    0.053000
 65.000   -0.117000    0.051000
 75.000   -0.265000    0.051000
 85.000   -0.386000    0.051000
 95.000   -0.366000    0.053000
105.000   -0.356000    0.057000
115.000   -0.238000    0.064000
125.000    0.007000    0.073000
135.000    0.275000    0.086000
145.000    0.380000    0.109000
155.000    0.430000    0.146000
165.000    0.393000    0.238000
175.000   -0.455000    0.481000
------------------------------------------
E = 1440.000 MeV, Wght = 1.00, Syst = 0.05
  5.000    0.577000    0.258000
 15.000    0.293000    0.141000
 25.000    0.365000    0.103000
 35.000    0.132000    0.087000
 45.000    0.126000    0.081000
 55.000   -0.024000    0.079000
 65.000   -0.107000    0.077000
 75.000   -0.237000    0.077000
 85.000   -0.357000    0.076000
 95.000   -0.371000    0.079000
105.000   -0.459000    0.086000
115.000   -0.164000    0.097000
125.000   -0.133000    0.110000
135.000    0.029000    0.132000
145.000    0.466000    0.168000
155.000    0.387000    0.227000
165.000    0.742000    0.372000
175.000   -0.722000    0.757000
------------------------------------------
E = 1450.000 MeV, Wght = 1.00, Syst = 0.05
  5.000    0.303000    0.228000
 15.000    0.245000    0.126000
 25.000    0.190000    0.093000
 35.000    0.144000    0.079000
 45.000    0.047000    0.074000
 55.000   -0.013000    0.072000
 65.000   -0.098000    0.071000
 75.000   -0.226000    0.070000
 85.000   -0.350000    0.070000
 95.000   -0.349000    0.073000
105.000   -0.374000    0.079000
115.000   -0.359000    0.089000
125.000   -0.010000    0.104000
135.000    0.377000    0.125000
145.000    0.460000    0.153000
155.000   -0.075000    0.215000
165.000    0.345000    0.338000
175.000    0.929000    0.751000
------------------------------------------
E = 1460.000 MeV, Wght = 1.00, Syst = 0.05
  5.000   -0.209000    0.209000
 15.000   -0.011000    0.113000
 25.000    0.140000    0.085000
 35.000    0.164000    0.072000
 45.000    0.096000    0.067000
 55.000   -0.005000    0.067000
 65.000   -0.217000    0.066000
 75.000   -0.162000    0.065000
 85.000   -0.288000    0.065000
 95.000   -0.427000    0.068000
105.000   -0.450000    0.074000
115.000   -0.164000    0.083000
125.000   -0.132000    0.098000
135.000    0.215000    0.116000
145.000    0.428000    0.147000
155.000    0.632000    0.205000
165.000    0.336000    0.331000
175.000    0.046000    0.761000
------------------------------------------
E = 1470.000 MeV, Wght = 1.00, Syst = 0.05
  5.000   -0.083000    0.190000
 15.000    0.177000    0.103000
 25.000    0.293000    0.078000
 35.000    0.172000    0.067000
 45.000    0.131000    0.063000
 55.000   -0.041000    0.062000
 65.000   -0.150000    0.062000
 75.000   -0.329000    0.061000
 85.000   -0.484000    0.061000
 95.000   -0.487000    0.064000
105.000   -0.481000    0.069000
115.000   -0.294000    0.078000
125.000    0.053000    0.092000
135.000    0.441000    0.109000
145.000    0.302000    0.139000
155.000    0.794000    0.194000
165.000    0.561000    0.321000
175.000    1.691000    0.755000
------------------------------------------
E = 1480.000 MeV, Wght = 1.00, Syst = 0.05
  5.000    0.336000    0.167000
 15.000    0.035000    0.095000
 25.000    0.222000    0.072000
 35.000    0.107000    0.062000
 45.000    0.142000    0.058000
 65.000   -0.113000    0.058000
 75.000   -0.301000    0.057000
 85.000   -0.274000    0.058000
 95.000   -0.451000    0.060000
105.000   -0.398000    0.065000
115.000   -0.160000    0.073000
125.000    0.121000    0.087000
135.000    0.282000    0.104000
145.000    0.293000    0.133000
155.000    0.423000    0.184000
165.000   -0.025000    0.311000
175.000    0.092000    0.733000
------------------------------------------
E = 1490.000 MeV, Wght = 1.00, Syst = 0.05
  5.000    0.026000    0.156000
 15.000    0.117000    0.086000
 25.000    0.302000    0.067000
 35.000    0.305000    0.058000
 45.000    0.212000    0.055000
 55.000   -0.012000    0.054000
 65.000   -0.012000    0.054000
 75.000   -0.332000    0.054000
 85.000   -0.366000    0.054000
 95.000   -0.470000    0.057000
105.000   -0.443000    0.061000
115.000   -0.097000    0.070000
125.000   -0.087000    0.082000
135.000    0.398000    0.099000
145.000    0.250000    0.126000
155.000    1.039000    0.181000
165.000    0.688000    0.307000
175.000    1.003000    0.703000
------------------------------------------
E = 1500.000 MeV, Wght = 1.00, Syst = 0.05
  5.000    0.192000    0.229000
 15.000    0.094000    0.126000
 25.000    0.279000    0.098000
 35.000    0.260000    0.084000
 45.000    0.161000    0.081000
 55.000    0.151000    0.081000
 65.000   -0.200000    0.080000
 75.000   -0.276000    0.081000
 85.000   -0.424000    0.082000
 95.000   -0.533000    0.085000
105.000   -0.459000    0.093000
115.000   -0.215000    0.104000
125.000   -0.089000    0.124000
135.000    0.043000    0.149000
145.000    0.675000    0.192000
155.000    0.549000    0.278000
165.000   -0.124000    0.479000
175.000    1.122000    1.224000
------------------------------------------
