E =  710.000 MeV, Wght = 1.00, Syst = 0.05
  5.000    0.130000    0.127000
 15.000    0.133000    0.072000
 25.000   -0.023000    0.056000
 35.000   -0.047000    0.048000
 45.000    0.016000    0.043000
 55.000    0.041000    0.041000
 65.000    0.008000    0.038000
 75.000   -0.044000    0.037000
 85.000    0.009000    0.037000
 95.000   -0.034000    0.037000
105.000   -0.024000    0.037000
115.000    0.029000    0.038000
125.000   -0.059000    0.041000
135.000   -0.074000    0.044000
145.000    0.010000    0.048000
155.000   -0.053000    0.056000
165.000   -0.030000    0.073000
175.000   -0.036000    0.127000
------------------------------------------
E =  720.000 MeV, Wght = 1.00, Syst = 0.05
  5.000    0.088000    0.187000
 15.000    0.187000    0.109000
 25.000    0.017000    0.085000
 35.000    0.084000    0.072000
 45.000    0.036000    0.065000
 55.000   -0.021000    0.060000
 65.000    0.038000    0.058000
 75.000    0.076000    0.056000
 85.000    0.152000    0.055000
 95.000    0.063000    0.054000
105.000   -0.026000    0.056000
115.000   -0.030000    0.058000
125.000    0.020000    0.061000
135.000    0.114000    0.065000
145.000   -0.093000    0.074000
155.000    0.031000    0.087000
165.000    0.008000    0.110000
175.000    0.254000    0.199000
------------------------------------------
E =  730.000 MeV, Wght = 1.00, Syst = 0.05
  5.000   -0.066000    0.149000
 15.000   -0.018000    0.085000
 25.000    0.054000    0.066000
 35.000    0.067000    0.056000
 45.000   -0.028000    0.051000
 55.000    0.016000    0.048000
 65.000   -0.002000    0.045000
 75.000    0.109000    0.043000
 85.000    0.034000    0.043000
 95.000    0.056000    0.043000
105.000    0.143000    0.044000
115.000    0.014000    0.044000
125.000    0.074000    0.048000
135.000    0.041000    0.051000
145.000    0.030000    0.057000
155.000   -0.113000    0.067000
165.000   -0.124000    0.086000
175.000   -0.127000    0.151000
------------------------------------------
E =  740.000 MeV, Wght = 1.00, Syst = 0.05
  5.000    0.192000    0.128000
 15.000   -0.056000    0.073000
 25.000    0.024000    0.056000
 35.000    0.034000    0.048000
 45.000    0.014000    0.043000
 55.000    0.069000    0.040000
 65.000    0.090000    0.038000
 75.000    0.086000    0.037000
 85.000    0.131000    0.036000
 95.000    0.073000    0.036000
105.000    0.051000    0.036000
115.000    0.105000    0.038000
125.000    0.038000    0.040000
135.000    0.085000    0.043000
145.000   -0.027000    0.049000
155.000   -0.020000    0.056000
165.000   -0.065000    0.072000
175.000    0.018000    0.128000
------------------------------------------
E =  750.000 MeV, Wght = 1.00, Syst = 0.05
  5.000    0.053000    0.114000
 15.000   -0.036000    0.064000
 25.000    0.029000    0.049000
 35.000   -0.012000    0.043000
 45.000    0.074000    0.038000
 55.000    0.156000    0.035000
 65.000    0.095000    0.033000
 75.000    0.126000    0.032000
 85.000    0.117000    0.032000
 95.000    0.147000    0.032000
105.000    0.095000    0.032000
115.000    0.173000    0.033000
125.000    0.109000    0.036000
135.000    0.052000    0.038000
145.000    0.084000    0.043000
155.000    0.085000    0.050000
165.000    0.067000    0.064000
175.000    0.203000    0.111000
------------------------------------------
E =  760.000 MeV, Wght = 1.00, Syst = 0.05
  5.000    0.106000    0.103000
 15.000    0.055000    0.059000
 25.000   -0.063000    0.046000
 35.000    0.085000    0.039000
 45.000    0.047000    0.035000
 55.000    0.151000    0.032000
 65.000    0.139000    0.030000
 75.000    0.141000    0.029000
 85.000    0.146000    0.029000
 95.000    0.148000    0.029000
105.000    0.146000    0.029000
115.000    0.127000    0.030000
125.000    0.112000    0.032000
135.000    0.076000    0.034000
145.000    0.087000    0.038000
155.000    0.024000    0.045000
165.000    0.089000    0.058000
175.000   -0.137000    0.103000
------------------------------------------
E =  770.000 MeV, Wght = 1.00, Syst = 0.05
  5.000   -0.134000    0.097000
 15.000   -0.056000    0.055000
 25.000    0.032000    0.043000
 35.000    0.107000    0.036000
 45.000    0.181000    0.032000
 55.000    0.147000    0.030000
 65.000    0.158000    0.028000
 75.000    0.219000    0.027000
 85.000    0.153000    0.026000
 95.000    0.148000    0.026000
105.000    0.126000    0.027000
115.000    0.182000    0.028000
125.000    0.152000    0.029000
135.000    0.100000    0.031000
145.000    0.063000    0.035000
155.000   -0.010000    0.041000
165.000    0.038000    0.053000
175.000   -0.113000    0.090000
------------------------------------------
E =  780.000 MeV, Wght = 1.00, Syst = 0.05
  5.000    0.140000    0.181000
 15.000    0.129000    0.099000
 25.000   -0.014000    0.077000
 35.000    0.187000    0.066000
 45.000    0.180000    0.058000
 55.000    0.136000    0.053000
 65.000    0.270000    0.050000
 75.000    0.233000    0.048000
 85.000    0.228000    0.047000
 95.000    0.157000    0.046000
105.000    0.249000    0.047000
115.000    0.195000    0.049000
125.000    0.240000    0.051000
135.000    0.135000    0.056000
145.000    0.146000    0.062000
155.000    0.097000    0.072000
165.000   -0.011000    0.093000
175.000    0.158000    0.164000
------------------------------------------
E =  790.000 MeV, Wght = 1.00, Syst = 0.05
  5.000   -0.164000    0.162000
 15.000   -0.119000    0.094000
 25.000    0.135000    0.072000
 35.000    0.048000    0.061000
 45.000    0.186000    0.054000
 55.000    0.222000    0.049000
 65.000    0.158000    0.046000
 75.000    0.224000    0.044000
 85.000    0.243000    0.043000
 95.000    0.205000    0.043000
105.000    0.192000    0.043000
115.000    0.208000    0.045000
125.000    0.081000    0.047000
135.000    0.094000    0.051000
145.000    0.158000    0.057000
155.000    0.084000    0.066000
165.000    0.045000    0.086000
175.000   -0.224000    0.151000
------------------------------------------
E =  800.000 MeV, Wght = 1.00, Syst = 0.05
  5.000    0.041000    0.155000
 15.000    0.054000    0.088000
 25.000    0.143000    0.068000
 35.000    0.064000    0.057000
 45.000    0.010000    0.050000
 55.000    0.242000    0.046000
 65.000    0.270000    0.043000
 75.000    0.228000    0.041000
 85.000    0.281000    0.040000
 95.000    0.251000    0.040000
105.000    0.256000    0.040000
115.000    0.212000    0.041000
125.000    0.116000    0.044000
135.000    0.096000    0.047000
145.000    0.112000    0.052000
155.000    0.001000    0.062000
165.000    0.044000    0.080000
175.000    0.083000    0.137000
------------------------------------------
E =  810.000 MeV, Wght = 1.00, Syst = 0.05
  5.000    0.181000    0.148000
 15.000    0.107000    0.086000
 25.000    0.043000    0.066000
 35.000    0.067000    0.055000
 45.000    0.176000    0.048000
 55.000    0.190000    0.044000
 65.000    0.231000    0.041000
 75.000    0.274000    0.039000
 85.000    0.218000    0.037000
 95.000    0.264000    0.037000
105.000    0.247000    0.037000
115.000    0.218000    0.039000
125.000    0.198000    0.041000
135.000    0.073000    0.044000
145.000    0.134000    0.050000
155.000    0.066000    0.058000
165.000    0.025000    0.075000
175.000    0.319000    0.128000
------------------------------------------
E =  820.000 MeV, Wght = 1.00, Syst = 0.05
  5.000    0.168000    0.146000
 15.000    0.059000    0.082000
 25.000    0.203000    0.063000
 35.000    0.127000    0.053000
 45.000    0.148000    0.047000
 55.000    0.232000    0.042000
 65.000    0.258000    0.039000
 75.000    0.265000    0.037000
 85.000    0.324000    0.036000
 95.000    0.279000    0.036000
105.000    0.309000    0.036000
115.000    0.263000    0.037000
125.000    0.185000    0.039000
135.000    0.130000    0.042000
145.000    0.180000    0.047000
155.000    0.066000    0.055000
165.000   -0.054000    0.072000
175.000    0.128000    0.121000
------------------------------------------
E =  830.000 MeV, Wght = 1.00, Syst = 0.05
  5.000   -0.090000    0.142000
 15.000   -0.019000    0.079000
 25.000    0.169000    0.061000
 35.000    0.148000    0.052000
 45.000    0.196000    0.044000
 55.000    0.168000    0.041000
 65.000    0.182000    0.037000
 75.000    0.268000    0.036000
 85.000    0.303000    0.035000
 95.000    0.304000    0.034000
105.000    0.263000    0.035000
115.000    0.169000    0.035000
125.000    0.195000    0.037000
135.000    0.146000    0.040000
145.000    0.159000    0.045000
155.000    0.062000    0.052000
165.000   -0.008000    0.068000
175.000   -0.042000    0.117000
------------------------------------------
E =  840.000 MeV, Wght = 1.00, Syst = 0.05
  5.000   -0.034000    0.101000
 15.000   -0.127000    0.058000
 25.000    0.071000    0.044000
 35.000    0.142000    0.037000
 45.000    0.102000    0.032000
 55.000    0.215000    0.029000
 65.000    0.318000    0.027000
 75.000    0.222000    0.025000
 85.000    0.328000    0.025000
 95.000    0.266000    0.024000
105.000    0.296000    0.024000
115.000    0.246000    0.025000
125.000    0.200000    0.026000
135.000    0.185000    0.028000
145.000    0.135000    0.032000
155.000   -0.017000    0.037000
165.000    0.041000    0.048000
175.000   -0.105000    0.082000
------------------------------------------
E =  850.000 MeV, Wght = 1.00, Syst = 0.05
  5.000   -0.058000    0.097000
 15.000    0.181000    0.055000
 25.000    0.094000    0.042000
 35.000    0.112000    0.035000
 45.000    0.233000    0.031000
 55.000    0.294000    0.027000
 65.000    0.326000    0.025000
 75.000    0.331000    0.024000
 85.000    0.318000    0.023000
 95.000    0.313000    0.023000
105.000    0.270000    0.023000
115.000    0.258000    0.023000
125.000    0.215000    0.024000
135.000    0.125000    0.026000
145.000    0.093000    0.030000
155.000    0.076000    0.035000
165.000   -0.028000    0.045000
175.000    0.009000    0.080000
------------------------------------------
E =  860.000 MeV, Wght = 1.00, Syst = 0.05
  5.000   -0.097000    0.094000
 15.000    0.064000    0.052000
 25.000    0.116000    0.041000
 35.000    0.129000    0.034000
 45.000    0.198000    0.029000
 55.000    0.224000    0.026000
 65.000    0.296000    0.024000
 75.000    0.315000    0.023000
 85.000    0.341000    0.022000
 95.000    0.296000    0.021000
105.000    0.306000    0.022000
115.000    0.275000    0.022000
125.000    0.182000    0.023000
135.000    0.159000    0.025000
145.000    0.158000    0.028000
155.000    0.055000    0.033000
165.000    0.076000    0.042000
175.000   -0.084000    0.071000
------------------------------------------
E =  870.000 MeV, Wght = 1.00, Syst = 0.05
  5.000    0.089000    0.092000
 15.000    0.133000    0.053000
 25.000    0.142000    0.040000
 35.000    0.152000    0.033000
 45.000    0.248000    0.028000
 55.000    0.265000    0.025000
 65.000    0.338000    0.023000
 75.000    0.350000    0.022000
 85.000    0.379000    0.021000
 95.000    0.316000    0.020000
105.000    0.313000    0.020000
115.000    0.269000    0.021000
125.000    0.283000    0.022000
135.000    0.188000    0.024000
145.000    0.155000    0.026000
155.000    0.077000    0.031000
165.000   -0.048000    0.040000
175.000    0.019000    0.067000
------------------------------------------
E =  880.000 MeV, Wght = 1.00, Syst = 0.05
  5.000    0.118000    0.089000
 15.000    0.042000    0.051000
 25.000    0.134000    0.039000
 35.000    0.155000    0.032000
 45.000    0.220000    0.027000
 55.000    0.278000    0.024000
 65.000    0.324000    0.022000
 75.000    0.316000    0.021000
 85.000    0.333000    0.020000
 95.000    0.328000    0.019000
105.000    0.278000    0.019000
115.000    0.281000    0.020000
125.000    0.216000    0.021000
135.000    0.141000    0.023000
145.000    0.110000    0.025000
155.000    0.102000    0.030000
165.000   -0.003000    0.038000
175.000   -0.011000    0.067000
------------------------------------------
E =  890.000 MeV, Wght = 1.00, Syst = 0.05
  5.000    0.004000    0.091000
 15.000    0.133000    0.052000
 25.000    0.048000    0.038000
 35.000    0.196000    0.032000
 45.000    0.208000    0.027000
 55.000    0.307000    0.024000
 65.000    0.296000    0.022000
 75.000    0.320000    0.020000
 85.000    0.362000    0.019000
 95.000    0.283000    0.019000
105.000    0.309000    0.019000
115.000    0.272000    0.019000
125.000    0.236000    0.020000
135.000    0.170000    0.022000
145.000    0.132000    0.024000
155.000    0.092000    0.028000
165.000    0.001000    0.036000
175.000   -0.006000    0.065000
------------------------------------------
E =  900.000 MeV, Wght = 1.00, Syst = 0.05
  5.000    0.214000    0.122000
 15.000    0.065000    0.067000
 25.000    0.175000    0.050000
 35.000    0.133000    0.041000
 45.000    0.187000    0.035000
 55.000    0.276000    0.030000
 65.000    0.252000    0.028000
 75.000    0.339000    0.026000
 85.000    0.361000    0.025000
 95.000    0.333000    0.024000
105.000    0.347000    0.024000
115.000    0.264000    0.024000
125.000    0.299000    0.026000
135.000    0.213000    0.027000
145.000    0.123000    0.031000
155.000    0.052000    0.036000
165.000   -0.049000    0.047000
175.000   -0.080000    0.077000
------------------------------------------
E =  910.000 MeV, Wght = 1.00, Syst = 0.05
  5.000   -0.020000    0.119000
 15.000    0.091000    0.067000
 25.000    0.147000    0.049000
 35.000    0.227000    0.040000
 45.000    0.276000    0.034000
 55.000    0.293000    0.030000
 65.000    0.277000    0.026000
 75.000    0.310000    0.025000
 85.000    0.340000    0.023000
 95.000    0.312000    0.023000
105.000    0.340000    0.023000
115.000    0.321000    0.023000
125.000    0.262000    0.024000
135.000    0.225000    0.026000
145.000    0.123000    0.029000
155.000    0.082000    0.034000
165.000    0.017000    0.044000
175.000   -0.010000    0.076000
------------------------------------------
E =  920.000 MeV, Wght = 1.00, Syst = 0.05
  5.000   -0.090000    0.116000
 15.000   -0.055000    0.066000
 25.000    0.155000    0.048000
 35.000    0.212000    0.039000
 45.000    0.246000    0.032000
 55.000    0.331000    0.028000
 65.000    0.352000    0.026000
 75.000    0.341000    0.024000
 85.000    0.350000    0.023000
 95.000    0.353000    0.022000
105.000    0.354000    0.022000
115.000    0.293000    0.022000
125.000    0.279000    0.023000
135.000    0.212000    0.025000
145.000    0.126000    0.028000
155.000    0.065000    0.033000
165.000    0.036000    0.042000
175.000   -0.018000    0.075000
------------------------------------------
E =  930.000 MeV, Wght = 1.00, Syst = 0.05
  5.000   -0.005000    0.116000
 15.000   -0.020000    0.068000
 25.000    0.211000    0.048000
 35.000    0.235000    0.038000
 45.000    0.297000    0.032000
 55.000    0.302000    0.027000
 65.000    0.294000    0.025000
 75.000    0.366000    0.023000
 85.000    0.358000    0.022000
 95.000    0.390000    0.021000
105.000    0.335000    0.021000
115.000    0.315000    0.021000
125.000    0.271000    0.022000
135.000    0.206000    0.024000
145.000    0.149000    0.027000
155.000    0.041000    0.031000
165.000   -0.003000    0.040000
175.000    0.028000    0.070000
------------------------------------------
E =  940.000 MeV, Wght = 1.00, Syst = 0.05
  5.000    0.151000    0.129000
 15.000   -0.012000    0.065000
 25.000    0.136000    0.047000
 35.000    0.188000    0.037000
 45.000    0.304000    0.031000
 55.000    0.383000    0.027000
 65.000    0.366000    0.024000
 75.000    0.371000    0.022000
 85.000    0.377000    0.021000
 95.000    0.359000    0.020000
105.000    0.363000    0.020000
115.000    0.328000    0.020000
125.000    0.303000    0.022000
135.000    0.242000    0.023000
145.000    0.121000    0.026000
155.000    0.076000    0.031000
165.000    0.089000    0.039000
175.000   -0.037000    0.068000
------------------------------------------
E =  950.000 MeV, Wght = 1.00, Syst = 0.05
  5.000   -0.064000    0.129000
 15.000    0.069000    0.067000
 25.000    0.184000    0.047000
 35.000    0.218000    0.037000
 45.000    0.267000    0.030000
 55.000    0.336000    0.026000
 65.000    0.359000    0.023000
 75.000    0.353000    0.021000
 85.000    0.377000    0.020000
 95.000    0.416000    0.020000
105.000    0.341000    0.019000
115.000    0.316000    0.020000
125.000    0.296000    0.021000
135.000    0.241000    0.022000
145.000    0.183000    0.025000
155.000    0.062000    0.030000
165.000    0.048000    0.038000
175.000   -0.034000    0.066000
------------------------------------------
E =  960.000 MeV, Wght = 1.00, Syst = 0.05
  5.000   -0.048000    0.166000
 15.000    0.145000    0.086000
 25.000    0.211000    0.062000
 35.000    0.214000    0.047000
 45.000    0.322000    0.039000
 55.000    0.395000    0.033000
 65.000    0.297000    0.029000
 75.000    0.329000    0.027000
 85.000    0.343000    0.025000
 95.000    0.408000    0.025000
105.000    0.374000    0.025000
115.000    0.312000    0.025000
125.000    0.310000    0.026000
135.000    0.214000    0.028000
145.000    0.213000    0.032000
155.000    0.102000    0.038000
165.000   -0.012000    0.049000
175.000   -0.066000    0.085000
------------------------------------------
E =  970.000 MeV, Wght = 1.00, Syst = 0.05
  5.000   -0.101000    0.158000
 15.000    0.107000    0.081000
 25.000    0.278000    0.059000
 35.000    0.343000    0.045000
 45.000    0.397000    0.037000
 55.000    0.409000    0.031000
 65.000    0.351000    0.028000
 75.000    0.373000    0.026000
 85.000    0.392000    0.024000
 95.000    0.340000    0.023000
105.000    0.370000    0.023000
115.000    0.340000    0.024000
125.000    0.304000    0.025000
135.000    0.225000    0.027000
145.000    0.207000    0.030000
155.000    0.087000    0.036000
165.000    0.111000    0.047000
175.000    0.077000    0.081000
------------------------------------------
E =  980.000 MeV, Wght = 1.00, Syst = 0.05
  5.000    0.251000    0.153000
 15.000    0.180000    0.083000
 25.000    0.289000    0.056000
 35.000    0.391000    0.043000
 45.000    0.425000    0.035000
 55.000    0.394000    0.030000
 65.000    0.427000    0.027000
 75.000    0.410000    0.024000
 85.000    0.384000    0.023000
 95.000    0.384000    0.022000
105.000    0.390000    0.022000
115.000    0.346000    0.023000
125.000    0.321000    0.024000
135.000    0.215000    0.026000
145.000    0.237000    0.029000
155.000    0.121000    0.034000
165.000    0.097000    0.045000
175.000   -0.032000    0.076000
------------------------------------------
E =  990.000 MeV, Wght = 1.00, Syst = 0.05
  5.000   -0.111000    0.153000
 15.000    0.243000    0.080000
 25.000    0.236000    0.054000
 35.000    0.425000    0.042000
 45.000    0.391000    0.034000
 55.000    0.453000    0.028000
 65.000    0.430000    0.025000
 75.000    0.422000    0.023000
 85.000    0.395000    0.022000
 95.000    0.399000    0.021000
105.000    0.353000    0.021000
115.000    0.396000    0.022000
125.000    0.302000    0.023000
135.000    0.228000    0.025000
145.000    0.176000    0.028000
155.000    0.086000    0.034000
165.000    0.042000    0.044000
175.000    0.129000    0.077000
------------------------------------------
E = 1000.000 MeV, Wght = 1.00, Syst = 0.05
  5.000   -0.213000    0.150000
 15.000    0.207000    0.077000
 25.000    0.474000    0.052000
 35.000    0.469000    0.040000
 45.000    0.498000    0.032000
 55.000    0.446000    0.027000
 65.000    0.490000    0.024000
 75.000    0.446000    0.022000
 85.000    0.418000    0.021000
 95.000    0.393000    0.021000
105.000    0.385000    0.021000
115.000    0.299000    0.021000
125.000    0.309000    0.022000
135.000    0.215000    0.024000
145.000    0.159000    0.028000
155.000    0.084000    0.033000
165.000    0.030000    0.043000
175.000   -0.050000    0.074000
------------------------------------------
E = 1010.000 MeV, Wght = 1.00, Syst = 0.05
  5.000   -0.097000    0.150000
 15.000    0.289000    0.072000
 25.000    0.444000    0.048000
 35.000    0.523000    0.038000
 45.000    0.571000    0.030000
 55.000    0.559000    0.026000
 65.000    0.512000    0.023000
 75.000    0.467000    0.021000
 85.000    0.410000    0.020000
 95.000    0.385000    0.020000
105.000    0.383000    0.020000
115.000    0.351000    0.021000
125.000    0.299000    0.022000
135.000    0.202000    0.024000
145.000    0.191000    0.027000
155.000    0.118000    0.032000
165.000    0.015000    0.043000
175.000   -0.028000    0.074000
------------------------------------------
E = 1020.000 MeV, Wght = 1.00, Syst = 0.05
  5.000    0.491000    0.188000
 15.000    0.388000    0.098000
 25.000    0.540000    0.064000
 35.000    0.630000    0.050000
 45.000    0.647000    0.040000
 55.000    0.570000    0.035000
 65.000    0.570000    0.031000
 75.000    0.463000    0.029000
 85.000    0.418000    0.028000
 95.000    0.404000    0.027000
105.000    0.319000    0.028000
115.000    0.323000    0.029000
125.000    0.290000    0.030000
135.000    0.231000    0.033000
145.000    0.135000    0.038000
155.000    0.105000    0.046000
165.000   -0.090000    0.061000
175.000    0.041000    0.110000
------------------------------------------
E = 1030.000 MeV, Wght = 1.00, Syst = 0.05
  5.000    0.157000    0.167000
 15.000    0.389000    0.084000
 25.000    0.459000    0.057000
 35.000    0.523000    0.044000
 45.000    0.675000    0.036000
 55.000    0.695000    0.032000
 65.000    0.602000    0.029000
 75.000    0.551000    0.027000
 85.000    0.463000    0.026000
 95.000    0.434000    0.025000
105.000    0.361000    0.026000
115.000    0.376000    0.027000
125.000    0.339000    0.029000
135.000    0.161000    0.032000
145.000    0.163000    0.036000
155.000    0.045000    0.045000
165.000    0.070000    0.059000
175.000   -0.120000    0.101000
------------------------------------------
E = 1040.000 MeV, Wght = 1.00, Syst = 0.05
  5.000    0.181000    0.143000
 15.000    0.299000    0.074000
 25.000    0.605000    0.051000
 35.000    0.638000    0.039000
 45.000    0.694000    0.033000
 55.000    0.679000    0.029000
 65.000    0.636000    0.026000
 75.000    0.536000    0.025000
 85.000    0.440000    0.024000
 95.000    0.412000    0.024000
105.000    0.321000    0.024000
115.000    0.302000    0.026000
125.000    0.237000    0.027000
135.000    0.186000    0.031000
145.000    0.115000    0.035000
155.000    0.137000    0.043000
165.000    0.029000    0.057000
175.000    0.060000    0.101000
------------------------------------------
E = 1050.000 MeV, Wght = 1.00, Syst = 0.05
  5.000    0.053000    0.125000
 15.000    0.357000    0.063000
 25.000    0.545000    0.045000
 35.000    0.697000    0.036000
 45.000    0.715000    0.030000
 55.000    0.718000    0.026000
 65.000    0.620000    0.024000
 75.000    0.566000    0.023000
 85.000    0.493000    0.022000
 95.000    0.444000    0.022000
105.000    0.315000    0.022000
115.000    0.292000    0.024000
125.000    0.257000    0.026000
135.000    0.153000    0.029000
145.000    0.120000    0.033000
155.000    0.103000    0.041000
165.000   -0.017000    0.055000
175.000   -0.057000    0.101000
------------------------------------------
E = 1060.000 MeV, Wght = 1.00, Syst = 0.05
  5.000    0.095000    0.110000
 15.000    0.306000    0.057000
 25.000    0.468000    0.039000
 35.000    0.665000    0.032000
 45.000    0.702000    0.027000
 55.000    0.736000    0.024000
 65.000    0.669000    0.022000
 75.000    0.564000    0.021000
 85.000    0.505000    0.020000
 95.000    0.384000    0.020000
105.000    0.303000    0.021000
115.000    0.235000    0.022000
125.000    0.182000    0.024000
135.000    0.115000    0.027000
145.000    0.088000    0.031000
155.000    0.064000    0.039000
165.000    0.024000    0.052000
175.000   -0.005000    0.093000
------------------------------------------
E = 1070.000 MeV, Wght = 1.00, Syst = 0.05
  5.000    0.039000    0.096000
 15.000    0.309000    0.051000
 25.000    0.487000    0.036000
 35.000    0.700000    0.029000
 45.000    0.727000    0.025000
 55.000    0.738000    0.022000
 65.000    0.682000    0.020000
 75.000    0.554000    0.019000
 85.000    0.486000    0.019000
 95.000    0.432000    0.019000
105.000    0.321000    0.020000
115.000    0.247000    0.021000
125.000    0.168000    0.023000
135.000    0.116000    0.026000
145.000    0.065000    0.030000
155.000   -0.005000    0.037000
165.000    0.051000    0.050000
175.000   -0.044000    0.086000
------------------------------------------
E = 1080.000 MeV, Wght = 1.00, Syst = 0.05
  5.000   -0.011000    0.140000
 15.000    0.159000    0.076000
 25.000    0.479000    0.055000
 35.000    0.698000    0.044000
 45.000    0.761000    0.037000
 55.000    0.725000    0.034000
 65.000    0.667000    0.031000
 75.000    0.570000    0.029000
 85.000    0.499000    0.029000
 95.000    0.425000    0.030000
105.000    0.306000    0.031000
115.000    0.190000    0.033000
125.000    0.134000    0.036000
135.000    0.144000    0.040000
145.000   -0.028000    0.048000
155.000   -0.050000    0.059000
165.000    0.097000    0.081000
175.000    0.132000    0.140000
------------------------------------------
E = 1090.000 MeV, Wght = 1.00, Syst = 0.05
  5.000    0.102000    0.125000
 15.000    0.185000    0.068000
 25.000    0.569000    0.049000
 35.000    0.619000    0.039000
 45.000    0.704000    0.034000
 55.000    0.685000    0.030000
 65.000    0.644000    0.028000
 75.000    0.604000    0.027000
 85.000    0.508000    0.026000
 95.000    0.364000    0.027000
105.000    0.342000    0.028000
115.000    0.195000    0.030000
125.000    0.109000    0.033000
135.000   -0.011000    0.038000
145.000   -0.007000    0.044000
155.000   -0.072000    0.054000
165.000    0.002000    0.076000
175.000   -0.123000    0.134000
------------------------------------------
E = 1100.000 MeV, Wght = 1.00, Syst = 0.05
  5.000    0.273000    0.110000
 15.000    0.343000    0.059000
 25.000    0.422000    0.044000
 35.000    0.629000    0.035000
 45.000    0.755000    0.031000
 55.000    0.729000    0.028000
 65.000    0.721000    0.026000
 75.000    0.615000    0.025000
 85.000    0.487000    0.024000
 95.000    0.403000    0.025000
105.000    0.356000    0.026000
115.000    0.224000    0.028000
125.000    0.131000    0.030000
135.000    0.053000    0.035000
145.000   -0.024000    0.041000
155.000    0.075000    0.051000
165.000    0.173000    0.069000
175.000    0.126000    0.128000
------------------------------------------
E = 1110.000 MeV, Wght = 1.00, Syst = 0.05
  5.000    0.039000    0.097000
 15.000    0.340000    0.054000
 25.000    0.483000    0.039000
 35.000    0.666000    0.032000
 45.000    0.772000    0.028000
 55.000    0.720000    0.026000
 65.000    0.649000    0.024000
 75.000    0.599000    0.023000
 85.000    0.539000    0.023000
 95.000    0.404000    0.023000
105.000    0.302000    0.024000
115.000    0.245000    0.026000
125.000    0.101000    0.029000
135.000    0.073000    0.033000
145.000    0.079000    0.038000
155.000    0.014000    0.048000
175.000   -0.046000    0.122000
------------------------------------------
E = 1120.000 MeV, Wght = 1.00, Syst = 0.05
  5.000    0.004000    0.090000
 15.000    0.261000    0.050000
 25.000    0.481000    0.036000
 35.000    0.556000    0.029000
 45.000    0.683000    0.026000
 55.000    0.743000    0.024000
 65.000    0.698000    0.022000
 75.000    0.610000    0.021000
 85.000    0.498000    0.021000
 95.000    0.424000    0.021000
105.000    0.271000    0.022000
115.000    0.234000    0.024000
125.000    0.172000    0.027000
135.000    0.068000    0.031000
145.000    0.029000    0.037000
155.000    0.065000    0.046000
165.000    0.062000    0.063000
175.000    0.151000    0.115000
------------------------------------------
E = 1130.000 MeV, Wght = 1.00, Syst = 0.05
  5.000   -0.024000    0.082000
 15.000    0.206000    0.046000
 25.000    0.479000    0.033000
 35.000    0.661000    0.027000
 45.000    0.701000    0.024000
 55.000    0.771000    0.022000
 65.000    0.684000    0.021000
 75.000    0.584000    0.020000
 85.000    0.537000    0.019000
 95.000    0.445000    0.020000
105.000    0.322000    0.021000
115.000    0.206000    0.023000
125.000    0.117000    0.025000
135.000    0.068000    0.029000
145.000    0.044000    0.035000
155.000    0.056000    0.044000
165.000    0.053000    0.060000
175.000    0.031000    0.117000
------------------------------------------
E = 1140.000 MeV, Wght = 1.00, Syst = 0.05
  5.000    0.063000    0.125000
 15.000    0.189000    0.069000
 25.000    0.443000    0.050000
 35.000    0.639000    0.041000
 45.000    0.796000    0.037000
 55.000    0.752000    0.034000
 65.000    0.732000    0.032000
 75.000    0.573000    0.030000
 85.000    0.622000    0.030000
 95.000    0.487000    0.031000
105.000    0.297000    0.033000
115.000    0.267000    0.036000
125.000    0.217000    0.040000
135.000    0.099000    0.046000
145.000    0.038000    0.055000
155.000    0.053000    0.070000
165.000   -0.001000    0.097000
175.000    0.001000    0.185000
------------------------------------------
E = 1150.000 MeV, Wght = 1.00, Syst = 0.05
  5.000    0.204000    0.111000
 15.000    0.273000    0.062000
 25.000    0.427000    0.045000
 35.000    0.589000    0.038000
 45.000    0.713000    0.033000
 55.000    0.700000    0.030000
 65.000    0.665000    0.029000
 75.000    0.659000    0.028000
 85.000    0.591000    0.027000
 95.000    0.493000    0.028000
105.000    0.384000    0.030000
115.000    0.325000    0.033000
125.000    0.135000    0.037000
135.000   -0.014000    0.042000
145.000   -0.055000    0.051000
155.000   -0.011000    0.065000
165.000    0.130000    0.089000
175.000   -0.055000    0.168000
------------------------------------------
E = 1160.000 MeV, Wght = 1.00, Syst = 0.05
  5.000   -0.025000    0.104000
 15.000    0.238000    0.056000
 25.000    0.397000    0.041000
 35.000    0.599000    0.034000
 45.000    0.708000    0.030000
 55.000    0.725000    0.028000
 65.000    0.775000    0.026000
 75.000    0.700000    0.025000
 85.000    0.589000    0.025000
 95.000    0.488000    0.026000
105.000    0.357000    0.028000
115.000    0.231000    0.030000
125.000    0.085000    0.034000
135.000    0.137000    0.039000
145.000    0.074000    0.047000
155.000    0.076000    0.061000
165.000    0.136000    0.085000
175.000   -0.292000    0.156000
------------------------------------------
E = 1170.000 MeV, Wght = 1.00, Syst = 0.05
  5.000    0.073000    0.089000
 15.000    0.289000    0.050000
 25.000    0.413000    0.038000
 35.000    0.618000    0.031000
 45.000    0.690000    0.028000
 55.000    0.689000    0.026000
 65.000    0.690000    0.025000
 75.000    0.626000    0.024000
 85.000    0.587000    0.023000
 95.000    0.510000    0.024000
105.000    0.378000    0.026000
115.000    0.298000    0.028000
125.000    0.178000    0.032000
135.000    0.109000    0.037000
145.000    0.091000    0.046000
155.000    0.035000    0.058000
165.000    0.076000    0.082000
175.000   -0.118000    0.153000
------------------------------------------
E = 1180.000 MeV, Wght = 1.00, Syst = 0.05
  5.000   -0.006000    0.085000
 15.000    0.305000    0.047000
 25.000    0.403000    0.035000
 35.000    0.563000    0.029000
 45.000    0.722000    0.026000
 55.000    0.746000    0.024000
 65.000    0.696000    0.023000
 75.000    0.628000    0.022000
 85.000    0.592000    0.022000
 95.000    0.474000    0.022000
105.000    0.419000    0.024000
115.000    0.275000    0.026000
125.000    0.181000    0.030000
135.000    0.090000    0.035000
145.000    0.049000    0.042000
155.000    0.095000    0.054000
165.000    0.044000    0.078000
175.000    0.064000    0.141000
------------------------------------------
E = 1190.000 MeV, Wght = 1.00, Syst = 0.05
  5.000   -0.114000    0.079000
 15.000    0.241000    0.044000
 25.000    0.457000    0.032000
 35.000    0.598000    0.027000
 45.000    0.671000    0.024000
 55.000    0.724000    0.023000
 65.000    0.760000    0.022000
 75.000    0.662000    0.021000
 85.000    0.592000    0.020000
 95.000    0.546000    0.021000
105.000    0.415000    0.022000
115.000    0.254000    0.025000
125.000    0.240000    0.028000
135.000    0.149000    0.033000
145.000    0.096000    0.040000
155.000    0.032000    0.051000
165.000    0.048000    0.072000
175.000   -0.114000    0.133000
------------------------------------------
E = 1200.000 MeV, Wght = 1.00, Syst = 0.05
  5.000   -0.209000    0.121000
 15.000    0.179000    0.066000
 25.000    0.413000    0.049000
 35.000    0.574000    0.041000
 45.000    0.622000    0.036000
 55.000    0.702000    0.034000
 65.000    0.710000    0.033000
 75.000    0.642000    0.031000
 85.000    0.639000    0.031000
 95.000    0.534000    0.032000
105.000    0.436000    0.034000
115.000    0.341000    0.038000
125.000    0.154000    0.044000
135.000    0.102000    0.051000
145.000    0.080000    0.062000
155.000    0.093000    0.079000
165.000    0.069000    0.114000
175.000    0.068000    0.204000
------------------------------------------
E = 1210.000 MeV, Wght = 1.00, Syst = 0.05
  5.000    0.053000    0.108000
 15.000    0.117000    0.060000
 25.000    0.459000    0.045000
 35.000    0.562000    0.037000
 45.000    0.671000    0.033000
 55.000    0.781000    0.031000
 65.000    0.728000    0.030000
 75.000    0.750000    0.029000
 85.000    0.592000    0.028000
 95.000    0.498000    0.029000
105.000    0.482000    0.031000
115.000    0.361000    0.035000
125.000    0.218000    0.040000
135.000    0.240000    0.047000
145.000    0.095000    0.058000
155.000   -0.008000    0.074000
165.000   -0.122000    0.106000
175.000    0.161000    0.195000
------------------------------------------
E = 1220.000 MeV, Wght = 1.00, Syst = 0.05
  5.000    0.071000    0.101000
 15.000    0.206000    0.055000
 25.000    0.395000    0.041000
 35.000    0.599000    0.034000
 45.000    0.680000    0.031000
 55.000    0.716000    0.029000
 65.000    0.772000    0.028000
 75.000    0.725000    0.027000
 85.000    0.616000    0.026000
 95.000    0.588000    0.027000
105.000    0.467000    0.029000
115.000    0.343000    0.032000
125.000    0.250000    0.037000
135.000    0.156000    0.044000
145.000    0.056000    0.054000
155.000    0.061000    0.069000
165.000    0.022000    0.097000
175.000    0.084000    0.185000
------------------------------------------
E = 1230.000 MeV, Wght = 1.00, Syst = 0.05
  5.000    0.034000    0.091000
 15.000    0.216000    0.051000
 25.000    0.433000    0.038000
 35.000    0.570000    0.031000
 45.000    0.712000    0.029000
 55.000    0.739000    0.027000
 65.000    0.722000    0.025000
 75.000    0.716000    0.025000
 85.000    0.647000    0.024000
 95.000    0.535000    0.025000
105.000    0.478000    0.027000
115.000    0.421000    0.030000
125.000    0.268000    0.034000
135.000    0.186000    0.040000
145.000    0.139000    0.049000
155.000    0.056000    0.066000
165.000    0.050000    0.095000
175.000    0.094000    0.183000
------------------------------------------
E = 1240.000 MeV, Wght = 1.00, Syst = 0.05
  5.000    0.021000    0.086000
 15.000    0.136000    0.047000
 25.000    0.460000    0.035000
 35.000    0.606000    0.029000
 45.000    0.680000    0.027000
 55.000    0.711000    0.025000
 65.000    0.719000    0.024000
 75.000    0.718000    0.023000
 85.000    0.660000    0.023000
 95.000    0.612000    0.024000
105.000    0.501000    0.025000
115.000    0.351000    0.028000
125.000    0.237000    0.032000
135.000    0.235000    0.038000
145.000    0.079000    0.047000
155.000    0.071000    0.059000
165.000    0.085000    0.087000
175.000   -0.405000    0.174000
------------------------------------------
E = 1250.000 MeV, Wght = 1.00, Syst = 0.05
  5.000    0.046000    0.080000
 15.000    0.237000    0.045000
 25.000    0.472000    0.033000
 35.000    0.605000    0.028000
 45.000    0.695000    0.025000
 55.000    0.752000    0.024000
 65.000    0.731000    0.023000
 75.000    0.721000    0.022000
 85.000    0.662000    0.022000
 95.000    0.548000    0.022000
105.000    0.461000    0.024000
115.000    0.415000    0.026000
125.000    0.262000    0.030000
135.000    0.204000    0.036000
145.000    0.110000    0.044000
155.000    0.258000    0.058000
165.000   -0.024000    0.083000
175.000    0.018000    0.159000
------------------------------------------
E = 1260.000 MeV, Wght = 1.00, Syst = 0.05
  5.000    0.167000    0.120000
 15.000    0.224000    0.067000
 25.000    0.413000    0.049000
 35.000    0.663000    0.041000
 45.000    0.696000    0.038000
 55.000    0.758000    0.035000
 65.000    0.704000    0.034000
 75.000    0.738000    0.033000
 85.000    0.684000    0.032000
 95.000    0.560000    0.033000
105.000    0.473000    0.036000
115.000    0.470000    0.040000
125.000    0.331000    0.046000
135.000    0.240000    0.054000
145.000    0.176000    0.067000
155.000    0.110000    0.087000
165.000   -0.034000    0.127000
175.000    0.048000    0.231000
------------------------------------------
E = 1270.000 MeV, Wght = 1.00, Syst = 0.05
  5.000    0.030000    0.110000
 15.000    0.148000    0.061000
 25.000    0.406000    0.046000
 35.000    0.622000    0.038000
 45.000    0.713000    0.034000
 55.000    0.708000    0.032000
 65.000    0.728000    0.031000
 75.000    0.753000    0.030000
 85.000    0.701000    0.030000
 95.000    0.587000    0.031000
105.000    0.505000    0.033000
115.000    0.412000    0.037000
125.000    0.329000    0.042000
135.000    0.262000    0.050000
145.000    0.286000    0.062000
155.000    0.184000    0.080000
165.000   -0.116000    0.114000
175.000    0.180000    0.224000
------------------------------------------
E = 1280.000 MeV, Wght = 1.00, Syst = 0.05
  5.000   -0.034000    0.099000
 15.000    0.216000    0.056000
 25.000    0.501000    0.042000
 35.000    0.574000    0.035000
 45.000    0.726000    0.032000
 55.000    0.763000    0.030000
 65.000    0.732000    0.029000
 75.000    0.739000    0.028000
 85.000    0.710000    0.028000
 95.000    0.637000    0.028000
105.000    0.565000    0.031000
115.000    0.363000    0.034000
125.000    0.319000    0.039000
135.000    0.197000    0.046000
145.000    0.165000    0.056000
155.000    0.173000    0.074000
165.000   -0.032000    0.108000
175.000   -0.258000    0.191000
------------------------------------------
E = 1290.000 MeV, Wght = 1.00, Syst = 0.05
  5.000    0.075000    0.095000
 15.000    0.190000    0.052000
 25.000    0.461000    0.039000
 35.000    0.581000    0.032000
 45.000    0.702000    0.029000
 55.000    0.755000    0.028000
 65.000    0.709000    0.027000
 75.000    0.693000    0.026000
 85.000    0.660000    0.026000
 95.000    0.555000    0.026000
105.000    0.543000    0.029000
115.000    0.472000    0.031000
125.000    0.362000    0.036000
135.000    0.133000    0.042000
145.000    0.110000    0.051000
155.000    0.038000    0.068000
165.000    0.112000    0.099000
175.000   -0.026000    0.178000
------------------------------------------
E = 1300.000 MeV, Wght = 1.00, Syst = 0.05
  5.000    0.015000    0.087000
 15.000    0.229000    0.048000
 25.000    0.429000    0.036000
 35.000    0.577000    0.031000
 45.000    0.743000    0.028000
 55.000    0.769000    0.026000
 65.000    0.723000    0.025000
 75.000    0.737000    0.024000
 85.000    0.685000    0.024000
 95.000    0.595000    0.025000
105.000    0.494000    0.026000
115.000    0.435000    0.030000
125.000    0.372000    0.034000
135.000    0.277000    0.040000
145.000    0.170000    0.049000
155.000    0.062000    0.064000
165.000   -0.038000    0.090000
175.000   -0.116000    0.180000
------------------------------------------
E = 1310.000 MeV, Wght = 1.00, Syst = 0.05
  5.000    0.241000    0.083000
 15.000    0.126000    0.046000
 25.000    0.416000    0.034000
 35.000    0.575000    0.029000
 45.000    0.686000    0.026000
 55.000    0.738000    0.025000
 65.000    0.771000    0.024000
 75.000    0.732000    0.023000
 85.000    0.718000    0.023000
 95.000    0.633000    0.024000
105.000    0.548000    0.025000
115.000    0.435000    0.028000
125.000    0.325000    0.032000
135.000    0.186000    0.037000
145.000    0.166000    0.046000
155.000    0.112000    0.059000
165.000   -0.044000    0.089000
175.000   -0.050000    0.175000
------------------------------------------
E = 1320.000 MeV, Wght = 1.00, Syst = 0.05
  5.000    0.206000    0.124000
 15.000    0.283000    0.070000
 25.000    0.467000    0.052000
 35.000    0.567000    0.043000
 45.000    0.740000    0.038000
 55.000    0.700000    0.036000
 65.000    0.733000    0.035000
 75.000    0.695000    0.034000
 85.000    0.684000    0.034000
 95.000    0.670000    0.036000
105.000    0.477000    0.038000
115.000    0.450000    0.042000
125.000    0.363000    0.048000
135.000    0.181000    0.056000
145.000    0.177000    0.068000
155.000    0.102000    0.090000
165.000    0.170000    0.129000
175.000    0.314000    0.251000
------------------------------------------
E = 1330.000 MeV, Wght = 1.00, Syst = 0.05
  5.000   -0.016000    0.117000
 15.000    0.326000    0.064000
 25.000    0.488000    0.047000
 35.000    0.494000    0.039000
 45.000    0.679000    0.036000
 55.000    0.718000    0.034000
 65.000    0.763000    0.032000
 75.000    0.757000    0.032000
 85.000    0.688000    0.031000
 95.000    0.642000    0.033000
105.000    0.484000    0.035000
115.000    0.430000    0.038000
125.000    0.256000    0.044000
135.000    0.315000    0.051000
145.000    0.198000    0.063000
155.000    0.018000    0.081000
165.000    0.202000    0.122000
175.000   -0.200000    0.214000
------------------------------------------
E = 1340.000 MeV, Wght = 1.00, Syst = 0.05
  5.000   -0.113000    0.108000
 15.000    0.241000    0.059000
 25.000    0.404000    0.043000
 35.000    0.590000    0.036000
 45.000    0.692000    0.033000
 55.000    0.708000    0.031000
 65.000    0.792000    0.030000
 75.000    0.732000    0.030000
 85.000    0.695000    0.029000
 95.000    0.583000    0.030000
105.000    0.569000    0.032000
115.000    0.459000    0.036000
125.000    0.285000    0.041000
135.000    0.182000    0.047000
145.000    0.045000    0.058000
155.000    0.043000    0.074000
165.000   -0.085000    0.113000
175.000   -0.046000    0.209000
------------------------------------------
E = 1350.000 MeV, Wght = 1.00, Syst = 0.05
  5.000    0.193000    0.103000
 15.000    0.212000    0.055000
 25.000    0.417000    0.040000
 35.000    0.524000    0.033000
 45.000    0.637000    0.030000
 55.000    0.681000    0.029000
 65.000    0.728000    0.028000
 75.000    0.749000    0.027000
 85.000    0.716000    0.028000
 95.000    0.638000    0.028000
105.000    0.575000    0.030000
115.000    0.381000    0.033000
125.000    0.273000    0.038000
135.000    0.250000    0.044000
145.000    0.097000    0.054000
155.000    0.061000    0.071000
165.000    0.145000    0.104000
175.000   -0.040000    0.203000
------------------------------------------
E = 1360.000 MeV, Wght = 1.00, Syst = 0.05
  5.000    0.189000    0.095000
 15.000    0.215000    0.051000
 25.000    0.452000    0.038000
 35.000    0.623000    0.031000
 45.000    0.686000    0.029000
 55.000    0.725000    0.027000
 65.000    0.787000    0.027000
 75.000    0.751000    0.026000
 85.000    0.676000    0.026000
 95.000    0.597000    0.027000
105.000    0.545000    0.029000
115.000    0.384000    0.031000
125.000    0.288000    0.036000
135.000    0.171000    0.041000
145.000    0.136000    0.051000
155.000    0.145000    0.068000
165.000    0.105000    0.100000
175.000   -0.136000    0.187000
------------------------------------------
E = 1370.000 MeV, Wght = 1.00, Syst = 0.05
  5.000    0.003000    0.090000
 15.000    0.149000    0.048000
 25.000    0.478000    0.036000
 35.000    0.612000    0.030000
 45.000    0.641000    0.027000
 55.000    0.716000    0.026000
 65.000    0.696000    0.025000
 75.000    0.685000    0.025000
 85.000    0.673000    0.024000
 95.000    0.642000    0.025000
105.000    0.530000    0.027000
115.000    0.470000    0.030000
125.000    0.308000    0.034000
135.000    0.242000    0.040000
145.000    0.059000    0.048000
155.000    0.081000    0.063000
165.000   -0.046000    0.092000
175.000    0.133000    0.179000
------------------------------------------
E = 1380.000 MeV, Wght = 1.00, Syst = 0.05
  5.000   -0.088000    0.132000
 15.000    0.271000    0.072000
 25.000    0.352000    0.052000
 35.000    0.561000    0.044000
 45.000    0.608000    0.040000
 55.000    0.721000    0.038000
 65.000    0.698000    0.037000
 75.000    0.654000    0.036000
 85.000    0.742000    0.036000
 95.000    0.599000    0.037000
105.000    0.572000    0.040000
115.000    0.414000    0.045000
125.000    0.265000    0.050000
135.000    0.027000    0.058000
145.000    0.114000    0.072000
155.000    0.014000    0.096000
165.000    0.063000    0.135000
175.000    0.118000    0.289000
------------------------------------------
E = 1390.000 MeV, Wght = 1.00, Syst = 0.05
  5.000    0.171000    0.125000
 15.000    0.185000    0.067000
 25.000    0.446000    0.048000
 35.000    0.585000    0.040000
 45.000    0.673000    0.036000
 55.000    0.763000    0.035000
 65.000    0.708000    0.034000
 75.000    0.753000    0.033000
 85.000    0.708000    0.033000
 95.000    0.631000    0.034000
105.000    0.523000    0.037000
115.000    0.376000    0.041000
125.000    0.412000    0.047000
135.000    0.165000    0.054000
145.000    0.085000    0.066000
155.000    0.073000    0.089000
165.000    0.060000    0.137000
175.000    0.105000    0.258000
------------------------------------------
E = 1400.000 MeV, Wght = 1.00, Syst = 0.05
  5.000    0.135000    0.113000
 15.000    0.301000    0.061000
 25.000    0.403000    0.044000
 35.000    0.577000    0.036000
 45.000    0.612000    0.034000
 55.000    0.669000    0.032000
 65.000    0.758000    0.031000
 75.000    0.721000    0.031000
 85.000    0.683000    0.031000
 95.000    0.634000    0.032000
105.000    0.584000    0.035000
115.000    0.434000    0.038000
125.000    0.317000    0.044000
135.000    0.181000    0.051000
145.000    0.168000    0.063000
155.000    0.135000    0.083000
165.000   -0.068000    0.130000
175.000   -0.120000    0.273000
------------------------------------------
E = 1410.000 MeV, Wght = 1.00, Syst = 0.05
  5.000    0.072000    0.105000
 15.000    0.265000    0.056000
 25.000    0.359000    0.041000
 35.000    0.595000    0.034000
 45.000    0.652000    0.031000
 55.000    0.682000    0.030000
 65.000    0.706000    0.029000
 75.000    0.708000    0.029000
 85.000    0.653000    0.029000
 95.000    0.556000    0.030000
105.000    0.537000    0.032000
115.000    0.489000    0.036000
125.000    0.270000    0.042000
135.000    0.206000    0.048000
145.000    0.115000    0.059000
155.000    0.084000    0.079000
165.000   -0.028000    0.117000
175.000   -0.251000    0.238000
------------------------------------------
E = 1420.000 MeV, Wght = 1.00, Syst = 0.05
  5.000   -0.082000    0.096000
 15.000    0.296000    0.051000
 25.000    0.389000    0.037000
 35.000    0.588000    0.032000
 45.000    0.658000    0.029000
 55.000    0.656000    0.028000
 65.000    0.739000    0.028000
 75.000    0.681000    0.027000
 85.000    0.659000    0.027000
 95.000    0.575000    0.028000
105.000    0.488000    0.030000
115.000    0.421000    0.034000
125.000    0.298000    0.039000
135.000    0.209000    0.046000
145.000    0.220000    0.057000
155.000    0.149000    0.077000
165.000    0.139000    0.119000
175.000    0.219000    0.245000
------------------------------------------
E = 1430.000 MeV, Wght = 1.00, Syst = 0.05
  5.000    0.172000    0.088000
 15.000    0.226000    0.049000
 25.000    0.451000    0.035000
 35.000    0.571000    0.030000
 45.000    0.647000    0.028000
 55.000    0.689000    0.027000
 65.000    0.738000    0.026000
 75.000    0.691000    0.026000
 85.000    0.653000    0.026000
 95.000    0.632000    0.027000
105.000    0.534000    0.029000
115.000    0.455000    0.032000
125.000    0.321000    0.037000
135.000    0.125000    0.043000
145.000    0.194000    0.056000
165.000    0.144000    0.114000
175.000    0.392000    0.228000
------------------------------------------
E = 1440.000 MeV, Wght = 1.00, Syst = 0.05
  5.000   -0.246000    0.128000
 15.000    0.317000    0.071000
 25.000    0.441000    0.052000
 35.000    0.593000    0.044000
 45.000    0.639000    0.040000
 55.000    0.744000    0.040000
 65.000    0.723000    0.039000
 75.000    0.785000    0.039000
 85.000    0.665000    0.038000
 95.000    0.603000    0.040000
105.000    0.529000    0.043000
115.000    0.375000    0.048000
125.000    0.336000    0.056000
135.000    0.228000    0.067000
145.000    0.298000    0.083000
155.000    0.002000    0.112000
165.000   -0.359000    0.189000
175.000   -0.464000    0.390000
------------------------------------------
E = 1450.000 MeV, Wght = 1.00, Syst = 0.05
  5.000    0.135000    0.115000
 15.000    0.160000    0.064000
 25.000    0.487000    0.047000
 35.000    0.630000    0.040000
 45.000    0.623000    0.037000
 55.000    0.689000    0.036000
 65.000    0.699000    0.036000
 75.000    0.699000    0.035000
 85.000    0.613000    0.035000
 95.000    0.571000    0.036000
105.000    0.500000    0.039000
115.000    0.364000    0.045000
125.000    0.338000    0.052000
135.000    0.244000    0.062000
145.000    0.292000    0.078000
155.000    0.210000    0.108000
165.000    0.092000    0.166000
175.000    0.801000    0.420000
------------------------------------------
E = 1460.000 MeV, Wght = 1.00, Syst = 0.05
  5.000    0.158000    0.104000
 15.000    0.271000    0.057000
 25.000    0.441000    0.043000
 35.000    0.558000    0.037000
 45.000    0.652000    0.034000
 55.000    0.701000    0.034000
 65.000    0.745000    0.033000
 75.000    0.640000    0.033000
 85.000    0.601000    0.033000
 95.000    0.594000    0.034000
105.000    0.569000    0.037000
115.000    0.401000    0.042000
125.000    0.395000    0.048000
135.000    0.319000    0.058000
145.000    0.333000    0.073000
155.000    0.186000    0.101000
165.000    0.270000    0.164000
175.000   -0.460000    0.397000
------------------------------------------
E = 1470.000 MeV, Wght = 1.00, Syst = 0.05
  5.000    0.218000    0.096000
 15.000    0.264000    0.052000
 25.000    0.453000    0.039000
 35.000    0.532000    0.034000
 45.000    0.600000    0.032000
 55.000    0.720000    0.031000
 65.000    0.790000    0.031000
 75.000    0.676000    0.031000
 85.000    0.661000    0.031000
 95.000    0.619000    0.032000
105.000    0.509000    0.035000
115.000    0.380000    0.039000
125.000    0.463000    0.046000
135.000    0.300000    0.056000
145.000    0.381000    0.070000
155.000    0.223000    0.096000
165.000    0.111000    0.160000
175.000   -0.286000    0.370000
------------------------------------------
E = 1480.000 MeV, Wght = 1.00, Syst = 0.05
  5.000   -0.021000    0.082000
 15.000    0.145000    0.048000
 25.000    0.394000    0.036000
 35.000    0.589000    0.031000
 45.000    0.676000    0.030000
 55.000    0.683000    0.029000
 65.000    0.719000    0.029000
 75.000    0.724000    0.029000
 85.000    0.646000    0.029000
 95.000    0.603000    0.030000
105.000    0.540000    0.033000
115.000    0.452000    0.037000
125.000    0.319000    0.043000
135.000    0.371000    0.052000
145.000    0.260000    0.066000
155.000    0.108000    0.092000
165.000    0.372000    0.154000
175.000   -0.144000    0.381000
------------------------------------------
E = 1490.000 MeV, Wght = 1.00, Syst = 0.05
  5.000   -0.033000    0.078000
 15.000    0.111000    0.044000
 25.000    0.396000    0.033000
 35.000    0.555000    0.029000
 45.000    0.653000    0.028000
 55.000    0.739000    0.028000
 65.000    0.690000    0.028000
 75.000    0.712000    0.028000
 85.000    0.643000    0.028000
 95.000    0.602000    0.029000
105.000    0.537000    0.031000
115.000    0.548000    0.035000
125.000    0.420000    0.041000
135.000    0.431000    0.050000
145.000    0.270000    0.063000
155.000    0.229000    0.086000
165.000    0.047000    0.146000
175.000   -0.015000    0.373000
------------------------------------------
E = 1500.000 MeV, Wght = 1.00, Syst = 0.05
  5.000    0.117000    0.115000
 15.000    0.159000    0.064000
 25.000    0.364000    0.049000
 35.000    0.556000    0.043000
 45.000    0.679000    0.041000
 55.000    0.721000    0.041000
 65.000    0.643000    0.041000
 75.000    0.707000    0.041000
 85.000    0.638000    0.041000
 95.000    0.587000    0.043000
105.000    0.562000    0.047000
115.000    0.582000    0.053000
125.000    0.629000    0.062000
135.000    0.336000    0.075000
145.000    0.382000    0.096000
155.000    0.233000    0.133000
165.000    0.180000    0.238000
175.000   -0.027000    0.732000
------------------------------------------
