E =  710.000 MeV, Wght = 1.00, Syst = 0.05
     5.0    0.2300    0.3930
    15.0   -0.1250    0.1920
    25.0   -0.2490    0.1620
    35.0    0.0740    0.1280
    45.0   -0.0520    0.1190
    55.0   -0.1510    0.1120
    65.0    0.0370    0.1020
    75.0   -0.1230    0.1000
    85.0   -0.0340    0.0980
    95.0   -0.0720    0.0960
   105.0    0.0080    0.0970
   115.0   -0.1850    0.0980
   125.0    0.1040    0.1050
   135.0    0.0590    0.1100
   145.0   -0.0570    0.1220
   155.0    0.1610    0.1470
   165.0    0.0280    0.1920
   175.0   -0.1740    0.3340
------------------------------------------
E =  720.000 MeV, Wght = 1.00, Syst = 0.05
     5.0   -0.1980    0.3370
    15.0   -0.2300    0.1770
    25.0   -0.3370    0.1400
    35.0   -0.1820    0.1180
    45.0   -0.0850    0.1020
    55.0   -0.0710    0.0950
    65.0   -0.1940    0.0890
    75.0    0.0080    0.0840
    85.0   -0.0090    0.0850
    95.0    0.0140    0.0870
   105.0   -0.0060    0.0850
   115.0   -0.2220    0.0890
   125.0   -0.0110    0.0890
   135.0   -0.0680    0.0980
   145.0    0.0400    0.1100
   155.0   -0.1560    0.1240
   165.0    0.0840    0.1590
   175.0    0.2890    0.2990
------------------------------------------
E =  730.000 MeV, Wght = 1.00, Syst = 0.05
     5.0   -0.3210    0.2580
    15.0    0.0280    0.1450
    25.0    0.2310    0.1250
    35.0    0.1040    0.1040
    45.0    0.0180    0.0870
    55.0    0.0030    0.0820
    65.0   -0.0020    0.0790
    75.0    0.0960    0.0770
    85.0    0.0810    0.0730
    95.0    0.0010    0.0720
   105.0   -0.0740    0.0730
   115.0    0.0190    0.0770
   125.0    0.0270    0.0800
   135.0   -0.0700    0.0870
   145.0    0.0430    0.0940
   155.0    0.0290    0.1140
   165.0    0.0750    0.1440
   175.0    0.1780    0.2860
------------------------------------------
E =  740.000 MeV, Wght = 1.00, Syst = 0.05
     5.0   -0.2230    0.2350
    15.0    0.2700    0.1410
    25.0    0.0170    0.1110
    35.0    0.1350    0.0900
    45.0   -0.0960    0.0810
    55.0    0.1110    0.0760
    65.0   -0.0330    0.0740
    75.0   -0.0330    0.0680
    85.0    0.0660    0.0670
    95.0    0.0470    0.0660
   105.0    0.0060    0.0670
   115.0   -0.0030    0.0700
   125.0    0.1370    0.0730
   135.0    0.0640    0.0790
   145.0    0.0220    0.0890
   155.0   -0.1280    0.1040
   165.0    0.1040    0.1310
   175.0   -0.2050    0.2400
------------------------------------------
E =  750.000 MeV, Wght = 1.00, Syst = 0.05
     5.0    0.5470    0.2640
    15.0    0.2260    0.1370
    25.0   -0.0190    0.1060
    35.0   -0.0380    0.0900
    45.0    0.0220    0.0770
    55.0    0.0360    0.0740
    65.0    0.1120    0.0680
    75.0   -0.0620    0.0660
    85.0    0.0880    0.0650
    95.0    0.0000    0.0640
   105.0    0.0430    0.0630
   115.0    0.0190    0.0650
   125.0    0.0710    0.0720
   135.0    0.0240    0.0770
   145.0    0.0470    0.0850
   155.0    0.0350    0.1000
   165.0   -0.0780    0.1320
   175.0   -0.1110    0.2250
------------------------------------------
E =  760.000 MeV, Wght = 1.00, Syst = 0.05
     5.0    0.1790    0.2590
    15.0    0.0210    0.1320
    25.0    0.0760    0.1010
    35.0    0.0340    0.0880
    45.0    0.1290    0.0770
    55.0    0.0010    0.0720
    65.0    0.0900    0.0660
    75.0   -0.0350    0.0650
    85.0    0.0420    0.0610
    95.0    0.1040    0.0610
   105.0    0.0020    0.0620
   115.0    0.1250    0.0650
   125.0   -0.0780    0.0690
   135.0   -0.0080    0.0750
   145.0    0.0230    0.0820
   155.0    0.0230    0.0960
   165.0    0.0270    0.1290
   175.0    0.3190    0.2410
------------------------------------------
E =  770.000 MeV, Wght = 1.00, Syst = 0.05
     5.0    0.2030    0.2100
    15.0    0.3400    0.1290
    25.0    0.0060    0.0970
    35.0    0.1100    0.0870
    45.0   -0.0290    0.0770
    55.0    0.1550    0.0700
    65.0    0.0820    0.0660
    75.0    0.0770    0.0640
    85.0    0.0080    0.0610
    95.0    0.0970    0.0610
   105.0    0.1030    0.0620
   115.0    0.0620    0.0640
   125.0   -0.0350    0.0690
   135.0    0.0220    0.0740
   145.0   -0.0310    0.0820
   155.0    0.1900    0.0980
   165.0   -0.0080    0.1290
   175.0    0.3990    0.2430
------------------------------------------
E =  780.000 MeV, Wght = 1.00, Syst = 0.05
     5.0    0.0060    0.2390
    15.0   -0.1640    0.1290
    25.0   -0.0870    0.1030
    35.0    0.0840    0.0910
    45.0    0.0140    0.0800
    55.0    0.0490    0.0730
    65.0    0.0600    0.0710
    75.0    0.1140    0.0650
    85.0    0.1260    0.0650
    95.0    0.0510    0.0640
   105.0    0.0500    0.0670
   115.0   -0.0070    0.0700
   125.0    0.1010    0.0720
   135.0    0.1250    0.0790
   145.0   -0.0360    0.0890
   155.0   -0.0280    0.1020
   165.0    0.0120    0.1440
   175.0   -0.1090    0.2350
------------------------------------------
E =  790.000 MeV, Wght = 1.00, Syst = 0.05
     5.0    0.0350    0.2430
    15.0   -0.0120    0.1380
    25.0    0.0030    0.1100
    35.0    0.0070    0.0900
    45.0   -0.0260    0.0800
    55.0    0.0530    0.0770
    65.0   -0.0560    0.0680
    75.0    0.0850    0.0670
    85.0    0.0660    0.0660
    95.0    0.0530    0.0650
   105.0   -0.0100    0.0660
   115.0    0.0180    0.0670
   125.0   -0.0400    0.0710
   135.0    0.1230    0.0790
   145.0    0.0200    0.0850
   155.0    0.2290    0.1100
   165.0    0.1740    0.1400
   175.0    0.0860    0.2170
------------------------------------------
E =  800.000 MeV, Wght = 1.00, Syst = 0.05
     5.0    0.5360    0.2530
    15.0    0.0500    0.1420
    25.0    0.1220    0.1070
    35.0   -0.0310    0.0890
    45.0   -0.1040    0.0780
    55.0    0.1400    0.0760
    65.0    0.0280    0.0700
    75.0    0.1280    0.0660
    85.0    0.0310    0.0680
    95.0    0.0640    0.0650
   105.0   -0.0960    0.0680
   115.0    0.0180    0.0700
   125.0    0.0510    0.0740
   135.0    0.0750    0.0830
   145.0    0.1440    0.0890
   155.0    0.1490    0.1060
   165.0   -0.1240    0.1490
   175.0    0.1390    0.2370
------------------------------------------
E =  810.000 MeV, Wght = 1.00, Syst = 0.05
     5.0   -0.2420    0.2550
    15.0   -0.1230    0.1400
    25.0    0.1360    0.1120
    35.0    0.1620    0.0940
    45.0    0.1810    0.0840
    55.0    0.1990    0.0770
    65.0    0.1000    0.0760
    75.0    0.1900    0.0720
    85.0    0.0710    0.0670
    95.0    0.0370    0.0670
   105.0    0.0280    0.0700
   115.0    0.1460    0.0710
   125.0    0.1820    0.0760
   135.0   -0.0930    0.0810
   145.0    0.0240    0.0940
   155.0   -0.0050    0.1100
   165.0   -0.0040    0.1390
   175.0    0.3910    0.2520
------------------------------------------
E =  820.000 MeV, Wght = 1.00, Syst = 0.05
     5.0    0.0310    0.2510
    15.0    0.0260    0.1420
    25.0    0.0900    0.1100
    35.0    0.0590    0.0950
    45.0   -0.0570    0.0870
    55.0   -0.0650    0.0790
    65.0    0.2430    0.0750
    75.0    0.1050    0.0710
    85.0    0.1530    0.0700
    95.0    0.0430    0.0700
   105.0   -0.0560    0.0710
   115.0    0.0020    0.0700
   125.0    0.1370    0.0750
   135.0    0.0250    0.0830
   145.0   -0.0100    0.0930
   155.0    0.0150    0.1140
   165.0   -0.1140    0.1350
   175.0   -0.3250    0.2500
------------------------------------------
E =  830.000 MeV, Wght = 1.00, Syst = 0.05
     5.0   -0.2970    0.2680
    15.0   -0.1360    0.1470
    25.0    0.0160    0.1100
    35.0    0.0380    0.0970
    45.0    0.0680    0.0870
    55.0   -0.0240    0.0800
    65.0    0.1310    0.0780
    75.0    0.0140    0.0770
    85.0    0.0700    0.0720
    95.0    0.1580    0.0710
   105.0   -0.0280    0.0730
   115.0   -0.0200    0.0740
   125.0    0.0360    0.0770
   135.0   -0.0980    0.0860
   145.0    0.1620    0.0950
   155.0   -0.1560    0.1140
   165.0   -0.1320    0.1460
   175.0    0.2410    0.2750
------------------------------------------
E =  840.000 MeV, Wght = 1.00, Syst = 0.05
     5.0    0.2030    0.2330
    15.0   -0.0600    0.1180
    25.0   -0.0210    0.0940
    35.0   -0.0210    0.0820
    45.0    0.1110    0.0790
    55.0    0.0330    0.0730
    65.0    0.1450    0.0670
    75.0    0.1550    0.0670
    85.0    0.1850    0.0650
    95.0    0.0400    0.0620
   105.0    0.0840    0.0660
   115.0    0.1350    0.0660
   125.0   -0.1230    0.0710
   135.0    0.0990    0.0760
   145.0   -0.0310    0.0830
   155.0   -0.0490    0.0970
   165.0    0.2190    0.1290
   175.0   -0.0660    0.2290
------------------------------------------
E =  850.000 MeV, Wght = 1.00, Syst = 0.05
     5.0   -0.1820    0.2300
    15.0   -0.0180    0.1240
    25.0    0.0840    0.1040
    35.0    0.0660    0.0880
    45.0   -0.0410    0.0790
    55.0    0.0970    0.0730
    65.0    0.0730    0.0710
    75.0    0.1380    0.0690
    85.0    0.1750    0.0670
    95.0    0.0780    0.0650
   105.0    0.0490    0.0650
   115.0   -0.0830    0.0680
   125.0    0.1140    0.0700
   135.0   -0.1380    0.0770
   145.0   -0.1270    0.0860
   155.0    0.0230    0.1040
   165.0   -0.1150    0.1360
   175.0    0.2300    0.2310
------------------------------------------
E =  860.000 MeV, Wght = 1.00, Syst = 0.05
     5.0    0.2280    0.2290
    15.0   -0.1710    0.1390
    25.0    0.0980    0.1050
    35.0   -0.0610    0.0890
    45.0    0.1080    0.0830
    55.0    0.0430    0.0760
    65.0   -0.0190    0.0720
    75.0    0.0520    0.0690
    85.0    0.0350    0.0670
    95.0    0.1160    0.0690
   105.0    0.0420    0.0670
   115.0    0.1190    0.0690
   125.0    0.0980    0.0720
   135.0    0.0760    0.0780
   145.0   -0.0110    0.0880
   155.0    0.0630    0.1050
   165.0    0.2250    0.1400
   175.0    0.1030    0.2580
------------------------------------------
E =  870.000 MeV, Wght = 1.00, Syst = 0.05
     5.0    0.1130    0.2320
    15.0   -0.2210    0.1440
    25.0    0.0080    0.1080
    35.0   -0.0410    0.0960
    45.0    0.0260    0.0830
    55.0    0.0050    0.0790
    65.0    0.0960    0.0760
    75.0    0.0620    0.0710
    85.0    0.0880    0.0690
    95.0    0.0420    0.0690
   105.0    0.0750    0.0710
   115.0   -0.0200    0.0710
   125.0    0.0550    0.0760
   135.0   -0.1000    0.0810
   145.0   -0.0260    0.0920
   155.0   -0.0160    0.1040
   165.0    0.1050    0.1440
   175.0   -0.1280    0.2830
------------------------------------------
E =  880.000 MeV, Wght = 1.00, Syst = 0.05
     5.0   -0.0290    0.2690
    15.0    0.0700    0.1410
    25.0    0.0290    0.1060
    35.0   -0.0810    0.0950
    45.0    0.2020    0.0860
    55.0    0.0190    0.0790
    65.0    0.0130    0.0780
    75.0    0.0320    0.0760
    85.0    0.0800    0.0730
    95.0    0.0750    0.0720
   105.0    0.0040    0.0730
   115.0    0.0670    0.0730
   125.0    0.0280    0.0780
   135.0    0.1050    0.0820
   145.0   -0.1160    0.0930
   155.0   -0.0260    0.1180
   165.0    0.0720    0.1440
   175.0   -0.1270    0.2880
------------------------------------------
E =  890.000 MeV, Wght = 1.00, Syst = 0.05
     5.0   -0.1120    0.2890
    15.0    0.2520    0.1420
    25.0    0.0310    0.1160
    35.0    0.0290    0.1020
    45.0   -0.1540    0.0940
    55.0   -0.0160    0.0850
    65.0    0.1330    0.0840
    75.0    0.1690    0.0800
    85.0    0.1660    0.0740
    95.0    0.1350    0.0740
   105.0   -0.0230    0.0730
   115.0    0.1000    0.0740
   125.0   -0.0120    0.0820
   135.0    0.0650    0.0840
   145.0    0.1070    0.0940
   155.0    0.0800    0.1120
   165.0   -0.1120    0.1420
   175.0    0.0860    0.2520
------------------------------------------
E =  900.000 MeV, Wght = 1.00, Syst = 0.05
     5.0   -0.0810    0.2090
    15.0    0.0940    0.1210
    25.0   -0.0550    0.0980
    35.0   -0.0470    0.0820
    45.0   -0.0970    0.0800
    55.0   -0.0300    0.0710
    65.0    0.0570    0.0690
    75.0    0.3000    0.0700
    85.0    0.1660    0.0650
    95.0    0.0840    0.0640
   105.0    0.0150    0.0630
   115.0    0.1720    0.0650
   125.0    0.0210    0.0660
   135.0    0.1370    0.0730
   145.0   -0.0260    0.0810
   155.0    0.0110    0.0920
   165.0   -0.1100    0.1220
   175.0    0.3280    0.2120
------------------------------------------
E =  910.000 MeV, Wght = 1.00, Syst = 0.05
     5.0    0.4460    0.2450
    15.0   -0.0150    0.1290
    25.0   -0.1460    0.1040
    35.0   -0.1360    0.0920
    45.0   -0.0360    0.0810
    55.0    0.1030    0.0770
    65.0    0.1170    0.0710
    75.0    0.0930    0.0700
    85.0    0.1510    0.0650
    95.0   -0.0280    0.0660
   105.0   -0.0190    0.0630
   115.0    0.0670    0.0650
   125.0   -0.0380    0.0700
   135.0    0.0740    0.0750
   145.0    0.0660    0.0820
   155.0    0.1420    0.0950
   165.0   -0.1390    0.1280
   175.0    0.0870    0.2330
------------------------------------------
E =  920.000 MeV, Wght = 1.00, Syst = 0.05
     5.0   -0.2070    0.2730
    15.0    0.0120    0.1360
    25.0   -0.1270    0.1080
    35.0   -0.3220    0.0960
    45.0   -0.1680    0.0900
    55.0   -0.0730    0.0770
    65.0    0.0200    0.0750
    75.0    0.0340    0.0700
    85.0    0.1600    0.0700
    95.0    0.0680    0.0680
   105.0   -0.1130    0.0660
   115.0    0.0390    0.0670
   125.0   -0.1460    0.0710
   135.0    0.0680    0.0750
   145.0    0.1190    0.0860
   155.0   -0.0070    0.0960
   165.0    0.0680    0.1230
   175.0   -0.0840    0.2280
------------------------------------------
E =  930.000 MeV, Wght = 1.00, Syst = 0.05
     5.0   -0.1780    0.2570
    15.0   -0.1160    0.1420
    25.0   -0.0690    0.1130
    35.0   -0.2840    0.1000
    45.0   -0.0730    0.0890
    55.0    0.1450    0.0840
    65.0    0.0450    0.0790
    75.0    0.0890    0.0730
    85.0    0.2300    0.0690
    95.0    0.1570    0.0690
   105.0    0.0240    0.0700
   115.0   -0.0670    0.0710
   125.0   -0.0620    0.0710
   135.0   -0.1430    0.0790
   145.0   -0.0590    0.0880
   155.0    0.0050    0.1050
   165.0    0.0700    0.1350
   175.0    0.0230    0.2110
------------------------------------------
E =  940.000 MeV, Wght = 1.00, Syst = 0.05
     5.0    0.4320    0.2970
    15.0   -0.0580    0.1630
    25.0   -0.0160    0.1200
    35.0   -0.0860    0.1050
    45.0   -0.0060    0.0930
    55.0    0.0040    0.0880
    65.0    0.0090    0.0780
    75.0    0.0930    0.0760
    85.0    0.1230    0.0730
    95.0    0.0170    0.0730
   105.0   -0.0470    0.0710
   115.0    0.1350    0.0710
   125.0    0.0680    0.0750
   135.0   -0.0160    0.0820
   145.0    0.0320    0.0910
   155.0   -0.0860    0.1060
   165.0   -0.0500    0.1330
   175.0   -0.1700    0.2200
------------------------------------------
E =  950.000 MeV, Wght = 1.00, Syst = 0.05
     5.0    0.3760    0.3290
    15.0   -0.0670    0.1700
    25.0   -0.2090    0.1300
    35.0    0.1840    0.1140
    45.0   -0.1320    0.1000
    55.0   -0.0570    0.0930
    65.0    0.0910    0.0840
    75.0    0.2590    0.0810
    85.0    0.0890    0.0790
    95.0    0.0090    0.0750
   105.0    0.0960    0.0720
   115.0    0.0050    0.0760
   125.0   -0.0470    0.0780
   135.0    0.1030    0.0840
   145.0    0.0520    0.0920
   155.0   -0.0980    0.1060
   165.0   -0.0180    0.1350
   175.0   -0.0180    0.2460
------------------------------------------
E =  960.000 MeV, Wght = 1.00, Syst = 0.05
     5.0   -0.2040    0.2600
    15.0   -0.2200    0.1500
    25.0   -0.2650    0.1080
    35.0   -0.0500    0.0940
    45.0   -0.1570    0.0820
    55.0   -0.0800    0.0760
    65.0    0.1490    0.0690
    75.0    0.0850    0.0660
    85.0    0.1780    0.0620
    95.0    0.1270    0.0620
   105.0    0.0850    0.0600
   115.0    0.0350    0.0630
   125.0   -0.0020    0.0640
   135.0   -0.0290    0.0690
   145.0   -0.0540    0.0790
   155.0   -0.0030    0.0940
   165.0    0.0400    0.1210
   175.0   -0.0060    0.2040
------------------------------------------
E =  970.000 MeV, Wght = 1.00, Syst = 0.05
     5.0    0.1440    0.2710
    15.0   -0.1510    0.1510
    25.0   -0.2340    0.1210
    35.0   -0.1030    0.1050
    45.0   -0.0980    0.0890
    55.0   -0.1150    0.0800
    65.0    0.0730    0.0700
    75.0    0.1540    0.0690
    85.0    0.0510    0.0650
    95.0    0.1000    0.0630
   105.0    0.0500    0.0630
   115.0   -0.0280    0.0630
   125.0   -0.0100    0.0680
   135.0   -0.0530    0.0730
   145.0   -0.0610    0.0800
   155.0    0.2320    0.0950
   165.0   -0.1380    0.1280
   175.0    0.2190    0.2280
------------------------------------------
E =  980.000 MeV, Wght = 1.00, Syst = 0.05
     5.0    0.3500    0.3030
    15.0    0.1220    0.1720
    25.0   -0.1500    0.1250
    35.0   -0.1200    0.1080
    45.0   -0.0080    0.0940
    55.0    0.0110    0.0810
    65.0    0.0190    0.0730
    75.0    0.1540    0.0700
    85.0    0.1300    0.0660
    95.0    0.0270    0.0660
   105.0    0.0400    0.0650
   115.0   -0.0470    0.0650
   125.0   -0.0520    0.0700
   135.0   -0.0220    0.0750
   145.0   -0.1270    0.0840
   155.0   -0.0750    0.0990
   165.0    0.2060    0.1290
   175.0    0.2340    0.2240
------------------------------------------
E =  990.000 MeV, Wght = 1.00, Syst = 0.05
     5.0    0.4010    0.3790
    15.0    0.0460    0.1880
    25.0   -0.0720    0.1470
    35.0   -0.0710    0.1170
    45.0   -0.2400    0.0980
    55.0    0.2190    0.0840
    65.0    0.1800    0.0800
    75.0    0.2760    0.0720
    85.0    0.2160    0.0690
    95.0    0.2210    0.0680
   105.0    0.0820    0.0690
   115.0   -0.0630    0.0680
   125.0    0.0380    0.0710
   135.0   -0.0170    0.0790
   145.0   -0.0830    0.0910
   155.0    0.0920    0.1080
   165.0   -0.0240    0.1330
   175.0    0.0560    0.2420
------------------------------------------
E = 1000.000 MeV, Wght = 1.00, Syst = 0.05
     5.0   -0.0130    0.3860
    15.0   -0.1130    0.1860
    25.0   -0.1560    0.1410
    35.0   -0.1740    0.1190
    45.0    0.0470    0.1000
    55.0    0.1970    0.0930
    65.0    0.0940    0.0810
    75.0    0.2380    0.0730
    85.0    0.1470    0.0710
    95.0    0.1390    0.0690
   105.0    0.1510    0.0700
   115.0    0.0300    0.0690
   125.0   -0.0950    0.0770
   135.0   -0.1880    0.0850
   145.0   -0.0690    0.0940
   155.0   -0.0830    0.1140
   165.0    0.0030    0.1450
   175.0   -0.0700    0.2410
------------------------------------------
E = 1010.000 MeV, Wght = 1.00, Syst = 0.05
     5.0   -0.3580    0.3920
    15.0   -0.2540    0.2400
    25.0    0.0600    0.1610
    35.0    0.0650    0.1250
    45.0    0.1960    0.1090
    55.0    0.3340    0.0940
    65.0    0.1950    0.0830
    75.0    0.2540    0.0750
    85.0    0.1710    0.0720
    95.0    0.2290    0.0710
   105.0    0.1050    0.0720
   115.0    0.0540    0.0710
   125.0    0.0120    0.0810
   135.0    0.0650    0.0870
   145.0   -0.0680    0.0990
   155.0   -0.1070    0.1140
   165.0   -0.0050    0.1530
   175.0    0.0640    0.2940
------------------------------------------
E = 1020.000 MeV, Wght = 1.00, Syst = 0.05
     5.0    0.1640    0.4190
    15.0   -0.0560    0.1950
    25.0    0.2250    0.1410
    35.0    0.0670    0.1150
    45.0    0.1410    0.0910
    55.0    0.2350    0.0750
    65.0    0.2390    0.0700
    75.0    0.4010    0.0650
    85.0    0.2520    0.0620
    95.0    0.1900    0.0620
   105.0    0.0780    0.0610
   115.0    0.0150    0.0640
   125.0    0.0350    0.0690
   135.0    0.0190    0.0730
   145.0   -0.1130    0.0920
   155.0   -0.0950    0.1080
   165.0   -0.0040    0.1410
   175.0    0.1270    0.2620
------------------------------------------
E = 1030.000 MeV, Wght = 1.00, Syst = 0.05
     5.0    0.1110    0.3820
    15.0   -0.0610    0.2050
    25.0    0.1970    0.1400
    35.0    0.1810    0.1090
    45.0    0.1640    0.0940
    55.0    0.3530    0.0810
    65.0    0.2600    0.0710
    75.0    0.2720    0.0670
    85.0    0.2670    0.0630
    95.0    0.1690    0.0640
   105.0    0.1310    0.0630
   115.0    0.1230    0.0680
   125.0    0.0860    0.0730
   135.0   -0.0580    0.0780
   145.0   -0.0400    0.0950
   155.0   -0.0180    0.1140
   165.0   -0.1930    0.1470
   175.0    0.0190    0.2890
------------------------------------------
E = 1040.000 MeV, Wght = 1.00, Syst = 0.05
     5.0   -0.0810    0.4500
    15.0    0.1680    0.2000
    25.0    0.1320    0.1480
    35.0    0.1390    0.1130
    45.0    0.2640    0.0970
    55.0    0.3170    0.0840
    65.0    0.2190    0.0690
    75.0    0.3860    0.0670
    85.0    0.3160    0.0620
    95.0    0.3310    0.0630
   105.0    0.2560    0.0660
   115.0    0.0610    0.0680
   125.0    0.0490    0.0750
   135.0    0.0090    0.0830
   145.0   -0.0090    0.0970
   155.0    0.0930    0.1150
   165.0   -0.0170    0.1640
   175.0   -0.2220    0.2990
------------------------------------------
E = 1050.000 MeV, Wght = 1.00, Syst = 0.05
     5.0    0.3680    0.4030
    15.0    0.0830    0.2130
    25.0    0.3610    0.1460
    35.0    0.2040    0.1200
    45.0    0.1920    0.0940
    55.0    0.2770    0.0810
    65.0    0.4020    0.0720
    75.0    0.3390    0.0700
    85.0    0.2360    0.0640
    95.0    0.3250    0.0650
   105.0    0.4090    0.0650
   115.0    0.0980    0.0710
   125.0   -0.0060    0.0750
   135.0   -0.0090    0.0860
   145.0    0.1080    0.1010
   155.0    0.1080    0.1270
   165.0    0.2520    0.1610
   175.0   -0.4140    0.3470
------------------------------------------
E = 1060.000 MeV, Wght = 1.00, Syst = 0.05
     5.0    0.1100    0.5180
    15.0    0.0060    0.2130
    25.0    0.1550    0.1390
    35.0    0.4950    0.1140
    45.0    0.2760    0.0950
    55.0    0.3570    0.0800
    65.0    0.3640    0.0720
    75.0    0.3390    0.0670
    85.0    0.3600    0.0660
    95.0    0.2790    0.0650
   105.0    0.1840    0.0670
   115.0    0.1850    0.0720
   125.0    0.0240    0.0790
   135.0    0.0620    0.0890
   145.0    0.0560    0.1070
   155.0   -0.1550    0.1280
   165.0    0.0760    0.1760
   175.0    0.3480    0.3920
------------------------------------------
E = 1070.000 MeV, Wght = 1.00, Syst = 0.05
     5.0   -0.1080    0.3920
    15.0    0.2590    0.1890
    25.0    0.1960    0.1470
    35.0    0.5130    0.1180
    45.0    0.4450    0.0960
    55.0    0.3380    0.0810
    65.0    0.4800    0.0740
    75.0    0.4980    0.0700
    85.0    0.3840    0.0670
    95.0    0.3830    0.0650
   105.0    0.1330    0.0680
   115.0    0.3000    0.0720
   125.0    0.0190    0.0810
   135.0   -0.0190    0.0920
   145.0    0.0090    0.1130
   155.0   -0.0750    0.1370
   165.0   -0.1990    0.1820
   175.0    0.2270    0.3830
------------------------------------------
E = 1080.000 MeV, Wght = 1.00, Syst = 0.05
     5.0    0.1300    0.3160
    15.0    0.4310    0.2020
    25.0    0.4320    0.1370
    35.0    0.4500    0.1030
    45.0    0.4640    0.0890
    55.0    0.4490    0.0760
    65.0    0.3720    0.0690
    75.0    0.5020    0.0650
    85.0    0.3860    0.0620
    95.0    0.3160    0.0650
   105.0    0.3090    0.0660
   115.0    0.3080    0.0710
   125.0    0.2550    0.0780
   135.0   -0.0520    0.0910
   145.0    0.1810    0.1110
   155.0   -0.0150    0.1360
   165.0    0.1510    0.1960
   175.0    0.2010    0.3840
------------------------------------------
E = 1090.000 MeV, Wght = 1.00, Syst = 0.05
     5.0    0.1860    0.3310
    15.0    0.4720    0.1740
    25.0    0.4850    0.1260
    35.0    0.5270    0.1080
    45.0    0.5360    0.0890
    55.0    0.5420    0.0760
    65.0    0.4500    0.0690
    75.0    0.5100    0.0640
    85.0    0.4140    0.0620
    95.0    0.3850    0.0640
   105.0    0.3940    0.0660
   115.0    0.3580    0.0700
   125.0    0.1060    0.0800
   135.0    0.0420    0.0900
   145.0   -0.1460    0.1100
   155.0   -0.2150    0.1420
   165.0    0.0230    0.2050
   175.0    0.4320    0.3880
------------------------------------------
E = 1100.000 MeV, Wght = 1.00, Syst = 0.05
     5.0    0.0500    0.3480
    15.0    0.5540    0.1880
    25.0    0.4300    0.1310
    35.0    0.6990    0.1030
    45.0    0.4110    0.0860
    55.0    0.4320    0.0750
    65.0    0.4790    0.0680
    75.0    0.4320    0.0620
    85.0    0.3460    0.0640
    95.0    0.3510    0.0650
   105.0    0.4220    0.0670
   115.0    0.2220    0.0740
   125.0    0.1720    0.0810
   135.0   -0.0910    0.0910
   145.0    0.0810    0.1160
   155.0   -0.0870    0.1500
   165.0   -0.2420    0.2150
   175.0    0.6470    0.3690
------------------------------------------
E = 1110.000 MeV, Wght = 1.00, Syst = 0.05
     5.0    0.8660    0.3170
    15.0    0.5120    0.1710
    25.0    0.5570    0.1240
    35.0    0.5420    0.1020
    45.0    0.6480    0.0850
    55.0    0.5160    0.0740
    65.0    0.3680    0.0680
    75.0    0.3410    0.0640
    85.0    0.4040    0.0620
    95.0    0.3850    0.0640
   105.0    0.2820    0.0700
   115.0    0.2600    0.0750
   125.0    0.2090    0.0820
   135.0   -0.0130    0.0940
   145.0    0.1190    0.1140
   155.0   -0.0720    0.1480
   165.0   -0.1090    0.2240
   175.0   -0.5690    0.3980
------------------------------------------
E = 1120.000 MeV, Wght = 1.00, Syst = 0.05
     5.0    0.0550    0.3030
    15.0    0.5500    0.1660
    25.0    0.4980    0.1160
    35.0    0.7900    0.1060
    45.0    0.6350    0.0840
    55.0    0.6640    0.0750
    65.0    0.4990    0.0680
    75.0    0.4870    0.0640
    85.0    0.4800    0.0650
    95.0    0.3960    0.0680
   105.0    0.3450    0.0680
   115.0    0.3420    0.0760
   125.0    0.2700    0.0820
   135.0    0.0010    0.0980
   145.0   -0.0980    0.1250
   155.0   -0.0520    0.1690
   165.0    0.1380    0.2310
   175.0   -0.4290    0.4280
------------------------------------------
E = 1130.000 MeV, Wght = 1.00, Syst = 0.05
     5.0   -0.1000    0.3480
    15.0    0.4000    0.1690
    25.0    0.5260    0.1180
    35.0    0.7630    0.0970
    45.0    0.5860    0.0860
    55.0    0.6150    0.0760
    65.0    0.5230    0.0670
    75.0    0.4540    0.0650
    85.0    0.4080    0.0640
    95.0    0.3760    0.0640
   105.0    0.4210    0.0720
   115.0    0.4380    0.0770
   125.0    0.2440    0.0830
   135.0    0.0970    0.1000
   145.0   -0.1300    0.1270
   155.0   -0.1010    0.1710
   165.0    0.0460    0.2420
   175.0    0.1310    0.5190
------------------------------------------
E = 1140.000 MeV, Wght = 1.00, Syst = 0.05
     5.0    0.3760    0.2950
    15.0    0.4950    0.1590
    25.0    0.5350    0.1190
    35.0    0.6030    0.0960
    45.0    0.6190    0.0820
    55.0    0.5720    0.0730
    65.0    0.5210    0.0670
    75.0    0.4850    0.0640
    85.0    0.4510    0.0640
    95.0    0.4590    0.0650
   105.0    0.3610    0.0690
   115.0    0.3040    0.0760
   125.0    0.1730    0.0800
   135.0    0.1710    0.1020
   145.0   -0.0740    0.1240
   155.0   -0.0030    0.1770
   165.0   -0.1650    0.2720
   175.0   -0.4390    0.5910
------------------------------------------
E = 1150.000 MeV, Wght = 1.00, Syst = 0.05
     5.0   -0.3630    0.2700
    15.0    0.4540    0.1510
    25.0    0.5420    0.1110
    35.0    0.6730    0.0960
    45.0    0.6470    0.0800
    55.0    0.6430    0.0720
    65.0    0.5110    0.0650
    75.0    0.4440    0.0630
    85.0    0.4030    0.0640
    95.0    0.3240    0.0660
   105.0    0.4490    0.0710
   115.0    0.3510    0.0770
   125.0    0.1980    0.0870
   135.0    0.0500    0.0980
   145.0    0.0930    0.1250
   155.0   -0.0070    0.1730
   165.0    0.2760    0.2440
   175.0   -0.3400    0.5930
------------------------------------------
E = 1160.000 MeV, Wght = 1.00, Syst = 0.05
     5.0    0.1160    0.3230
    15.0    0.5360    0.1540
    25.0    0.5370    0.1160
    35.0    0.6520    0.0920
    45.0    0.6650    0.0810
    55.0    0.5290    0.0740
    65.0    0.6070    0.0710
    75.0    0.5490    0.0650
    85.0    0.4820    0.0630
    95.0    0.4600    0.0660
   105.0    0.4590    0.0710
   115.0    0.5020    0.0780
   125.0    0.1960    0.0840
   135.0    0.4250    0.1020
   145.0    0.2500    0.1340
   155.0    0.1750    0.1800
   165.0    0.0630    0.3070
   175.0    0.0820    0.5660
------------------------------------------
E = 1170.000 MeV, Wght = 1.00, Syst = 0.05
     5.0    0.4260    0.2310
    15.0    0.5230    0.1430
    25.0    0.3920    0.1130
    35.0    0.6170    0.0920
    45.0    0.6990    0.0810
    55.0    0.5800    0.0720
    65.0    0.5000    0.0660
    75.0    0.4890    0.0640
    85.0    0.4770    0.0630
    95.0    0.4170    0.0670
   105.0    0.3420    0.0690
   115.0    0.3590    0.0760
   125.0    0.1260    0.0880
   135.0    0.0490    0.1060
   145.0    0.1700    0.1320
   155.0    0.1240    0.1720
   165.0   -0.3880    0.2770
   175.0    0.1960    0.5920
------------------------------------------
E = 1180.000 MeV, Wght = 1.00, Syst = 0.05
     5.0    0.2860    0.2580
    15.0    0.3530    0.1450
    25.0    0.6500    0.1110
    35.0    0.6470    0.0920
    45.0    0.6070    0.0810
    55.0    0.5810    0.0720
    65.0    0.5330    0.0680
    75.0    0.4960    0.0660
    85.0    0.4670    0.0640
    95.0    0.4770    0.0670
   105.0    0.4530    0.0700
   115.0    0.4320    0.0790
   125.0    0.3490    0.0910
   135.0    0.2090    0.1040
   145.0    0.2300    0.1440
   155.0    0.1360    0.1910
   165.0   -0.0220    0.2770
   175.0   -0.3340    0.5380
------------------------------------------
E = 1190.000 MeV, Wght = 1.00, Syst = 0.05
     5.0    0.0450    0.2420
    15.0    0.5640    0.1390
    25.0    0.7080    0.1100
    35.0    0.5580    0.0900
    45.0    0.6380    0.0800
    55.0    0.5790    0.0730
    65.0    0.6180    0.0680
    75.0    0.4230    0.0640
    85.0    0.4790    0.0650
    95.0    0.3930    0.0670
   105.0    0.4910    0.0730
   115.0    0.4560    0.0790
   125.0    0.4680    0.0900
   135.0    0.1130    0.1040
   145.0    0.2100    0.1320
   155.0   -0.3080    0.1930
   165.0    0.1200    0.2870
   175.0   -0.3650    0.6100
------------------------------------------
E = 1200.000 MeV, Wght = 1.00, Syst = 0.05
     5.0    0.1820    0.2540
    15.0    0.6140    0.1370
    25.0    0.4280    0.1010
    35.0    0.7650    0.0900
    45.0    0.5150    0.0750
    55.0    0.6830    0.0710
    65.0    0.5140    0.0650
    75.0    0.4220    0.0640
    85.0    0.3940    0.0640
    95.0    0.4550    0.0690
   105.0    0.4240    0.0700
   115.0    0.4660    0.0760
   125.0    0.2740    0.0870
   135.0    0.1130    0.1050
   145.0   -0.0380    0.1360
   155.0   -0.0720    0.1760
   165.0    0.2550    0.2950
   175.0   -0.9690    0.4950
------------------------------------------
E = 1210.000 MeV, Wght = 1.00, Syst = 0.05
     5.0   -0.1090    0.2310
    15.0    0.3470    0.1300
    25.0    0.7420    0.1090
    35.0    0.5860    0.0880
    45.0    0.6400    0.0760
    55.0    0.6770    0.0720
    65.0    0.5970    0.0660
    75.0    0.4910    0.0640
    85.0    0.4780    0.0660
    95.0    0.4300    0.0670
   105.0    0.4930    0.0720
   115.0    0.3330    0.0810
   125.0    0.2750    0.0920
   135.0    0.1520    0.1080
   145.0    0.2060    0.1380
   155.0    0.1450    0.1880
   165.0    0.0930    0.3110
   175.0    0.0040    0.7460
------------------------------------------
E = 1220.000 MeV, Wght = 1.00, Syst = 0.05
     5.0    0.4750    0.2430
    15.0    0.4780    0.1360
    25.0    0.7380    0.1030
    35.0    0.6720    0.0870
    45.0    0.6260    0.0760
    55.0    0.5680    0.0700
    65.0    0.4750    0.0670
    75.0    0.4430    0.0660
    85.0    0.5050    0.0660
    95.0    0.4140    0.0690
   105.0    0.3970    0.0720
   115.0    0.4670    0.0800
   125.0    0.3630    0.0910
   135.0    0.1720    0.1050
   145.0    0.2130    0.1370
   155.0   -0.1770    0.2000
   165.0   -0.4590    0.3370
   175.0   -0.0400    0.6500
------------------------------------------
E = 1230.000 MeV, Wght = 1.00, Syst = 0.05
     5.0    0.1470    0.2410
    15.0    0.5770    0.1360
    25.0    0.5770    0.1040
    35.0    0.5610    0.0850
    45.0    0.6100    0.0790
    55.0    0.5970    0.0730
    65.0    0.6320    0.0680
    75.0    0.5480    0.0670
    85.0    0.4530    0.0650
    95.0    0.5510    0.0690
   105.0    0.2770    0.0720
   115.0    0.3900    0.0800
   125.0    0.2680    0.0920
   135.0    0.2080    0.1040
   145.0    0.3320    0.1460
   155.0    0.1470    0.1970
   165.0    0.0030    0.3130
   175.0    0.1310    0.5470
------------------------------------------
E = 1240.000 MeV, Wght = 1.00, Syst = 0.05
     5.0    0.1850    0.2210
    15.0    0.6420    0.1340
    25.0    0.6510    0.0980
    35.0    0.7350    0.0890
    45.0    0.6850    0.0780
    55.0    0.6310    0.0710
    65.0    0.5600    0.0680
    75.0    0.6820    0.0670
    85.0    0.4290    0.0660
    95.0    0.4970    0.0680
   105.0    0.3970    0.0730
   115.0    0.3970    0.0780
   125.0    0.3080    0.0910
   135.0    0.3840    0.1090
   145.0    0.2240    0.1370
   155.0    0.0510    0.2110
   165.0    0.1510    0.3090
   175.0    0.6330    0.6520
------------------------------------------
E = 1250.000 MeV, Wght = 1.00, Syst = 0.05
     5.0    0.0770    0.2340
    15.0    0.4120    0.1300
    25.0    0.5550    0.0980
    35.0    0.7180    0.0860
    45.0    0.6410    0.0760
    55.0    0.6080    0.0730
    65.0    0.5550    0.0680
    75.0    0.4850    0.0640
    85.0    0.4090    0.0660
    95.0    0.4640    0.0690
   105.0    0.4140    0.0740
   115.0    0.4540    0.0800
   125.0    0.3020    0.0930
   135.0    0.2170    0.1110
   145.0    0.1450    0.1430
   155.0    0.2850    0.1930
   165.0   -0.1250    0.2890
   175.0   -0.0930    0.6400
------------------------------------------
E = 1260.000 MeV, Wght = 1.00, Syst = 0.05
     5.0    0.6190    0.2330
    15.0    0.6630    0.1270
    25.0    0.6460    0.0990
    35.0    0.6980    0.0840
    45.0    0.5780    0.0780
    55.0    0.6320    0.0710
    65.0    0.5520    0.0650
    75.0    0.5690    0.0650
    85.0    0.4270    0.0650
    95.0    0.5590    0.0690
   105.0    0.4740    0.0740
   115.0    0.2190    0.0810
   125.0    0.3390    0.0880
   135.0    0.2960    0.1060
   145.0    0.2930    0.1450
   155.0    0.0820    0.1830
   165.0   -0.2770    0.3510
   175.0   -0.3780    0.5820
------------------------------------------
E = 1270.000 MeV, Wght = 1.00, Syst = 0.05
     5.0    0.1890    0.2380
    15.0    0.5050    0.1290
    25.0    0.6460    0.0990
    35.0    0.7130    0.0830
    45.0    0.6460    0.0750
    55.0    0.6540    0.0730
    65.0    0.5810    0.0670
    75.0    0.4130    0.0650
    85.0    0.4490    0.0660
    95.0    0.4260    0.0700
   105.0    0.5220    0.0740
   115.0    0.3880    0.0800
   125.0    0.2630    0.0900
   135.0    0.1320    0.1050
   145.0    0.3220    0.1480
   155.0   -0.3650    0.1980
   165.0   -0.1560    0.3210
   175.0   -0.4020    0.5890
------------------------------------------
E = 1280.000 MeV, Wght = 1.00, Syst = 0.05
     5.0    0.1770    0.2280
    15.0    0.5710    0.1290
    25.0    0.5900    0.1010
    35.0    0.7100    0.0860
    45.0    0.6650    0.0770
    55.0    0.6380    0.0720
    65.0    0.5370    0.0670
    75.0    0.4320    0.0660
    85.0    0.3220    0.0670
    95.0    0.5250    0.0690
   105.0    0.4560    0.0750
   115.0    0.4070    0.0800
   125.0    0.3550    0.0890
   135.0    0.2070    0.1100
   145.0    0.1480    0.1390
   155.0    0.1870    0.1930
   165.0   -0.2100    0.3130
   175.0    0.4870    0.7030
------------------------------------------
E = 1290.000 MeV, Wght = 1.00, Syst = 0.05
     5.0    0.5030    0.2360
    15.0    0.3620    0.1260
    25.0    0.8160    0.1030
    35.0    0.6550    0.0850
    45.0    0.6830    0.0760
    55.0    0.6150    0.0690
    65.0    0.4990    0.0680
    75.0    0.4480    0.0660
    85.0    0.3890    0.0660
    95.0    0.4440    0.0690
   105.0    0.4840    0.0730
   115.0    0.2920    0.0820
   125.0    0.4760    0.0920
   135.0    0.2840    0.1140
   145.0   -0.0440    0.1430
   155.0    0.2190    0.2000
   165.0   -0.2880    0.3350
   175.0   -0.6930    0.5350
------------------------------------------
E = 1300.000 MeV, Wght = 1.00, Syst = 0.05
     5.0    0.0610    0.2390
    15.0    0.6780    0.1310
    25.0    0.5350    0.0930
    35.0    0.5700    0.0820
    45.0    0.7570    0.0770
    55.0    0.6200    0.0690
    65.0    0.4150    0.0670
    75.0    0.5080    0.0650
    85.0    0.4920    0.0660
    95.0    0.5230    0.0680
   105.0    0.3900    0.0750
   115.0    0.4470    0.0820
   125.0    0.4680    0.0930
   135.0    0.3150    0.1080
   145.0    0.2110    0.1450
   155.0    0.3030    0.1900
   165.0   -0.2800    0.3330
   175.0   -0.2660    0.7210
------------------------------------------
E = 1310.000 MeV, Wght = 1.00, Syst = 0.05
     5.0    0.2790    0.2170
    15.0    0.3660    0.1210
    25.0    0.7050    0.0950
    35.0    0.6240    0.0820
    45.0    0.5910    0.0780
    55.0    0.6370    0.0730
    65.0    0.4620    0.0680
    75.0    0.5340    0.0660
    85.0    0.4560    0.0690
    95.0    0.3950    0.0710
   105.0    0.4570    0.0780
   115.0    0.3250    0.0810
   125.0    0.4240    0.0920
   135.0    0.2980    0.1070
   145.0    0.0540    0.1390
   155.0   -0.2720    0.2010
   165.0    0.2330    0.2920
   175.0   -0.0870    0.6570
------------------------------------------
E = 1320.000 MeV, Wght = 1.00, Syst = 0.05
     5.0    0.1950    0.2050
    15.0    0.5260    0.1220
    25.0    0.5360    0.0900
    35.0    0.5360    0.0800
    45.0    0.5720    0.0760
    55.0    0.6660    0.0720
    65.0    0.5710    0.0650
    75.0    0.4660    0.0660
    85.0    0.4650    0.0680
    95.0    0.4430    0.0690
   105.0    0.4500    0.0750
   115.0    0.3810    0.0810
   125.0    0.3860    0.0910
   135.0    0.2670    0.1070
   145.0    0.1190    0.1360
   155.0    0.2010    0.2090
   165.0   -0.2460    0.3360
   175.0   -0.0570    0.6150
------------------------------------------
E = 1330.000 MeV, Wght = 1.00, Syst = 0.05
     5.0   -0.1100    0.2380
    15.0    0.4390    0.1250
    25.0    0.4980    0.0930
    35.0    0.4730    0.0810
    45.0    0.7130    0.0710
    55.0    0.5640    0.0700
    65.0    0.5270    0.0660
    75.0    0.4270    0.0660
    85.0    0.5950    0.0680
    95.0    0.4720    0.0690
   105.0    0.3880    0.0750
   115.0    0.5610    0.0800
   125.0    0.4390    0.0900
   135.0    0.2620    0.1100
   145.0   -0.0060    0.1390
   155.0   -0.1580    0.1850
   165.0    0.1950    0.3290
   175.0    0.1720    0.5120
------------------------------------------
E = 1340.000 MeV, Wght = 1.00, Syst = 0.05
     5.0    0.2400    0.2060
    15.0    0.5200    0.1260
    25.0    0.5800    0.0900
    35.0    0.6380    0.0790
    45.0    0.6410    0.0730
    55.0    0.5190    0.0680
    65.0    0.3860    0.0660
    75.0    0.4930    0.0670
    85.0    0.4360    0.0680
    95.0    0.3890    0.0690
   105.0    0.5000    0.0730
   115.0    0.2880    0.0830
   125.0    0.3240    0.0940
   135.0    0.1590    0.1070
   145.0    0.1160    0.1410
   155.0    0.2130    0.2030
   165.0    0.1730    0.3060
   175.0   -0.0470    0.5850
------------------------------------------
E = 1350.000 MeV, Wght = 1.00, Syst = 0.05
     5.0    0.0050    0.2110
    15.0    0.3600    0.1170
    25.0    0.5220    0.0900
    35.0    0.6330    0.0800
    45.0    0.6370    0.0760
    55.0    0.6800    0.0710
    65.0    0.5830    0.0660
    75.0    0.4760    0.0670
    85.0    0.4530    0.0690
    95.0    0.5240    0.0710
   105.0    0.4100    0.0760
   115.0    0.4000    0.0810
   125.0    0.4400    0.0920
   135.0    0.5170    0.1080
   145.0    0.2170    0.1400
   155.0   -0.0440    0.1850
   165.0   -0.1390    0.3190
   175.0   -0.0100    0.8120
------------------------------------------
E = 1360.000 MeV, Wght = 1.00, Syst = 0.05
     5.0    0.1490    0.2090
    15.0    0.4860    0.1200
    25.0    0.4180    0.0940
    35.0    0.6100    0.0810
    45.0    0.6080    0.0730
    55.0    0.6480    0.0710
    65.0    0.5210    0.0690
    75.0    0.4850    0.0680
    85.0    0.4170    0.0680
    95.0    0.3960    0.0720
   105.0    0.4710    0.0780
   115.0    0.2860    0.0810
   125.0    0.4660    0.0930
   135.0    0.1780    0.1100
   145.0    0.0610    0.1410
   155.0    0.1030    0.2040
   165.0    0.1270    0.3120
   175.0   -1.1890    0.8980
------------------------------------------
E = 1370.000 MeV, Wght = 1.00, Syst = 0.05
     5.0   -0.0830    0.2190
    15.0    0.4150    0.1200
    25.0    0.6850    0.0890
    35.0    0.7170    0.0790
    45.0    0.7400    0.0730
    55.0    0.5460    0.0690
    65.0    0.5480    0.0690
    75.0    0.4860    0.0680
    85.0    0.3950    0.0680
    95.0    0.4820    0.0730
   105.0    0.3460    0.0770
   115.0    0.4610    0.0870
   125.0    0.2510    0.0950
   135.0    0.3920    0.1140
   145.0    0.2730    0.1450
   155.0    0.1500    0.2040
   165.0   -0.3140    0.3550
   175.0   -0.7090    0.5370
------------------------------------------
E = 1380.000 MeV, Wght = 1.00, Syst = 0.05
     5.0    0.0060    0.2130
    15.0    0.5150    0.1150
    25.0    0.6680    0.0870
    35.0    0.7250    0.0790
    45.0    0.5470    0.0750
    55.0    0.5580    0.0690
    65.0    0.5240    0.0670
    75.0    0.5680    0.0660
    85.0    0.4740    0.0660
    95.0    0.4750    0.0670
   105.0    0.5700    0.0770
   115.0    0.4260    0.0810
   125.0    0.5060    0.0920
   135.0    0.4360    0.1080
   145.0    0.3400    0.1320
   155.0    0.1350    0.1980
   165.0   -0.3300    0.2850
   175.0   -0.0720    0.7240
------------------------------------------
E = 1390.000 MeV, Wght = 1.00, Syst = 0.05
     5.0    0.1880    0.2000
    15.0    0.2190    0.1070
    25.0    0.4940    0.0870
    35.0    0.5940    0.0770
    45.0    0.6510    0.0750
    55.0    0.6170    0.0700
    65.0    0.4680    0.0680
    75.0    0.6030    0.0690
    85.0    0.5280    0.0670
    95.0    0.4930    0.0700
   105.0    0.5330    0.0770
   115.0    0.4480    0.0820
   125.0    0.3710    0.0900
   135.0    0.3190    0.1080
   145.0    0.0610    0.1420
   155.0    0.1370    0.1780
   165.0   -0.1590    0.2840
   175.0    1.6770    0.8060
------------------------------------------
E = 1400.000 MeV, Wght = 1.00, Syst = 0.05
     5.0    0.2130    0.1910
    15.0    0.4610    0.1120
    25.0    0.5620    0.0910
    35.0    0.6170    0.0780
    45.0    0.6140    0.0740
    55.0    0.5360    0.0690
    65.0    0.5300    0.0690
    75.0    0.4940    0.0680
    85.0    0.5430    0.0690
    95.0    0.4170    0.0690
   105.0    0.4700    0.0760
   115.0    0.3790    0.0850
   125.0    0.3670    0.0910
   135.0    0.2320    0.1070
   145.0    0.0330    0.1340
   155.0    0.1960    0.1850
   165.0   -0.2420    0.3130
   175.0   -0.3630    0.6790
------------------------------------------
E = 1410.000 MeV, Wght = 1.00, Syst = 0.05
     5.0    0.3310    0.2220
    15.0    0.5250    0.1130
    25.0    0.5750    0.0920
    35.0    0.5760    0.0780
    45.0    0.6570    0.0730
    55.0    0.5560    0.0720
    65.0    0.4830    0.0680
    75.0    0.4810    0.0690
    85.0    0.5170    0.0710
    95.0    0.5420    0.0740
   105.0    0.4120    0.0780
   115.0    0.5440    0.0850
   125.0    0.4570    0.0920
   135.0    0.2580    0.1020
   145.0    0.1020    0.1430
   155.0    0.1630    0.1960
   165.0   -0.5940    0.2970
   175.0    0.3440    0.5650
------------------------------------------
E = 1420.000 MeV, Wght = 1.00, Syst = 0.05
     5.0   -0.0810    0.1990
    15.0    0.3550    0.1100
    25.0    0.4780    0.0860
    35.0    0.5180    0.0780
    45.0    0.5920    0.0730
    55.0    0.6010    0.0720
    65.0    0.5320    0.0700
    75.0    0.4880    0.0700
    85.0    0.4050    0.0710
    95.0    0.5420    0.0730
   105.0    0.4630    0.0780
   115.0    0.5480    0.0870
   125.0    0.5030    0.0950
   135.0    0.3810    0.1060
   145.0    0.3410    0.1420
   155.0    0.3930    0.2010
   165.0   -0.0510    0.3220
   175.0   -0.7500    0.7470
------------------------------------------
E = 1430.000 MeV, Wght = 1.00, Syst = 0.05
     5.0    0.1030    0.1900
    15.0    0.3650    0.1100
    25.0    0.5550    0.0860
    35.0    0.6180    0.0790
    45.0    0.5790    0.0740
    55.0    0.5480    0.0710
    65.0    0.5680    0.0700
    75.0    0.3920    0.0690
    85.0    0.4630    0.0700
    95.0    0.5080    0.0750
   105.0    0.5380    0.0780
   115.0    0.4430    0.0830
   125.0    0.5940    0.0990
   135.0    0.2730    0.1080
   145.0    0.3970    0.1450
   155.0   -0.1090    0.2060
   165.0   -0.0770    0.3100
   175.0   -1.0940    0.8310
------------------------------------------
E = 1440.000 MeV, Wght = 1.00, Syst = 0.05
     5.0    0.2280    0.2160
    15.0    0.3330    0.1050
    25.0    0.4960    0.0860
    35.0    0.5140    0.0750
    45.0    0.5570    0.0710
    55.0    0.5610    0.0670
    65.0    0.5490    0.0680
    75.0    0.3830    0.0680
    85.0    0.4120    0.0710
    95.0    0.5370    0.0710
   105.0    0.5510    0.0780
   115.0    0.5060    0.0830
   125.0    0.4720    0.0920
   135.0    0.2290    0.1080
   145.0    0.1870    0.1340
   155.0    0.2320    0.1800
   165.0    0.0900    0.2800
   175.0   -0.2110    0.7610
------------------------------------------
E = 1450.000 MeV, Wght = 1.00, Syst = 0.05
     5.0    0.0810    0.1920
    15.0    0.2490    0.1030
    25.0    0.6170    0.0880
    35.0    0.6400    0.0750
    45.0    0.5710    0.0720
    55.0    0.5860    0.0700
    65.0    0.5060    0.0690
    75.0    0.5120    0.0690
    85.0    0.4230    0.0700
    95.0    0.3810    0.0720
   105.0    0.4540    0.0780
   115.0    0.4860    0.0850
   125.0    0.3520    0.0910
   135.0    0.3150    0.1060
   145.0    0.0130    0.1410
   155.0    0.0590    0.1960
   165.0   -0.1850    0.2860
   175.0    0.4690    0.7700
------------------------------------------
E = 1460.000 MeV, Wght = 1.00, Syst = 0.05
     5.0    0.1030    0.1920
    15.0    0.4750    0.1100
    25.0    0.4320    0.0830
    35.0    0.5940    0.0740
    45.0    0.6610    0.0710
    55.0    0.5230    0.0710
    65.0    0.5330    0.0690
    75.0    0.4050    0.0700
    85.0    0.3880    0.0690
    95.0    0.4780    0.0740
   105.0    0.5870    0.0800
   115.0    0.5710    0.0840
   125.0    0.3680    0.0910
   135.0    0.4890    0.1120
   145.0    0.1310    0.1400
   155.0   -0.2620    0.1940
   165.0   -0.0150    0.2850
   175.0   -0.1250    0.6260
------------------------------------------
E = 1470.000 MeV, Wght = 1.00, Syst = 0.05
     5.0    0.1170    0.1860
    15.0    0.4600    0.1070
    25.0    0.4340    0.0820
    35.0    0.7430    0.0760
    45.0    0.7070    0.0730
    55.0    0.5920    0.0690
    65.0    0.5350    0.0700
    75.0    0.4480    0.0700
    85.0    0.5430    0.0710
    95.0    0.4280    0.0770
   105.0    0.5190    0.0790
   115.0    0.4380    0.0840
   125.0    0.2840    0.0900
   135.0    0.1220    0.1060
   145.0    0.0690    0.1460
   155.0   -0.0390    0.1890
   165.0   -0.6190    0.3270
   175.0   -0.0810    0.6310
------------------------------------------
E = 1480.000 MeV, Wght = 1.00, Syst = 0.05
     5.0    0.2730    0.1910
    15.0    0.3120    0.1070
    25.0    0.4760    0.0860
    35.0    0.5440    0.0760
    45.0    0.4970    0.0710
    55.0    0.6260    0.0710
    65.0    0.5100    0.0720
    75.0    0.4320    0.0690
    85.0    0.5500    0.0740
    95.0    0.3990    0.0730
   105.0    0.4920    0.0820
   115.0    0.3490    0.0870
   125.0    0.2510    0.0930
   135.0    0.3120    0.1090
   145.0    0.3780    0.1440
   155.0    0.0350    0.1980
   165.0   -0.3830    0.2870
   175.0    0.5650    0.5920
------------------------------------------
E = 1490.000 MeV, Wght = 1.00, Syst = 0.05
     5.0    0.1370    0.2120
    15.0    0.5090    0.1100
    25.0    0.3430    0.0830
    35.0    0.4780    0.0760
    45.0    0.5360    0.0700
    55.0    0.5530    0.0690
    65.0    0.5710    0.0710
    75.0    0.4640    0.0680
    85.0    0.3630    0.0730
    95.0    0.6040    0.0750
   105.0    0.4770    0.0780
   115.0    0.5410    0.0880
   125.0    0.4910    0.0940
   135.0    0.3310    0.1120
   145.0    0.0620    0.1380
   155.0   -0.0350    0.1860
   165.0   -0.0940    0.3250
   175.0   -0.3750    0.5740
------------------------------------------
E = 1500.000 MeV, Wght = 1.00, Syst = 0.05
     5.0   -0.2110    0.2550
    15.0    0.2320    0.1360
    25.0    0.5860    0.1200
    35.0    0.5470    0.1050
    45.0    0.5820    0.0990
    55.0    0.7280    0.1010
    65.0    0.5500    0.1020
    75.0    0.4730    0.1030
    85.0    0.2240    0.1010
    95.0    0.4480    0.1060
   105.0    0.2780    0.1100
   115.0    0.3720    0.1200
   125.0    0.3010    0.1370
   135.0    0.1350    0.1610
   145.0    0.0110    0.1890
   155.0    0.1180    0.2730
   165.0    0.1760    0.4560
   175.0    0.8070    1.3650
