  1490.00      0.27948289E-09     -0.45001904E-09
  1495.00      0.24913681E-09     -0.93124821E-09
  1500.00      0.23262687E-06     -0.18595815E-06
  1505.00     -0.34372152E-06      0.28134248E-06
  1510.00      0.25254719E-06     -0.29904697E-06
  1515.00     -0.19159974E-06      0.10127596E-06
  1520.00      0.16006081E-06     -0.20187774E-06
  1525.00      0.14875660E-06     -0.25399154E-06
  1530.00     -0.18184599E-06      0.90082249E-07
  1535.00     -0.48206195E-07     -0.14922997E-06
  1540.00     -0.24072925E-07     -0.26570209E-06
  1545.00      0.12372581E-06     -0.50204779E-06
  1550.00     -0.64628619E-06     -0.20708338E-07
  1555.00     -0.42797137E-06     -0.37511172E-06
  1560.00     -0.46678502E-06     -0.55930172E-06
  1565.00     -0.55151454E-06     -0.74794576E-06
  1570.00     -0.66250332E-06     -0.96002464E-06
  1575.00     -0.79688145E-06     -0.11867812E-05
  1580.00     -0.98098811E-06     -0.18147778E-05
  1585.00     -0.11645418E-05     -0.19135086E-05
  1590.00     -0.13904425E-05     -0.22854600E-05
  1595.00     -0.16559433E-05     -0.27196579E-05
  1600.00     -0.19615903E-05     -0.32177071E-05
  1605.00     -0.23000140E-05     -0.37902951E-05
  1610.00     -0.26925669E-05     -0.44281435E-05
  1615.00     -0.31521597E-05     -0.51300693E-05
  1620.00     -0.36722691E-05     -0.59111060E-05
  1625.00     -0.43693649E-05     -0.66851746E-05
  1630.00     -0.14132840E-05     -0.10647957E-04
  1635.00     -0.50091339E-05     -0.93185398E-05
  1640.00     -0.58698036E-05     -0.10439155E-04
  1645.00     -0.67035584E-05     -0.11765488E-04
  1650.00     -0.75849340E-05     -0.13248487E-04
  1655.00     -0.85539620E-05     -0.14870298E-04
  1660.00     -0.95971821E-05     -0.16650615E-04
  1665.00     -0.10728252E-04     -0.18596166E-04
  1670.00     -0.11947859E-04     -0.20718460E-04
  1675.00     -0.13278246E-04     -0.23016348E-04
  1680.00     -0.14708979E-04     -0.25509971E-04
  1685.00     -0.16253123E-04     -0.28208620E-04
  1690.00     -0.17912048E-04     -0.31123058E-04
  1695.00     -0.19700302E-04     -0.34263496E-04
  1700.00     -0.21632480E-04     -0.37638815E-04
  1705.00     -0.23731186E-04     -0.41254007E-04
  1710.00     -0.27493066E-04     -0.44586201E-04
  1715.00     -0.27908931E-04     -0.49461710E-04
  1720.00     -0.30462772E-04     -0.53912427E-04
  1725.00     -0.33116120E-04     -0.58693898E-04
  1730.00     -0.35916995E-04     -0.63803787E-04
  1735.00     -0.38871688E-04     -0.69260254E-04
  1740.00     -0.41998517E-04     -0.75073004E-04
  1745.00     -0.45296245E-04     -0.81260467E-04
  1750.00     -0.48778374E-04     -0.87839782E-04
  1755.00     -0.52449324E-04     -0.94823363E-04
  1760.00     -0.56303167E-04     -0.10223790E-03
  1765.00     -0.60358205E-04     -0.11009487E-03
  1770.00     -0.64610775E-04     -0.11841697E-03
  1775.00     -0.69066434E-04     -0.12722369E-03
  1780.00     -0.73736335E-04     -0.13652778E-03
  1785.00     -0.78610649E-04     -0.14636155E-03
  1790.00     -0.83707072E-04     -0.15673489E-03
  1795.00     -0.89017117E-04     -0.16767699E-03
  1800.00     -0.94548194E-04     -0.17920634E-03
  1805.00     -0.10030430E-03     -0.19134453E-03
  1810.00     -0.10627848E-03     -0.20412094E-03
  1815.00     -0.11249023E-03     -0.21754291E-03
  1820.00     -0.11891390E-03     -0.23165844E-03
  1825.00     -0.12557214E-03     -0.24646918E-03
  1830.00     -0.13243212E-03     -0.26203097E-03
  1835.00     -0.13949365E-03     -0.27836719E-03
  1840.00     -0.14655170E-03     -0.29568032E-03
  1845.00     -0.15569203E-03     -0.31216652E-03
  1850.00     -0.16268564E-03     -0.33155893E-03
  1855.00     -0.17061900E-03     -0.35117217E-03
  1860.00     -0.17881028E-03     -0.37162885E-03
  1865.00     -0.18725707E-03     -0.39295296E-03
  1870.00     -0.19590247E-03     -0.41521658E-03
  1875.00     -0.20477037E-03     -0.43842135E-03
  1880.00     -0.21382638E-03     -0.46261736E-03
  1885.00     -0.22308199E-03     -0.48781581E-03
  1890.00     -0.23251463E-03     -0.51405639E-03
  1895.00     -0.24212525E-03     -0.54135997E-03
  1900.00     -0.25189542E-03     -0.56975887E-03
  1905.00     -0.26182222E-03     -0.59927538E-03
  1910.00     -0.27188855E-03     -0.62994196E-03
  1915.00     -0.28208330E-03     -0.66178171E-03
  1920.00     -0.29239563E-03     -0.69482006E-03
  1925.00     -0.30279643E-03     -0.72917931E-03
  1930.00     -0.31321255E-03     -0.76484941E-03
  1935.00     -0.32386347E-03     -0.80147598E-03
  1940.00     -0.33444814E-03     -0.83952929E-03
  1945.00     -0.34512681E-03     -0.87905082E-03
  1950.00     -0.35579307E-03     -0.91989519E-03
  1955.00     -0.36646039E-03     -0.96201879E-03
  1960.00     -0.37708805E-03     -0.10057001E-02
  1965.00     -0.38766508E-03     -0.10507779E-02
  1970.00     -0.39815606E-03     -0.10973354E-02
  1975.00     -0.40860781E-03     -0.11452973E-02
  1980.00     -0.41888396E-03     -0.11948407E-02
  1985.00     -0.42901624E-03     -0.12459046E-02
  1990.00     -0.43897060E-03     -0.12985198E-02
  1995.00     -0.44853327E-03     -0.13526268E-02
  2000.00     -0.45826142E-03     -0.14085163E-02
  2005.00     -0.46750280E-03     -0.14659183E-02
  2010.00     -0.47644837E-03     -0.15249589E-02
  2015.00     -0.48506390E-03     -0.15856502E-02
  2020.00     -0.49331294E-03     -0.16479968E-02
  2025.00     -0.50117640E-03     -0.17121483E-02
  2030.00     -0.50858167E-03     -0.17778582E-02
  2035.00     -0.51552306E-03     -0.18453215E-02
  2040.00     -0.52194721E-03     -0.19145229E-02
  2045.00     -0.52782383E-03     -0.19854650E-02
  2050.00     -0.53311547E-03     -0.20581502E-02
  2055.00     -0.53782925E-03     -0.21324793E-02
  2060.00     -0.54170029E-03     -0.22088971E-02
  2065.00     -0.54492970E-03     -0.22869120E-02
  2070.00     -0.54712282E-03     -0.23668767E-02
  2075.00     -0.55029214E-03     -0.24476239E-02
  2080.00     -0.55052291E-03     -0.25313458E-02
  2085.00     -0.55045181E-03     -0.26165238E-02
  2090.00     -0.54951613E-03     -0.27034616E-02
  2095.00     -0.54751412E-03     -0.27922011E-02
  2100.00     -0.54461037E-03     -0.28826863E-02
  2105.00     -0.54061547E-03     -0.29749527E-02
  2110.00     -0.53550460E-03     -0.30689902E-02
  2115.00     -0.52923652E-03     -0.31647827E-02
  2120.00     -0.52175414E-03     -0.32623290E-02
  2125.00     -0.51301579E-03     -0.33616182E-02
  2130.00     -0.50299203E-03     -0.34626391E-02
  2135.00     -0.49151870E-03     -0.35653117E-02
  2140.00     -0.47873429E-03     -0.36697414E-02
  2145.00     -0.46447203E-03     -0.37758395E-02
  2150.00     -0.44878438E-03     -0.38835142E-02
  2155.00     -0.43143469E-03     -0.39929230E-02
  2160.00     -0.41251561E-03     -0.41039097E-02
  2165.00     -0.39202900E-03     -0.42164375E-02
  2170.00     -0.36976172E-03     -0.43305736E-02
  2175.00     -0.34587135E-03     -0.44466210E-02
  2180.00     -0.32000133E-03     -0.45632872E-02
  2185.00     -0.29241255E-03     -0.46818675E-02
  2190.00     -0.26363718E-03     -0.48012356E-02
  2195.00     -0.23147995E-03     -0.49233149E-02
  2200.00     -0.19811395E-03     -0.50460513E-02
  2205.00     -0.16272425E-03     -0.51701001E-02
  2210.00     -0.12527697E-03     -0.52954159E-02
  2215.00     -0.85721543E-04     -0.54219724E-02
  2220.00     -0.44059852E-04     -0.55496093E-02
  2225.00     -0.18389296E-06     -0.56784841E-02
  2230.00      0.45774017E-04     -0.58083304E-02
  2235.00      0.94379571E-04     -0.59394397E-02
  2240.00      0.14501924E-03     -0.60713645E-02
  2245.00      0.19802147E-03     -0.62042334E-02
  2250.00      0.25339962E-03     -0.63379728E-02
  2255.00      0.31119106E-03     -0.64725327E-02
  2260.00      0.37124497E-03     -0.66076978E-02
  2265.00      0.43410014E-03     -0.67438370E-02
  2270.00      0.49931383E-03     -0.68804931E-02
  2275.00      0.56705705E-03     -0.70177233E-02
  2280.00      0.63735825E-03     -0.71554651E-02
  2285.00      0.71025260E-03     -0.72936614E-02
  2290.00      0.78570448E-03     -0.74321714E-02
  2295.00      0.86391494E-03     -0.75711114E-02
  2300.00      0.94462857E-03     -0.77102335E-02
  2305.00      0.10280919E-02     -0.78495530E-02
  2310.00      0.11142444E-02     -0.79889844E-02
  2315.00      0.12031091E-02     -0.81284609E-02
  2320.00      0.12946946E-02     -0.82679010E-02
  2325.00      0.13889644E-02     -0.84072357E-02
  2330.00      0.14860490E-02     -0.85463996E-02
  2335.00      0.15858646E-02     -0.86853125E-02
  2340.00      0.16884706E-02     -0.88238960E-02
  2345.00      0.17937729E-02     -0.89621002E-02
  2350.00      0.19018633E-02     -0.90998234E-02
  2355.00      0.20127523E-02     -0.92370003E-02
  2360.00      0.21264130E-02     -0.93735591E-02
  2365.00      0.22429375E-02     -0.95094674E-02
  2370.00      0.23619962E-02     -0.96445662E-02
  2375.00      0.24838423E-02     -0.97786936E-02
  2380.00      0.26085154E-02     -0.99119965E-02
  2385.00      0.27359273E-02     -0.10044303E-01
  2390.00      0.28660430E-02     -0.10175514E-01
  2395.00      0.29988812E-02     -0.10305574E-01
  2400.00      0.31343503E-02     -0.10434450E-01
  2405.00      0.32725654E-02     -0.10561949E-01
  2410.00      0.34134048E-02     -0.10688089E-01
  2415.00      0.35568732E-02     -0.10812776E-01
  2420.00      0.37029304E-02     -0.10935920E-01
  2425.00      0.38516059E-02     -0.11057500E-01
  2430.00      0.40027933E-02     -0.11177365E-01
  2435.00      0.41564983E-02     -0.11295482E-01
  2440.00      0.43126947E-02     -0.11411779E-01
  2445.00      0.44713476E-02     -0.11526172E-01
  2450.00      0.46323878E-02     -0.11638685E-01
  2455.00      0.47958375E-02     -0.11749057E-01
  2460.00      0.49616283E-02     -0.11857363E-01
  2465.00      0.51297169E-02     -0.11963506E-01
  2470.00      0.53000879E-02     -0.12067437E-01
  2475.00      0.54725463E-02     -0.12168976E-01
  2480.00      0.56473030E-02     -0.12268257E-01
  2485.00      0.58241089E-02     -0.12365044E-01
  2490.00      0.60030123E-02     -0.12459368E-01
  2495.00      0.61839144E-02     -0.12551133E-01
  2500.00      0.63667799E-02     -0.12640298E-01
