  1080.00      0.44751475E-07     -0.28548520E-08
  1085.00      0.12689436E-04     -0.80877932E-06
  1090.00      0.73512468E-04     -0.46852371E-05
  1095.00      0.20899494E-03     -0.13320072E-04
  1100.00      0.43499085E-03     -0.27723714E-04
  1105.00      0.75963073E-03     -0.48414454E-04
  1110.00      0.11854882E-02     -0.75556295E-04
  1115.00      0.17112086E-02     -0.10906246E-03
  1120.00      0.23327029E-02     -0.14867311E-03
  1125.00      0.30440849E-02     -0.19401230E-03
  1130.00      0.38383335E-02     -0.24463319E-03
  1135.00      0.47077775E-02     -0.30004675E-03
  1140.00      0.56444616E-02     -0.35974554E-03
  1145.00      0.66404204E-02     -0.42322227E-03
  1150.00      0.76878538E-02     -0.48997985E-03
  1155.00      0.87792674E-02     -0.55954020E-03
  1160.00      0.99075178E-02     -0.63144825E-03
  1165.00      0.11065934E-01     -0.70527922E-03
  1170.00      0.12248288E-01     -0.78063610E-03
  1175.00      0.13448824E-01     -0.85715153E-03
  1180.00      0.14662272E-01     -0.93449033E-03
  1185.00      0.15883800E-01     -0.10123438E-02
  1190.00      0.17109027E-01     -0.10904333E-02
  1195.00      0.18334037E-01     -0.11685085E-02
  1200.00      0.19555243E-01     -0.12463418E-02
  1205.00      0.20769500E-01     -0.13237325E-02
  1210.00      0.21973946E-01     -0.14004979E-02
  1215.00      0.23166096E-01     -0.14764800E-02
  1220.00      0.24343761E-01     -0.15515387E-02
  1225.00      0.25505000E-01     -0.16255511E-02
  1230.00      0.26648124E-01     -0.16984092E-02
  1235.00      0.27771699E-01     -0.17700211E-02
  1240.00      0.28874463E-01     -0.18403081E-02
  1245.00      0.29955391E-01     -0.19092030E-02
  1250.00      0.31013634E-01     -0.19766527E-02
  1255.00      0.32048398E-01     -0.20426072E-02
  1260.00      0.33059177E-01     -0.21070337E-02
  1265.00      0.34045616E-01     -0.21699220E-02
  1270.00      0.35006664E-01     -0.22311358E-02
  1275.00      0.35942912E-01     -0.22907929E-02
  1280.00      0.36855048E-01     -0.23490181E-02
  1285.00      0.37740638E-01     -0.24054251E-02
  1290.00      0.38602087E-01     -0.24604004E-02
  1295.00      0.39437349E-01     -0.25136060E-02
  1300.00      0.40248054E-01     -0.25652920E-02
  1305.00      0.41032919E-01     -0.26152334E-02
  1310.00      0.41794602E-01     -0.26638386E-02
  1315.00      0.42531508E-01     -0.27108232E-02
  1320.00      0.43244478E-01     -0.27562912E-02
  1325.00      0.43932053E-01     -0.27999774E-02
  1330.00      0.44598691E-01     -0.28425688E-02
  1335.00      0.45241480E-01     -0.28835546E-02
  1340.00      0.45861603E-01     -0.29230887E-02
  1345.00      0.46459497E-01     -0.29612024E-02
  1350.00      0.47035364E-01     -0.29978887E-02
  1355.00      0.47590588E-01     -0.30333226E-02
  1360.00      0.48124417E-01     -0.30673468E-02
  1365.00      0.48637814E-01     -0.31000699E-02
  1370.00      0.49131180E-01     -0.31315140E-02
  1375.00      0.49604962E-01     -0.31617072E-02
  1380.00      0.50059596E-01     -0.31906738E-02
  1385.00      0.50495239E-01     -0.32183971E-02
  1390.00      0.50914101E-01     -0.32451927E-02
  1395.00      0.51313721E-01     -0.32706132E-02
  1400.00      0.51696281E-01     -0.32949702E-02
  1405.00      0.52061967E-01     -0.33182494E-02
  1410.00      0.52411163E-01     -0.33404723E-02
  1415.00      0.52744315E-01     -0.33616663E-02
  1420.00      0.53061826E-01     -0.33818546E-02
  1425.00      0.53364110E-01     -0.34010642E-02
  1430.00      0.53651539E-01     -0.34193140E-02
  1435.00      0.53924450E-01     -0.34366156E-02
  1440.00      0.54183778E-01     -0.34530866E-02
  1445.00      0.54429090E-01     -0.34686112E-02
  1450.00      0.54661190E-01     -0.34832842E-02
  1455.00      0.54880407E-01     -0.34971203E-02
  1460.00      0.55087107E-01     -0.35101408E-02
  1465.00      0.55281612E-01     -0.35223651E-02
  1470.00      0.55464285E-01     -0.35338140E-02
  1475.00      0.55635469E-01     -0.35445089E-02
  1480.00      0.55795532E-01     -0.35544694E-02
  1485.00      0.55944770E-01     -0.35637140E-02
  1490.00      0.56083459E-01     -0.35722599E-02
  1495.00      0.56211974E-01     -0.35801265E-02
  1500.00      0.56330654E-01     -0.35873407E-02
  1505.00      0.56443837E-01     -0.35945818E-02
  1510.00      0.56538861E-01     -0.35997418E-02
  1515.00      0.56629571E-01     -0.36050644E-02
  1520.00      0.56711417E-01     -0.36097717E-02
  1525.00      0.56784795E-01     -0.36138944E-02
  1530.00      0.56849862E-01     -0.36174385E-02
  1535.00      0.56906966E-01     -0.36204262E-02
  1540.00      0.56956307E-01     -0.36228669E-02
  1545.00      0.56998139E-01     -0.36247744E-02
  1550.00      0.57032701E-01     -0.36261607E-02
  1555.00      0.57060179E-01     -0.36270357E-02
  1560.00      0.57080833E-01     -0.36274127E-02
  1565.00      0.57094859E-01     -0.36273016E-02
  1570.00      0.57102479E-01     -0.36267136E-02
  1575.00      0.57103906E-01     -0.36256600E-02
  1580.00      0.57099281E-01     -0.36241453E-02
  1585.00      0.57088858E-01     -0.36221856E-02
  1590.00      0.57072785E-01     -0.36197848E-02
  1595.00      0.57051311E-01     -0.36169600E-02
  1600.00      0.57024571E-01     -0.36137208E-02
  1605.00      0.56991736E-01     -0.36098941E-02
  1610.00      0.56955426E-01     -0.36059142E-02
  1615.00      0.56913814E-01     -0.36014465E-02
  1620.00      0.56867532E-01     -0.35965796E-02
  1625.00      0.56816741E-01     -0.35913243E-02
  1630.00      0.56761632E-01     -0.35856898E-02
  1635.00      0.56702318E-01     -0.35796821E-02
  1640.00      0.56638954E-01     -0.35733074E-02
  1645.00      0.56571666E-01     -0.35665719E-02
  1650.00      0.56500600E-01     -0.35594826E-02
  1655.00      0.56425832E-01     -0.35520414E-02
  1660.00      0.56347563E-01     -0.35442595E-02
  1665.00      0.56265842E-01     -0.35361373E-02
  1670.00      0.56180824E-01     -0.35276826E-02
  1675.00      0.56092644E-01     -0.35189024E-02
  1680.00      0.56001355E-01     -0.35097976E-02
  1685.00      0.55907081E-01     -0.35003753E-02
  1690.00      0.55809950E-01     -0.34906409E-02
  1695.00      0.55710018E-01     -0.34805969E-02
  1700.00      0.55607429E-01     -0.34702511E-02
  1705.00      0.55502247E-01     -0.34596059E-02
  1710.00      0.55394589E-01     -0.34486679E-02
  1715.00      0.55284481E-01     -0.34374376E-02
  1720.00      0.55172067E-01     -0.34259232E-02
  1725.00      0.55057465E-01     -0.34141318E-02
  1730.00      0.54940657E-01     -0.34020599E-02
  1735.00      0.54821752E-01     -0.33897161E-02
  1740.00      0.54700923E-01     -0.33771094E-02
  1745.00      0.54578088E-01     -0.33642339E-02
  1750.00      0.54453339E-01     -0.33510891E-02
  1755.00      0.54327360E-01     -0.33377851E-02
  1760.00      0.54198972E-01     -0.33241126E-02
  1765.00      0.54069139E-01     -0.33102304E-02
  1770.00      0.53937694E-01     -0.32961073E-02
  1775.00      0.53804802E-01     -0.32817550E-02
  1780.00      0.53670414E-01     -0.32671687E-02
  1785.00      0.53534616E-01     -0.32523540E-02
  1790.00      0.53397444E-01     -0.32373162E-02
  1795.00      0.53259037E-01     -0.32220636E-02
  1800.00      0.53119337E-01     -0.32065918E-02
  1805.00      0.52978502E-01     -0.31909141E-02
  1810.00      0.52836495E-01     -0.31750294E-02
  1815.00      0.52693418E-01     -0.31589471E-02
  1820.00      0.52549332E-01     -0.31426863E-02
  1825.00      0.52404254E-01     -0.31258755E-02
  1830.00      0.52258194E-01     -0.31094628E-02
  1835.00      0.52111242E-01     -0.30926330E-02
  1840.00      0.51963466E-01     -0.30755763E-02
  1845.00      0.51814852E-01     -0.30583594E-02
  1850.00      0.51665506E-01     -0.30409603E-02
  1855.00      0.51515410E-01     -0.30233568E-02
  1860.00      0.51364647E-01     -0.30059334E-02
  1865.00      0.51213242E-01     -0.29878748E-02
  1870.00      0.51061191E-01     -0.29697961E-02
  1875.00      0.50908616E-01     -0.29515785E-02
  1880.00      0.50755484E-01     -0.29332070E-02
  1885.00      0.50601878E-01     -0.29146768E-02
  1890.00      0.50447872E-01     -0.28958101E-02
  1895.00      0.50293293E-01     -0.28772931E-02
  1900.00      0.50138406E-01     -0.28582204E-02
  1905.00      0.49983123E-01     -0.28391786E-02
  1910.00      0.49827540E-01     -0.28199233E-02
  1915.00      0.49671673E-01     -0.28005347E-02
  1920.00      0.49515546E-01     -0.27810077E-02
  1925.00      0.49359151E-01     -0.27613468E-02
  1930.00      0.49202573E-01     -0.27416073E-02
  1935.00      0.49045851E-01     -0.27215486E-02
  1940.00      0.48888934E-01     -0.27014802E-02
  1945.00      0.48731916E-01     -0.26812618E-02
  1950.00      0.48574818E-01     -0.26609007E-02
  1955.00      0.48417648E-01     -0.26404003E-02
  1960.00      0.48260468E-01     -0.26197654E-02
  1965.00      0.48103209E-01     -0.25990753E-02
  1970.00      0.47946047E-01     -0.25779383E-02
  1975.00      0.47788934E-01     -0.25568784E-02
  1980.00      0.47631808E-01     -0.25356356E-02
  1985.00      0.47474805E-01     -0.25142323E-02
  1990.00      0.47317911E-01     -0.24926662E-02
  1995.00      0.47161029E-01     -0.24709175E-02
  2000.00      0.47005965E-01     -0.24493001E-02
  2005.00      0.46848405E-01     -0.24271702E-02
  2010.00      0.46692216E-01     -0.24046794E-02
  2015.00      0.46536219E-01     -0.23822510E-02
  2020.00      0.46380486E-01     -0.23596147E-02
  2025.00      0.46225012E-01     -0.23367753E-02
  2030.00      0.46069796E-01     -0.23137252E-02
  2035.00      0.45914950E-01     -0.22904624E-02
  2040.00      0.45760400E-01     -0.22669758E-02
  2045.00      0.45606207E-01     -0.22432628E-02
  2050.00      0.45452322E-01     -0.22192278E-02
  2055.00      0.45298804E-01     -0.21950557E-02
  2060.00      0.45145748E-01     -0.21705858E-02
  2065.00      0.44993013E-01     -0.21458345E-02
  2070.00      0.44840763E-01     -0.21208086E-02
  2075.00      0.44688930E-01     -0.20954853E-02
  2080.00      0.44537538E-01     -0.20698566E-02
  2085.00      0.44386599E-01     -0.20439102E-02
  2090.00      0.44236145E-01     -0.20176321E-02
  2095.00      0.44086118E-01     -0.19910893E-02
  2100.00      0.43936643E-01     -0.19640624E-02
  2105.00      0.43787652E-01     -0.19367205E-02
  2110.00      0.43639158E-01     -0.19089965E-02
  2115.00      0.43491213E-01     -0.18808839E-02
  2120.00      0.43343801E-01     -0.18523591E-02
  2125.00      0.43196924E-01     -0.18234112E-02
  2130.00      0.43050561E-01     -0.17940216E-02
  2135.00      0.42904746E-01     -0.17641712E-02
  2140.00      0.42759635E-01     -0.17325571E-02
  2145.00      0.42614859E-01     -0.17031110E-02
  2150.00      0.42470743E-01     -0.16718093E-02
  2155.00      0.42327189E-01     -0.16399985E-02
  2160.00      0.42184218E-01     -0.16076602E-02
  2165.00      0.42041830E-01     -0.15747740E-02
  2170.00      0.41900013E-01     -0.15413254E-02
  2175.00      0.41758775E-01     -0.15072941E-02
  2180.00      0.41618098E-01     -0.14726560E-02
  2185.00      0.41477958E-01     -0.14375129E-02
  2190.00      0.41338439E-01     -0.14016007E-02
  2195.00      0.41199593E-01     -0.13650950E-02
  2200.00      0.41061108E-01     -0.13279175E-02
  2205.00      0.40923280E-01     -0.12900716E-02
  2210.00      0.40786001E-01     -0.12515306E-02
  2215.00      0.40649267E-01     -0.12122766E-02
  2220.00      0.40513070E-01     -0.11722715E-02
  2225.00      0.40377422E-01     -0.11316190E-02
  2230.00      0.40242321E-01     -0.10901318E-02
  2235.00      0.40107832E-01     -0.10478888E-02
  2240.00      0.39973719E-01     -0.10048497E-02
  2245.00      0.39840144E-01     -0.96100603E-03
  2250.00      0.39707066E-01     -0.91631127E-03
  2255.00      0.39574472E-01     -0.87087339E-03
  2260.00      0.39442359E-01     -0.82452827E-03
  2265.00      0.39310718E-01     -0.77732192E-03
  2270.00      0.39179514E-01     -0.72925823E-03
  2275.00      0.39048744E-01     -0.68027743E-03
  2280.00      0.38918411E-01     -0.63041914E-03
  2285.00      0.38788481E-01     -0.57962811E-03
  2290.00      0.38658939E-01     -0.52791052E-03
  2295.00      0.38529775E-01     -0.47514449E-03
  2300.00      0.38401003E-01     -0.42166040E-03
  2305.00      0.38272553E-01     -0.36708665E-03
  2310.00      0.38144415E-01     -0.31153971E-03
  2315.00      0.38016600E-01     -0.25500913E-03
  2320.00      0.37889091E-01     -0.19748408E-03
  2325.00      0.37761826E-01     -0.13895065E-03
  2330.00      0.37634828E-01     -0.79470510E-04
  2335.00      0.37508063E-01     -0.18857807E-04
  2340.00      0.37381527E-01      0.42736008E-04
  2345.00      0.37255175E-01      0.10536658E-03
  2350.00      0.37129000E-01      0.16903679E-03
  2355.00      0.37002986E-01      0.23376314E-03
  2360.00      0.36877117E-01      0.29953047E-03
  2365.00      0.36751343E-01      0.36636824E-03
  2370.00      0.36625654E-01      0.43426823E-03
  2375.00      0.36500028E-01      0.50323792E-03
  2380.00      0.36374487E-01      0.57328145E-03
  2385.00      0.36248942E-01      0.64438443E-03
  2390.00      0.36123332E-01      0.71658039E-03
  2395.00      0.35997807E-01      0.78984551E-03
  2400.00      0.35872212E-01      0.86419454E-03
  2405.00      0.35746540E-01      0.93956194E-03
  2410.00      0.35620736E-01      0.10161080E-02
  2415.00      0.35494883E-01      0.10936239E-02
  2420.00      0.35368821E-01      0.11723176E-02
  2425.00      0.35242678E-01      0.12520367E-02
  2430.00      0.35116282E-01      0.13328249E-02
  2435.00      0.34989704E-01      0.14146854E-02
  2440.00      0.34862900E-01      0.14975935E-02
  2445.00      0.34735832E-01      0.15815579E-02
  2450.00      0.34608423E-01      0.16665682E-02
  2455.00      0.34480809E-01      0.17526427E-02
  2460.00      0.34352808E-01      0.18397712E-02
  2465.00      0.34224440E-01      0.19278687E-02
  2470.00      0.34095756E-01      0.20169994E-02
  2475.00      0.33966620E-01      0.21071468E-02
  2480.00      0.33837099E-01      0.21982899E-02
  2485.00      0.33707103E-01      0.22904247E-02
  2490.00      0.33576645E-01      0.23835243E-02
  2495.00      0.33445720E-01      0.24776516E-02
  2500.00      0.33314232E-01      0.25726728E-02
