E =  160.000 MeV, Wght = 1.00, Syst = 0.05
     5.0   -0.0670    0.0800
    15.0    0.0520    0.0440
    25.0    0.0190    0.0360
    35.0   -0.0740    0.0310
    45.0    0.0410    0.0280
    55.0    0.0330    0.0260
    65.0   -0.0160    0.0240
    75.0   -0.0090    0.0240
    85.0    0.0170    0.0230
    95.0   -0.0450    0.0230
   105.0    0.0000    0.0240
   115.0   -0.0320    0.0250
   125.0    0.0390    0.0250
   135.0   -0.0040    0.0270
   145.0   -0.0220    0.0300
   155.0   -0.0070    0.0350
   165.0   -0.1070    0.0460
   175.0   -0.0820    0.0780
------------------------------------------
E =  170.000 MeV, Wght = 1.00, Syst = 0.05
     5.0    0.0820    0.0660
    15.0   -0.0050    0.0390
    25.0    0.0210    0.0310
    35.0    0.0030    0.0270
    45.0    0.0280    0.0240
    55.0   -0.0120    0.0230
    65.0    0.0030    0.0210
    75.0   -0.0170    0.0210
    85.0    0.0150    0.0200
    95.0    0.0160    0.0200
   105.0    0.0230    0.0200
   115.0    0.0240    0.0210
   125.0    0.0330    0.0220
   135.0    0.0200    0.0230
   145.0    0.0300    0.0270
   155.0    0.0290    0.0310
   165.0   -0.0110    0.0390
   175.0    0.0490    0.0670
------------------------------------------
E =  180.000 MeV, Wght = 1.00, Syst = 0.05
     5.0   -0.0300    0.0650
    15.0   -0.0390    0.0380
    25.0   -0.0690    0.0300
    35.0   -0.0190    0.0260
    45.0   -0.0270    0.0240
    55.0    0.0280    0.0220
    65.0    0.0150    0.0210
    75.0    0.0320    0.0200
    85.0    0.0280    0.0190
    95.0    0.0270    0.0190
   105.0   -0.0020    0.0190
   115.0    0.0220    0.0200
   125.0   -0.0290    0.0210
   135.0    0.0060    0.0230
   145.0    0.0250    0.0250
   155.0    0.0170    0.0290
   165.0   -0.0040    0.0380
   175.0   -0.0080    0.0640
------------------------------------------
E =  190.000 MeV, Wght = 1.00, Syst = 0.05
     5.0    0.0190    0.0650
    15.0   -0.0180    0.0390
    25.0    0.0370    0.0310
    35.0    0.0460    0.0270
    45.0    0.0160    0.0240
    55.0    0.0100    0.0220
    65.0    0.0560    0.0210
    75.0   -0.0010    0.0200
    85.0    0.0310    0.0190
    95.0    0.0220    0.0190
   105.0   -0.0160    0.0190
   115.0    0.0470    0.0190
   125.0    0.0010    0.0200
   135.0    0.0460    0.0220
   145.0    0.0490    0.0250
   155.0    0.0310    0.0290
   165.0   -0.0070    0.0370
   175.0   -0.0730    0.0640
------------------------------------------
E =  200.000 MeV, Wght = 1.00, Syst = 0.05
     5.0   -0.0140    0.0680
    15.0    0.0150    0.0400
    25.0   -0.0130    0.0320
    35.0   -0.0030    0.0280
    45.0   -0.0120    0.0250
    55.0    0.0100    0.0230
    65.0    0.0530    0.0210
    75.0    0.0420    0.0200
    85.0    0.0460    0.0190
    95.0    0.0090    0.0190
   105.0    0.0410    0.0190
   115.0    0.0220    0.0190
   125.0    0.0210    0.0200
   135.0    0.0500    0.0210
   145.0   -0.0410    0.0240
   155.0   -0.0360    0.0280
   165.0   -0.0110    0.0360
   175.0    0.0760    0.0630
------------------------------------------
E =  210.000 MeV, Wght = 1.00, Syst = 0.05
     5.0   -0.0210    0.0720
    15.0    0.0240    0.0430
    25.0    0.0170    0.0340
    35.0   -0.0410    0.0290
    45.0   -0.0020    0.0250
    55.0    0.0560    0.0230
    65.0    0.0310    0.0210
    75.0    0.0910    0.0190
    85.0    0.0590    0.0190
    95.0    0.0620    0.0180
   105.0    0.0620    0.0180
   115.0    0.0460    0.0180
   125.0    0.0370    0.0200
   135.0    0.0300    0.0210
   145.0    0.0110    0.0240
   155.0    0.0300    0.0280
   165.0    0.0620    0.0360
   175.0    0.0960    0.0620
------------------------------------------
E =  220.000 MeV, Wght = 1.00, Syst = 0.05
     5.0    0.0340    0.0750
    15.0    0.0460    0.0440
    25.0    0.0420    0.0350
    35.0    0.0560    0.0300
    45.0    0.0650    0.0260
    55.0    0.0850    0.0230
    65.0    0.0420    0.0210
    75.0    0.0730    0.0190
    85.0    0.0650    0.0180
    95.0    0.1170    0.0180
   105.0    0.0600    0.0180
   115.0    0.0680    0.0180
   125.0    0.0290    0.0190
   135.0    0.0620    0.0210
   145.0    0.0790    0.0230
   155.0   -0.0200    0.0270
   165.0   -0.0430    0.0350
   175.0   -0.0490    0.0600
------------------------------------------
E =  230.000 MeV, Wght = 1.00, Syst = 0.05
     5.0    0.0500    0.0790
    15.0    0.0450    0.0480
    25.0    0.0980    0.0380
    35.0    0.0890    0.0320
    45.0    0.0540    0.0270
    55.0    0.1090    0.0230
    65.0    0.0900    0.0200
    75.0    0.1170    0.0190
    85.0    0.1170    0.0180
    95.0    0.1230    0.0170
   105.0    0.0560    0.0170
   115.0    0.0630    0.0180
   125.0    0.0810    0.0190
   135.0    0.0340    0.0200
   145.0    0.0380    0.0230
   155.0    0.0120    0.0270
   165.0   -0.0110    0.0350
   175.0    0.0090    0.0590
------------------------------------------
E =  240.000 MeV, Wght = 1.00, Syst = 0.05
     5.0    0.0580    0.0880
    15.0   -0.0370    0.0510
    25.0    0.0280    0.0400
    35.0    0.1030    0.0330
    45.0    0.1500    0.0270
    55.0    0.1450    0.0230
    65.0    0.1400    0.0200
    75.0    0.1360    0.0180
    85.0    0.1570    0.0170
    95.0    0.1220    0.0170
   105.0    0.1020    0.0170
   115.0    0.1040    0.0170
   125.0    0.0570    0.0180
   135.0    0.0920    0.0200
   145.0    0.0410    0.0220
   155.0    0.0190    0.0260
   165.0    0.1110    0.0340
   175.0    0.0480    0.0580
------------------------------------------
E =  250.000 MeV, Wght = 1.00, Syst = 0.05
     5.0   -0.0830    0.0910
    15.0    0.0100    0.0530
    25.0    0.1400    0.0420
    35.0    0.1290    0.0330
    45.0    0.2110    0.0270
    55.0    0.1840    0.0230
    65.0    0.1650    0.0200
    75.0    0.1830    0.0180
    85.0    0.1800    0.0170
    95.0    0.1730    0.0160
   105.0    0.1390    0.0160
   115.0    0.0990    0.0170
   125.0    0.1130    0.0180
   135.0    0.0890    0.0190
   145.0    0.0530    0.0220
   155.0    0.0400    0.0260
   165.0   -0.0130    0.0340
   175.0    0.0690    0.0570
------------------------------------------
E =  260.000 MeV, Wght = 1.00, Syst = 0.05
     5.0    0.0670    0.0980
    15.0    0.0610    0.0560
    25.0    0.2130    0.0440
    35.0    0.1750    0.0330
    45.0    0.3200    0.0270
    55.0    0.2840    0.0220
    65.0    0.2250    0.0190
    75.0    0.2200    0.0170
    85.0    0.2180    0.0160
    95.0    0.2070    0.0160
   105.0    0.1810    0.0160
   115.0    0.1680    0.0160
   125.0    0.1210    0.0170
   135.0    0.1390    0.0190
   145.0    0.0870    0.0210
   155.0    0.0620    0.0260
   165.0    0.0380    0.0330
   175.0   -0.0030    0.0550
------------------------------------------
E =  270.000 MeV, Wght = 1.00, Syst = 0.05
     5.0   -0.0590    0.1000
    15.0    0.2200    0.0600
    25.0    0.3320    0.0430
    35.0    0.2870    0.0330
    45.0    0.3140    0.0260
    55.0    0.3060    0.0210
    65.0    0.2970    0.0190
    75.0    0.3050    0.0170
    85.0    0.2570    0.0160
    95.0    0.2190    0.0150
   105.0    0.2070    0.0150
   115.0    0.2150    0.0160
   125.0    0.1600    0.0170
   135.0    0.1080    0.0190
   145.0    0.1300    0.0210
   155.0    0.0790    0.0250
   165.0    0.0900    0.0320
   175.0    0.0500    0.0560
------------------------------------------
E =  280.000 MeV, Wght = 1.00, Syst = 0.05
     5.0    0.1230    0.0940
    15.0    0.1650    0.0590
    25.0    0.2970    0.0420
    35.0    0.3810    0.0310
    45.0    0.4210    0.0250
    55.0    0.3730    0.0210
    65.0    0.3820    0.0180
    75.0    0.3350    0.0160
    85.0    0.3430    0.0150
    95.0    0.3030    0.0150
   105.0    0.2590    0.0150
   115.0    0.2510    0.0160
   125.0    0.1960    0.0160
   135.0    0.1730    0.0180
   145.0    0.1620    0.0210
   155.0    0.1600    0.0250
   165.0    0.0450    0.0320
   175.0   -0.0360    0.0550
------------------------------------------
E =  290.000 MeV, Wght = 1.00, Syst = 0.05
     5.0    0.1390    0.0910
    15.0    0.1930    0.0540
    25.0    0.3330    0.0400
    35.0    0.4470    0.0300
    45.0    0.4650    0.0240
    55.0    0.4460    0.0200
    65.0    0.4270    0.0180
    75.0    0.3850    0.0160
    85.0    0.3580    0.0150
    95.0    0.3570    0.0150
   105.0    0.3090    0.0150
   115.0    0.2860    0.0150
   125.0    0.2620    0.0160
   135.0    0.2140    0.0180
   145.0    0.2110    0.0210
   155.0    0.0830    0.0250
   165.0    0.1090    0.0320
   175.0    0.0170    0.0540
------------------------------------------
E =  300.000 MeV, Wght = 1.00, Syst = 0.05
     5.0    0.0820    0.0870
    15.0    0.2530    0.0500
    25.0    0.4450    0.0370
    35.0    0.4780    0.0290
    45.0    0.4910    0.0230
    55.0    0.5030    0.0200
    65.0    0.4710    0.0170
    75.0    0.4740    0.0160
    85.0    0.4550    0.0150
    95.0    0.4050    0.0150
   105.0    0.3790    0.0150
   115.0    0.3480    0.0160
   125.0    0.3150    0.0170
   135.0    0.2860    0.0180
   145.0    0.2520    0.0210
   155.0    0.1960    0.0250
   165.0    0.1100    0.0320
   175.0    0.0940    0.0570
------------------------------------------
E =  310.000 MeV, Wght = 1.00, Syst = 0.05
     5.0    0.0720    0.0760
    15.0    0.2030    0.0450
    25.0    0.4130    0.0350
    35.0    0.4820    0.0280
    45.0    0.6000    0.0230
    55.0    0.5320    0.0190
    65.0    0.5240    0.0170
    75.0    0.4980    0.0160
    85.0    0.4880    0.0150
    95.0    0.4280    0.0150
   105.0    0.4260    0.0150
   115.0    0.3780    0.0160
   125.0    0.3370    0.0170
   135.0    0.3060    0.0190
   145.0    0.2840    0.0210
   155.0    0.1880    0.0260
   165.0    0.0960    0.0330
   175.0   -0.0820    0.0600
------------------------------------------
E =  320.000 MeV, Wght = 1.00, Syst = 0.05
     5.0    0.0330    0.0710
    15.0    0.1260    0.0410
    25.0    0.3340    0.0330
    35.0    0.5130    0.0270
    45.0    0.5290    0.0220
    55.0    0.5970    0.0200
    65.0    0.6130    0.0180
    75.0    0.5590    0.0160
    85.0    0.5060    0.0150
    95.0    0.5220    0.0150
   105.0    0.4950    0.0160
   115.0    0.4390    0.0160
   125.0    0.3900    0.0180
   135.0    0.3860    0.0200
   145.0    0.3420    0.0230
   155.0    0.2530    0.0270
   165.0    0.1340    0.0350
   175.0    0.0930    0.0610
------------------------------------------
E =  330.000 MeV, Wght = 1.00, Syst = 0.05
     5.0    0.0150    0.0650
    15.0    0.2080    0.0400
    25.0    0.3370    0.0320
    35.0    0.5130    0.0270
    45.0    0.5500    0.0230
    55.0    0.6150    0.0200
    65.0    0.5940    0.0180
    75.0    0.6230    0.0170
    85.0    0.5980    0.0160
    95.0    0.5590    0.0160
   105.0    0.5370    0.0170
   115.0    0.5210    0.0170
   125.0    0.4620    0.0190
   135.0    0.4260    0.0210
   145.0    0.4080    0.0240
   155.0    0.3110    0.0290
   165.0    0.2300    0.0380
   175.0    0.0290    0.0670
------------------------------------------
E =  340.000 MeV, Wght = 1.00, Syst = 0.05
     5.0   -0.0130    0.0610
    15.0    0.1320    0.0380
    25.0    0.3360    0.0310
    35.0    0.4340    0.0260
    45.0    0.5700    0.0230
    55.0    0.6340    0.0210
    65.0    0.6390    0.0190
    75.0    0.6420    0.0180
    85.0    0.6220    0.0170
    95.0    0.5790    0.0170
   105.0    0.5720    0.0180
   115.0    0.5780    0.0190
   125.0    0.4890    0.0200
   135.0    0.4530    0.0230
   145.0    0.4560    0.0260
   155.0    0.3880    0.0310
   165.0    0.2740    0.0420
   175.0    0.1530    0.0720
------------------------------------------
E =  350.000 MeV, Wght = 1.00, Syst = 0.05
     5.0    0.0560    0.0590
    15.0    0.1150    0.0360
    25.0    0.3050    0.0300
    35.0    0.4330    0.0270
    45.0    0.5730    0.0240
    55.0    0.6420    0.0210
    65.0    0.6280    0.0200
    75.0    0.6580    0.0190
    85.0    0.6690    0.0190
    95.0    0.6270    0.0180
   105.0    0.6390    0.0190
   115.0    0.6180    0.0200
   125.0    0.5720    0.0220
   135.0    0.5560    0.0250
   145.0    0.4880    0.0290
   155.0    0.3350    0.0350
   165.0    0.2740    0.0450
   175.0    0.0190    0.0800
------------------------------------------
E =  360.000 MeV, Wght = 1.00, Syst = 0.05
     5.0    0.0440    0.0580
    15.0    0.1500    0.0360
    25.0    0.2460    0.0310
    35.0    0.4090    0.0270
    45.0    0.5470    0.0240
    55.0    0.6220    0.0220
    65.0    0.6480    0.0210
    75.0    0.6830    0.0200
    85.0    0.6950    0.0200
    95.0    0.6870    0.0200
   105.0    0.6920    0.0210
   115.0    0.6320    0.0220
   125.0    0.6410    0.0250
   135.0    0.5880    0.0280
   145.0    0.5110    0.0320
   155.0    0.4690    0.0390
   165.0    0.3640    0.0500
   175.0    0.1710    0.0880
------------------------------------------
E =  370.000 MeV, Wght = 1.00, Syst = 0.05
     5.0   -0.0280    0.0570
    15.0    0.0890    0.0360
    25.0    0.2700    0.0310
    35.0    0.4130    0.0270
    45.0    0.4980    0.0250
    55.0    0.5880    0.0230
    65.0    0.6230    0.0220
    75.0    0.6690    0.0210
    85.0    0.7230    0.0210
    95.0    0.6890    0.0220
   105.0    0.7120    0.0230
   115.0    0.6990    0.0250
   125.0    0.6830    0.0270
   135.0    0.6640    0.0300
   145.0    0.5540    0.0350
   155.0    0.4910    0.0410
   165.0    0.2940    0.0540
   175.0    0.1140    0.0980
------------------------------------------
E =  380.000 MeV, Wght = 1.00, Syst = 0.05
     5.0   -0.0560    0.0570
    15.0    0.0410    0.0360
    25.0    0.2320    0.0320
    35.0    0.3610    0.0280
    45.0    0.4650    0.0260
    55.0    0.5580    0.0240
    65.0    0.6450    0.0230
    75.0    0.6700    0.0220
    85.0    0.6800    0.0220
    95.0    0.7490    0.0240
   105.0    0.7130    0.0250
   115.0    0.7510    0.0270
   125.0    0.7250    0.0300
   135.0    0.7280    0.0330
   145.0    0.6700    0.0390
   155.0    0.5730    0.0470
   165.0    0.4060    0.0590
   175.0    0.0710    0.1010
------------------------------------------
E =  390.000 MeV, Wght = 1.00, Syst = 0.05
     5.0   -0.0430    0.0580
    15.0    0.1130    0.0370
    25.0    0.2250    0.0320
    35.0    0.3610    0.0290
    45.0    0.4490    0.0270
    55.0    0.5330    0.0250
    65.0    0.6290    0.0240
    75.0    0.6760    0.0240
    85.0    0.6890    0.0240
    95.0    0.7510    0.0250
   105.0    0.7560    0.0270
   115.0    0.7370    0.0290
   125.0    0.7730    0.0320
   135.0    0.7010    0.0360
   145.0    0.6650    0.0420
   155.0    0.4680    0.0490
   165.0    0.3120    0.0660
   175.0    0.1630    0.1120
------------------------------------------
E =  400.000 MeV, Wght = 1.00, Syst = 0.05
     5.0   -0.0120    0.0590
    15.0    0.0390    0.0380
    25.0    0.2260    0.0330
    35.0    0.3080    0.0300
    45.0    0.4570    0.0280
    55.0    0.5020    0.0260
    65.0    0.6010    0.0250
    75.0    0.6580    0.0250
    85.0    0.7020    0.0250
    95.0    0.7480    0.0260
   105.0    0.7730    0.0280
   115.0    0.7820    0.0310
   125.0    0.7370    0.0340
   135.0    0.7880    0.0400
   145.0    0.6960    0.0450
   155.0    0.6230    0.0540
   165.0    0.3860    0.0720
   175.0    0.2460    0.1250
------------------------------------------
E =  410.000 MeV, Wght = 1.00, Syst = 0.05
     5.0   -0.0020    0.0580
    15.0    0.0390    0.0390
    25.0    0.1860    0.0330
    35.0    0.2510    0.0310
    45.0    0.3720    0.0280
    55.0    0.4940    0.0270
    65.0    0.5710    0.0260
    75.0    0.5850    0.0260
    85.0    0.6710    0.0270
    95.0    0.7150    0.0280
   105.0    0.7350    0.0300
   115.0    0.7780    0.0330
   125.0    0.7990    0.0370
   135.0    0.8020    0.0430
   145.0    0.7320    0.0490
   155.0    0.5900    0.0570
   165.0    0.4570    0.0810
   175.0    0.1670    0.1370
------------------------------------------
E =  420.000 MeV, Wght = 1.00, Syst = 0.05
     5.0   -0.0150    0.0610
    15.0    0.0710    0.0390
    25.0    0.0920    0.0340
    35.0    0.2370    0.0310
    45.0    0.3130    0.0290
    55.0    0.4100    0.0270
    65.0    0.5290    0.0270
    75.0    0.5650    0.0260
    85.0    0.6300    0.0280
    95.0    0.7270    0.0290
   105.0    0.7550    0.0320
   115.0    0.8060    0.0350
   125.0    0.8330    0.0400
   135.0    0.8100    0.0450
   145.0    0.6550    0.0500
   155.0    0.6160    0.0620
   165.0    0.3800    0.0800
   175.0    0.0100    0.1400
------------------------------------------
E =  430.000 MeV, Wght = 1.00, Syst = 0.05
     5.0   -0.0110    0.0620
    15.0    0.0360    0.0410
    25.0    0.1270    0.0350
    35.0    0.1780    0.0320
    45.0    0.3430    0.0300
    55.0    0.3640    0.0280
    65.0    0.4920    0.0270
    75.0    0.5640    0.0280
    85.0    0.5940    0.0290
    95.0    0.6510    0.0300
   105.0    0.7620    0.0330
   115.0    0.7920    0.0370
   125.0    0.7480    0.0410
   135.0    0.8670    0.0470
   145.0    0.6780    0.0540
   155.0    0.4540    0.0640
   165.0    0.4130    0.0830
   175.0    0.2360    0.1440
------------------------------------------
E =  440.000 MeV, Wght = 1.00, Syst = 0.05
     5.0    0.0140    0.0630
    15.0    0.0650    0.0410
    25.0    0.0820    0.0360
    35.0    0.1880    0.0320
    45.0    0.2930    0.0300
    55.0    0.3430    0.0290
    65.0    0.4270    0.0280
    75.0    0.5040    0.0280
    85.0    0.5690    0.0290
    95.0    0.6350    0.0320
   105.0    0.6980    0.0350
   115.0    0.7980    0.0390
   125.0    0.7760    0.0430
   135.0    0.7500    0.0490
   145.0    0.7210    0.0560
   155.0    0.6460    0.0670
   165.0    0.4610    0.0840
   175.0    0.2310    0.1430
------------------------------------------
E =  450.000 MeV, Wght = 1.00, Syst = 0.05
     5.0   -0.0180    0.0630
    15.0    0.0510    0.0420
    25.0    0.1160    0.0360
    35.0    0.1420    0.0330
    45.0    0.2240    0.0310
    55.0    0.3310    0.0290
    65.0    0.3670    0.0290
    75.0    0.4240    0.0290
    85.0    0.5810    0.0300
    95.0    0.6720    0.0330
   105.0    0.6700    0.0360
   115.0    0.6910    0.0390
   125.0    0.8270    0.0450
   135.0    0.7840    0.0520
   145.0    0.7910    0.0600
   155.0    0.5130    0.0680
   165.0    0.3840    0.0880
   175.0    0.0470    0.1530
------------------------------------------
E =  460.000 MeV, Wght = 1.00, Syst = 0.05
     5.0    0.1110    0.0650
    15.0    0.0210    0.0430
    25.0    0.0820    0.0380
    35.0    0.1030    0.0340
    45.0    0.1940    0.0310
    55.0    0.2540    0.0290
    65.0    0.3270    0.0300
    75.0    0.4550    0.0300
    85.0    0.5320    0.0310
    95.0    0.6070    0.0340
   105.0    0.6580    0.0360
   115.0    0.7230    0.0410
   125.0    0.7460    0.0460
   135.0    0.7840    0.0510
   145.0    0.6900    0.0580
   155.0    0.5490    0.0710
   165.0    0.3310    0.0880
   175.0    0.0540    0.1470
------------------------------------------
E =  470.000 MeV, Wght = 1.00, Syst = 0.05
     5.0    0.0510    0.0680
    15.0    0.0810    0.0430
    25.0    0.0570    0.0390
    35.0    0.0480    0.0340
    45.0    0.1960    0.0320
    55.0    0.2220    0.0300
    65.0    0.3020    0.0300
    75.0    0.3530    0.0300
    85.0    0.4550    0.0320
    95.0    0.4860    0.0340
   105.0    0.6710    0.0380
   115.0    0.7000    0.0420
   125.0    0.8000    0.0470
   135.0    0.7670    0.0540
   145.0    0.6950    0.0610
   155.0    0.5200    0.0710
   165.0    0.4110    0.0900
   175.0    0.3030    0.1570
------------------------------------------
E =  480.000 MeV, Wght = 1.00, Syst = 0.05
     5.0   -0.1220    0.0670
    15.0    0.0280    0.0450
    25.0   -0.0090    0.0400
    35.0    0.0380    0.0360
    45.0    0.1330    0.0330
    55.0    0.1630    0.0300
    65.0    0.2410    0.0300
    75.0    0.3330    0.0310
    85.0    0.4230    0.0320
    95.0    0.5950    0.0350
   105.0    0.6320    0.0380
   115.0    0.7040    0.0430
   125.0    0.6530    0.0480
   135.0    0.7670    0.0540
   145.0    0.6410    0.0600
   155.0    0.5500    0.0720
   165.0    0.3660    0.0920
   175.0    0.1010    0.1420
------------------------------------------
E =  490.000 MeV, Wght = 1.00, Syst = 0.05
     5.0    0.0250    0.0700
    15.0   -0.0980    0.0450
    25.0   -0.0260    0.0400
    35.0   -0.0080    0.0360
    45.0    0.0820    0.0330
    55.0    0.1410    0.0310
    65.0    0.1450    0.0300
    75.0    0.3580    0.0320
    85.0    0.3800    0.0330
    95.0    0.4810    0.0350
   105.0    0.5990    0.0400
   115.0    0.6530    0.0450
   125.0    0.7370    0.0500
   135.0    0.6750    0.0550
   145.0    0.6730    0.0640
   155.0    0.5010    0.0730
   165.0    0.1990    0.0900
   175.0    0.2740    0.1670
------------------------------------------
E =  500.000 MeV, Wght = 1.00, Syst = 0.05
     5.0   -0.0020    0.0700
    15.0   -0.0150    0.0460
    25.0   -0.0410    0.0400
    35.0   -0.0120    0.0360
    45.0    0.0390    0.0330
    55.0    0.0900    0.0310
    65.0    0.1140    0.0310
    75.0    0.2690    0.0320
    85.0    0.3740    0.0330
    95.0    0.4480    0.0360
   105.0    0.5430    0.0400
   115.0    0.6060    0.0450
   125.0    0.7190    0.0500
   135.0    0.7350    0.0580
   145.0    0.4320    0.0610
   155.0    0.4280    0.0700
   165.0    0.3390    0.0900
   175.0    0.3310    0.1590
------------------------------------------
E =  510.000 MeV, Wght = 1.00, Syst = 0.05
     5.0   -0.0110    0.0730
    15.0    0.0250    0.0480
    25.0   -0.0910    0.0410
    35.0    0.0070    0.0360
    45.0    0.0020    0.0330
    55.0    0.0590    0.0320
    65.0    0.1130    0.0310
    75.0    0.1850    0.0320
    85.0    0.3130    0.0340
    95.0    0.4140    0.0360
   105.0    0.4620    0.0410
   115.0    0.5890    0.0450
   125.0    0.4820    0.0500
   135.0    0.5630    0.0560
   145.0    0.4880    0.0620
   155.0    0.3730    0.0730
   165.0    0.2730    0.0900
   175.0    0.0470    0.1530
------------------------------------------
E =  520.000 MeV, Wght = 1.00, Syst = 0.05
     5.0   -0.0360    0.0720
    15.0   -0.0500    0.0480
    25.0   -0.1470    0.0420
    35.0   -0.0710    0.0360
    45.0    0.0010    0.0340
    55.0   -0.0260    0.0320
    65.0    0.1130    0.0310
    75.0    0.1090    0.0320
    85.0    0.2420    0.0340
    95.0    0.3350    0.0370
   105.0    0.4320    0.0410
   115.0    0.4930    0.0450
   125.0    0.4340    0.0490
   135.0    0.6590    0.0580
   145.0    0.6020    0.0650
   155.0    0.3490    0.0750
   165.0    0.1950    0.0970
   175.0    0.2110    0.1580
------------------------------------------
E =  530.000 MeV, Wght = 1.00, Syst = 0.05
     5.0    0.0000    0.0710
    15.0   -0.0710    0.0490
    25.0   -0.0880    0.0420
    35.0   -0.0660    0.0370
    45.0   -0.0540    0.0350
    55.0    0.0110    0.0320
    65.0    0.0530    0.0320
    75.0    0.0900    0.0320
    85.0    0.2460    0.0340
    95.0    0.3920    0.0380
   105.0    0.4490    0.0410
   115.0    0.5140    0.0470
   125.0    0.5290    0.0520
   135.0    0.5280    0.0570
   145.0    0.4050    0.0650
   155.0    0.3340    0.0750
   165.0    0.2250    0.0910
   175.0    0.2550    0.1650
------------------------------------------
E =  540.000 MeV, Wght = 1.00, Syst = 0.05
     5.0    0.0030    0.0750
    15.0   -0.0040    0.0480
    25.0   -0.0460    0.0420
    35.0   -0.0730    0.0380
    45.0   -0.1160    0.0340
    55.0   -0.0640    0.0330
    65.0    0.0380    0.0320
    75.0    0.0640    0.0330
    85.0    0.1720    0.0350
    95.0    0.3030    0.0380
   105.0    0.4110    0.0420
   115.0    0.4520    0.0470
   125.0    0.4790    0.0530
   135.0    0.4500    0.0570
   145.0    0.4330    0.0640
   155.0    0.2580    0.0770
   165.0    0.2860    0.0950
   175.0   -0.1760    0.1720
------------------------------------------
E =  550.000 MeV, Wght = 1.00, Syst = 0.05
     5.0    0.0740    0.0740
    15.0   -0.1600    0.0490
    25.0   -0.1740    0.0420
    35.0   -0.1130    0.0370
    45.0   -0.1280    0.0340
    55.0   -0.0490    0.0330
    65.0    0.0350    0.0320
    75.0    0.0720    0.0330
    85.0    0.1850    0.0350
    95.0    0.2560    0.0390
   105.0    0.2870    0.0420
   115.0    0.4580    0.0480
   125.0    0.4350    0.0540
   135.0    0.5030    0.0610
   145.0    0.4050    0.0680
   155.0    0.2680    0.0790
   165.0    0.2220    0.0990
   175.0    0.0380    0.1600
------------------------------------------
E =  560.000 MeV, Wght = 1.00, Syst = 0.05
     5.0   -0.2090    0.0740
    15.0   -0.1010    0.0500
    25.0   -0.1270    0.0420
    35.0   -0.1440    0.0390
    45.0   -0.1250    0.0350
    55.0   -0.0450    0.0330
    65.0   -0.0610    0.0330
    75.0    0.0960    0.0340
    85.0    0.1250    0.0360
    95.0    0.2510    0.0380
   105.0    0.3180    0.0430
   115.0    0.3840    0.0490
   125.0    0.5000    0.0530
   135.0    0.3510    0.0610
   145.0    0.4740    0.0680
   155.0    0.3360    0.0790
   165.0    0.1850    0.1010
   175.0    0.1490    0.1730
------------------------------------------
E =  570.000 MeV, Wght = 1.00, Syst = 0.05
     5.0   -0.0790    0.0740
    15.0   -0.0540    0.0490
    25.0   -0.1560    0.0430
    35.0   -0.1460    0.0380
    45.0   -0.1640    0.0360
    55.0   -0.1370    0.0330
    65.0   -0.0240    0.0330
    75.0    0.0830    0.0330
    85.0    0.1320    0.0350
    95.0    0.2270    0.0390
   105.0    0.3010    0.0430
   115.0    0.4400    0.0490
   125.0    0.3630    0.0540
   135.0    0.3770    0.0610
   145.0    0.4680    0.0710
   155.0    0.2570    0.0800
   165.0    0.2110    0.1060
   175.0    0.3010    0.1900
------------------------------------------
E =  580.000 MeV, Wght = 1.00, Syst = 0.05
     5.0   -0.0200    0.0750
    15.0   -0.1290    0.0500
    25.0   -0.1320    0.0440
    35.0   -0.1690    0.0380
    45.0   -0.1970    0.0350
    55.0   -0.1590    0.0340
    65.0   -0.0940    0.0330
    75.0    0.0630    0.0340
    85.0    0.0280    0.0350
    95.0    0.1980    0.0390
   105.0    0.2400    0.0440
   115.0    0.3220    0.0490
   125.0    0.2890    0.0540
   135.0    0.4320    0.0640
   145.0    0.3300    0.0700
   155.0    0.4010    0.0810
   165.0    0.2740    0.1030
   175.0    0.2760    0.1870
------------------------------------------
E =  590.000 MeV, Wght = 1.00, Syst = 0.05
     5.0   -0.0110    0.0750
    15.0   -0.1950    0.0510
    25.0   -0.1550    0.0440
    35.0   -0.2470    0.0380
    45.0   -0.1950    0.0350
    55.0   -0.1790    0.0330
    65.0   -0.0970    0.0330
    75.0   -0.0680    0.0340
    85.0    0.1040    0.0360
    95.0    0.1910    0.0400
   105.0    0.1780    0.0430
   115.0    0.3390    0.0500
   125.0    0.3390    0.0560
   135.0    0.4610    0.0630
   145.0    0.3110    0.0730
   155.0    0.2930    0.0850
   165.0    0.2980    0.0990
   175.0   -0.1490    0.1820
------------------------------------------
E =  600.000 MeV, Wght = 1.00, Syst = 0.05
     5.0    0.0700    0.0750
    15.0   -0.0760    0.0520
    25.0   -0.2030    0.0440
    35.0   -0.1930    0.0380
    45.0   -0.2430    0.0350
    55.0   -0.1730    0.0340
    65.0   -0.1660    0.0330
    75.0   -0.0260    0.0340
    85.0    0.0850    0.0360
    95.0    0.1200    0.0390
   105.0    0.1600    0.0440
   115.0    0.1410    0.0480
   125.0    0.3640    0.0560
   135.0    0.2720    0.0620
   145.0    0.2220    0.0710
   155.0    0.2300    0.0860
   165.0    0.1250    0.1090
   175.0    0.2000    0.1830
------------------------------------------
E =  610.000 MeV, Wght = 1.00, Syst = 0.05
     5.0   -0.0750    0.0750
    15.0   -0.0730    0.0510
    25.0   -0.1720    0.0430
    35.0   -0.2060    0.0400
    45.0   -0.1860    0.0350
    55.0   -0.1790    0.0340
    65.0   -0.1000    0.0330
    75.0   -0.0910    0.0340
    85.0   -0.0130    0.0360
    95.0    0.1280    0.0400
   105.0    0.2190    0.0450
   115.0    0.2230    0.0500
   125.0    0.1570    0.0560
   135.0    0.3550    0.0630
   145.0    0.2460    0.0730
   155.0    0.1750    0.0850
   165.0    0.1340    0.1110
   175.0   -0.1460    0.1810
------------------------------------------
E =  620.000 MeV, Wght = 1.00, Syst = 0.05
     5.0    0.0030    0.0790
    15.0   -0.1690    0.0520
    25.0   -0.1840    0.0450
    35.0   -0.2110    0.0390
    45.0   -0.3030    0.0350
    55.0   -0.2410    0.0340
    65.0   -0.1190    0.0330
    75.0    0.0350    0.0340
    85.0    0.0440    0.0370
    95.0    0.0770    0.0400
   105.0    0.1070    0.0450
   115.0    0.2050    0.0490
   125.0    0.2470    0.0570
   135.0    0.2540    0.0630
   145.0    0.2930    0.0740
   155.0    0.1700    0.0880
   165.0    0.1220    0.1160
   175.0    0.0350    0.1870
------------------------------------------
E =  630.000 MeV, Wght = 1.00, Syst = 0.05
     5.0    0.0980    0.0800
    15.0   -0.1620    0.0520
    25.0   -0.2430    0.0450
    35.0   -0.2340    0.0390
    45.0   -0.2670    0.0360
    55.0   -0.1600    0.0340
    65.0   -0.1480    0.0330
    75.0   -0.0650    0.0340
    85.0    0.1040    0.0370
    95.0    0.1030    0.0400
   105.0    0.1510    0.0440
   115.0    0.1880    0.0490
   125.0    0.1660    0.0560
   135.0    0.2890    0.0640
   145.0    0.2440    0.0710
   155.0    0.1980    0.0910
   165.0    0.1300    0.1170
   175.0    0.0420    0.2040
------------------------------------------
E =  640.000 MeV, Wght = 1.00, Syst = 0.05
     5.0    0.0000    0.0790
    15.0   -0.2270    0.0540
    25.0   -0.2280    0.0460
    35.0   -0.2460    0.0390
    45.0   -0.2570    0.0360
    55.0   -0.2180    0.0330
    65.0   -0.1650    0.0330
    75.0   -0.0820    0.0340
    85.0    0.0090    0.0360
    95.0    0.0480    0.0390
   105.0    0.0820    0.0440
   115.0    0.0800    0.0490
   125.0    0.2470    0.0560
   135.0    0.2660    0.0650
   145.0    0.1940    0.0740
   155.0    0.1690    0.0900
   165.0    0.2050    0.1200
   175.0    0.2000    0.2010
------------------------------------------
E =  650.000 MeV, Wght = 1.00, Syst = 0.05
     5.0   -0.1370    0.0790
    15.0   -0.2330    0.0530
    25.0   -0.2280    0.0460
    35.0   -0.2550    0.0390
    45.0   -0.2550    0.0350
    55.0   -0.2850    0.0330
    65.0   -0.2130    0.0330
    75.0   -0.0660    0.0330
    85.0    0.0120    0.0360
    95.0    0.0070    0.0400
   105.0    0.0520    0.0430
   115.0    0.1030    0.0480
   125.0    0.1620    0.0550
   135.0    0.2280    0.0620
   145.0    0.2190    0.0730
   155.0    0.1580    0.0860
   165.0    0.0070    0.1160
   175.0   -0.0750    0.1940
------------------------------------------
E =  660.000 MeV, Wght = 1.00, Syst = 0.05
     5.0    0.0060    0.0780
    15.0   -0.0550    0.0530
    25.0   -0.3130    0.0450
    35.0   -0.2930    0.0390
    45.0   -0.3480    0.0350
    55.0   -0.2280    0.0330
    65.0   -0.1690    0.0330
    75.0   -0.1190    0.0330
    85.0   -0.0740    0.0360
    95.0   -0.0420    0.0380
   105.0    0.2030    0.0430
   115.0    0.2370    0.0470
   125.0    0.1280    0.0530
   135.0    0.1250    0.0620
   145.0    0.3250    0.0770
   155.0    0.1490    0.0850
   165.0    0.2210    0.1180
   175.0    0.0190    0.1950
------------------------------------------
E =  670.000 MeV, Wght = 1.00, Syst = 0.05
     5.0   -0.0440    0.0790
    15.0   -0.2420    0.0540
    25.0   -0.2470    0.0460
    35.0   -0.2690    0.0390
    45.0   -0.2830    0.0350
    55.0   -0.2360    0.0330
    65.0   -0.1810    0.0320
    75.0   -0.1410    0.0330
    85.0    0.0040    0.0350
    95.0   -0.0340    0.0380
   105.0    0.0700    0.0420
   115.0    0.1330    0.0480
   125.0    0.3070    0.0540
   135.0    0.0420    0.0590
   145.0    0.3070    0.0760
   155.0    0.3310    0.0870
   165.0    0.0840    0.1240
   175.0   -0.0200    0.1990
------------------------------------------
E =  680.000 MeV, Wght = 1.00, Syst = 0.05
     5.0   -0.1070    0.0820
    15.0   -0.1470    0.0540
    25.0   -0.2500    0.0440
    35.0   -0.3220    0.0390
    45.0   -0.2810    0.0360
    55.0   -0.2490    0.0330
    65.0   -0.2460    0.0330
    75.0   -0.1500    0.0330
    85.0   -0.0840    0.0350
    95.0    0.0310    0.0370
   105.0    0.0660    0.0410
   115.0    0.1350    0.0460
   125.0    0.0420    0.0540
   135.0    0.0560    0.0600
   145.0    0.1400    0.0700
   155.0    0.1420    0.0880
   165.0    0.2070    0.1160
   175.0    0.1360    0.1980
------------------------------------------
E =  690.000 MeV, Wght = 1.00, Syst = 0.05
     5.0   -0.1500    0.0800
    15.0   -0.1750    0.0550
    25.0   -0.3470    0.0460
    35.0   -0.3020    0.0390
    45.0   -0.3370    0.0360
    55.0   -0.2750    0.0330
    65.0   -0.1800    0.0330
    75.0   -0.1630    0.0330
    85.0   -0.0910    0.0340
    95.0   -0.0200    0.0370
   105.0    0.0780    0.0400
   115.0    0.0410    0.0460
   125.0    0.1090    0.0520
   135.0    0.1610    0.0590
   145.0    0.0830    0.0690
   155.0    0.1600    0.0870
   165.0    0.3400    0.1180
   175.0    0.1610    0.2150
------------------------------------------
E =  700.000 MeV, Wght = 1.00, Syst = 0.05
     5.0   -0.0780    0.0810
    15.0   -0.2380    0.0550
    25.0   -0.3290    0.0470
    35.0   -0.3150    0.0390
    45.0   -0.3540    0.0360
    55.0   -0.2640    0.0330
    65.0   -0.2690    0.0330
    75.0   -0.1550    0.0330
    85.0   -0.1360    0.0340
    95.0   -0.0220    0.0370
   105.0    0.0950    0.0400
   115.0    0.0850    0.0450
   125.0    0.1060    0.0510
   135.0    0.0650    0.0580
   145.0    0.0320    0.0680
   155.0    0.1060    0.0820
   165.0    0.2390    0.1150
   175.0    0.1410    0.2020
------------------------------------------
E =  710.000 MeV, Wght = 1.00, Syst = 0.05
     5.0    0.0930    0.0840
    15.0   -0.2280    0.0540
    25.0   -0.3340    0.0460
    35.0   -0.4160    0.0400
    45.0   -0.4100    0.0360
    55.0   -0.3410    0.0330
    65.0   -0.2630    0.0330
    75.0   -0.1530    0.0330
    85.0   -0.0970    0.0340
    95.0   -0.0180    0.0360
   105.0    0.0000    0.0400
   115.0    0.0350    0.0440
   125.0    0.0830    0.0500
   135.0    0.0870    0.0570
   145.0    0.1280    0.0680
   155.0    0.1110    0.0830
   165.0    0.0390    0.1140
   175.0   -0.0170    0.1820
------------------------------------------
E =  720.000 MeV, Wght = 1.00, Syst = 0.05
     5.0   -0.0110    0.0870
    15.0   -0.1780    0.0580
    25.0   -0.3440    0.0480
    35.0   -0.4190    0.0410
    45.0   -0.4420    0.0370
    55.0   -0.3710    0.0350
    65.0   -0.2500    0.0340
    75.0   -0.1750    0.0340
    85.0   -0.0710    0.0340
    95.0   -0.0190    0.0370
   105.0    0.0260    0.0400
   115.0    0.0150    0.0460
   125.0    0.0430    0.0510
   135.0    0.1740    0.0580
   145.0    0.2900    0.0740
   155.0    0.0730    0.0880
   165.0    0.4290    0.1180
   175.0    0.1090    0.1910
------------------------------------------
E =  730.000 MeV, Wght = 1.00, Syst = 0.05
     5.0    0.0310    0.0880
    15.0   -0.0980    0.0610
    25.0   -0.3300    0.0490
    35.0   -0.4930    0.0440
    45.0   -0.4450    0.0380
    55.0   -0.4240    0.0360
    65.0   -0.2640    0.0350
    75.0   -0.2160    0.0350
    85.0   -0.1190    0.0350
    95.0    0.0160    0.0380
   105.0    0.0470    0.0410
   115.0    0.0540    0.0450
   125.0    0.1060    0.0520
   135.0    0.0850    0.0600
   145.0    0.1660    0.0710
   155.0    0.2550    0.0890
   165.0    0.2860    0.1270
   175.0   -0.4370    0.2190
------------------------------------------
E =  740.000 MeV, Wght = 1.00, Syst = 0.05
     5.0   -0.0360    0.0890
    15.0   -0.1850    0.0620
    25.0   -0.4600    0.0530
    35.0   -0.5020    0.0450
    45.0   -0.4760    0.0400
    55.0   -0.4840    0.0370
    65.0   -0.3580    0.0360
    75.0   -0.2730    0.0360
    85.0   -0.1910    0.0370
    95.0    0.0030    0.0390
   105.0   -0.0580    0.0420
   115.0    0.2130    0.0470
   125.0    0.2070    0.0530
   135.0    0.1210    0.0610
   145.0    0.0600    0.0740
   155.0    0.2740    0.0920
   165.0    0.1110    0.1260
   175.0    0.1690    0.2200
------------------------------------------
E =  750.000 MeV, Wght = 1.00, Syst = 0.05
     5.0    0.0000    0.0920
    15.0   -0.2200    0.0630
    25.0   -0.3630    0.0540
    35.0   -0.5360    0.0470
    45.0   -0.5720    0.0420
    55.0   -0.4700    0.0390
    65.0   -0.3970    0.0370
    75.0   -0.2480    0.0370
    85.0   -0.1870    0.0380
    95.0   -0.0540    0.0390
   105.0   -0.0570    0.0430
   115.0    0.0830    0.0470
   125.0    0.0280    0.0540
   135.0    0.1830    0.0620
   145.0    0.2890    0.0730
   155.0    0.2680    0.0990
   165.0    0.0230    0.1240
   175.0    0.0000    0.2090
------------------------------------------
E =  760.000 MeV, Wght = 1.00, Syst = 0.05
     5.0    0.1080    0.1040
    15.0   -0.2780    0.0640
    25.0   -0.4440    0.0560
    35.0   -0.6120    0.0490
    45.0   -0.5400    0.0430
    55.0   -0.5060    0.0410
    65.0   -0.3150    0.0390
    75.0   -0.2990    0.0390
    85.0   -0.2330    0.0400
    95.0   -0.0590    0.0410
   105.0    0.0060    0.0440
   115.0    0.0410    0.0500
   125.0    0.1650    0.0550
   135.0    0.1290    0.0650
   145.0    0.3080    0.0800
   155.0    0.2570    0.0990
   165.0    0.2050    0.1240
   175.0    0.2420    0.2110
------------------------------------------
E =  770.000 MeV, Wght = 1.00, Syst = 0.05
     5.0   -0.1490    0.1020
    15.0   -0.1760    0.0650
    25.0   -0.4830    0.0560
    35.0   -0.6930    0.0500
    45.0   -0.6660    0.0470
    55.0   -0.5190    0.0430
    65.0   -0.4180    0.0420
    75.0   -0.3460    0.0410
    85.0   -0.2660    0.0420
    95.0   -0.1600    0.0440
   105.0   -0.0950    0.0460
   115.0    0.0580    0.0500
   125.0    0.0990    0.0580
   135.0    0.1470    0.0670
   145.0    0.2040    0.0820
   155.0    0.2560    0.1030
   165.0    0.1310    0.1250
   175.0    0.1960    0.2810
------------------------------------------
E =  780.000 MeV, Wght = 1.00, Syst = 0.05
     5.0   -0.0530    0.0980
    15.0   -0.1760    0.0670
    25.0   -0.4260    0.0570
    35.0   -0.6360    0.0510
    45.0   -0.6530    0.0480
    55.0   -0.6910    0.0460
    65.0   -0.5450    0.0460
    75.0   -0.4370    0.0440
    85.0   -0.2080    0.0460
    95.0   -0.1830    0.0460
   105.0   -0.1530    0.0490
   115.0   -0.1000    0.0530
   125.0   -0.0390    0.0590
   135.0    0.1440    0.0700
   145.0    0.3300    0.0860
   155.0    0.3430    0.1080
   165.0    0.3920    0.1480
   175.0    0.3800    0.2290
------------------------------------------
E =  790.000 MeV, Wght = 1.00, Syst = 0.05
     5.0   -0.1120    0.1010
    15.0   -0.1890    0.0680
    25.0   -0.4310    0.0580
    35.0   -0.6410    0.0530
    45.0   -0.6990    0.0510
    55.0   -0.7300    0.0500
    65.0   -0.6410    0.0480
    75.0   -0.4090    0.0470
    85.0   -0.3510    0.0490
    95.0   -0.2490    0.0500
   105.0   -0.0680    0.0510
   115.0   -0.0630    0.0550
   125.0   -0.0020    0.0620
   135.0    0.0690    0.0700
   145.0    0.2100    0.0880
   155.0    0.3730    0.1080
   165.0    0.0680    0.1400
   175.0   -0.1880    0.2510
------------------------------------------
E =  800.000 MeV, Wght = 1.00, Syst = 0.05
     5.0   -0.1620    0.1060
    15.0   -0.1620    0.0710
    25.0   -0.5240    0.0610
    35.0   -0.5810    0.0550
    45.0   -0.7310    0.0530
    55.0   -0.7350    0.0520
    65.0   -0.6640    0.0510
    75.0   -0.6260    0.0530
    85.0   -0.3270    0.0520
    95.0   -0.1980    0.0520
   105.0   -0.1910    0.0540
   115.0   -0.0930    0.0580
   125.0    0.1110    0.0660
   135.0    0.1540    0.0720
   145.0    0.1540    0.0910
   155.0    0.3180    0.1100
   165.0    0.3640    0.1530
   175.0    0.2070    0.2640
------------------------------------------
E =  810.000 MeV, Wght = 1.00, Syst = 0.05
     5.0   -0.0920    0.0980
    15.0   -0.1730    0.0700
    25.0   -0.4770    0.0620
    35.0   -0.6210    0.0550
    45.0   -0.7280    0.0540
    55.0   -0.7790    0.0540
    65.0   -0.7100    0.0560
    75.0   -0.5670    0.0560
    85.0   -0.4120    0.0560
    95.0   -0.3270    0.0570
   105.0   -0.1430    0.0570
   115.0   -0.1580    0.0610
   125.0   -0.1420    0.0680
   135.0    0.1110    0.0780
   145.0    0.0940    0.0930
   155.0    0.3010    0.1110
   165.0    0.1510    0.1420
   175.0   -0.0620    0.2500
------------------------------------------
E =  820.000 MeV, Wght = 1.00, Syst = 0.05
     5.0   -0.0050    0.1030
    15.0   -0.2630    0.0710
    25.0   -0.5100    0.0630
    35.0   -0.6090    0.0550
    45.0   -0.6480    0.0540
    55.0   -0.7750    0.0560
    65.0   -0.7950    0.0580
    75.0   -0.5870    0.0580
    85.0   -0.4310    0.0600
    95.0   -0.3240    0.0600
   105.0   -0.1600    0.0610
   115.0   -0.1780    0.0620
   125.0   -0.0220    0.0700
   135.0    0.1210    0.0790
   145.0    0.2750    0.0970
   155.0    0.4250    0.1140
   165.0    0.1420    0.1480
   175.0    0.0000    0.2500
------------------------------------------
E =  830.000 MeV, Wght = 1.00, Syst = 0.05
     5.0   -0.1420    0.1070
    15.0   -0.3260    0.0720
    25.0   -0.4050    0.0600
    35.0   -0.5470    0.0580
    45.0   -0.6720    0.0570
    55.0   -0.7410    0.0580
    65.0   -0.7960    0.0610
    75.0   -0.6350    0.0630
    85.0   -0.4940    0.0630
    95.0   -0.4090    0.0640
   105.0   -0.3050    0.0640
   115.0   -0.0720    0.0640
   125.0   -0.0300    0.0700
   135.0    0.2040    0.0800
   145.0   -0.1200    0.0980
   155.0    0.4580    0.1180
   165.0    0.1260    0.1450
   175.0    0.2500    0.2520
------------------------------------------
E =  840.000 MeV, Wght = 1.00, Syst = 0.05
     5.0    0.0660    0.1050
    15.0   -0.2510    0.0740
    25.0   -0.4310    0.0640
    35.0   -0.5210    0.0570
    45.0   -0.6850    0.0540
    55.0   -0.7780    0.0590
    65.0   -0.8360    0.0640
    75.0   -0.5900    0.0660
    85.0   -0.5940    0.0670
    95.0   -0.4080    0.0660
   105.0   -0.2860    0.0660
   115.0   -0.1140    0.0680
   125.0    0.0490    0.0740
   135.0    0.0100    0.0810
   145.0    0.3300    0.1000
   155.0    0.2930    0.1130
   165.0    0.1440    0.1490
   175.0    0.2030    0.2420
------------------------------------------
E =  850.000 MeV, Wght = 1.00, Syst = 0.05
     5.0   -0.1190    0.1090
    15.0   -0.0930    0.0720
    25.0   -0.3580    0.0620
    35.0   -0.5320    0.0580
    45.0   -0.5740    0.0560
    55.0   -0.7140    0.0600
    65.0   -0.7530    0.0640
    75.0   -0.6650    0.0690
    85.0   -0.6010    0.0690
    95.0   -0.5550    0.0710
   105.0   -0.1290    0.0670
   115.0   -0.0590    0.0690
   125.0   -0.0780    0.0730
   135.0    0.1790    0.0820
   145.0    0.1830    0.0960
   155.0    0.2110    0.1140
   165.0    0.2270    0.1410
   175.0    0.6350    0.2280
------------------------------------------
E =  860.000 MeV, Wght = 1.00, Syst = 0.05
     5.0   -0.0060    0.1110
    15.0   -0.1070    0.0730
    25.0   -0.4030    0.0630
    35.0   -0.5000    0.0580
    45.0   -0.5820    0.0560
    55.0   -0.6490    0.0590
    65.0   -0.7720    0.0670
    75.0   -0.8190    0.0710
    85.0   -0.5660    0.0730
    95.0   -0.4260    0.0730
   105.0   -0.3150    0.0700
   115.0   -0.1950    0.0680
   125.0   -0.1180    0.0730
   135.0   -0.0970    0.0830
   145.0    0.2170    0.0980
   155.0    0.1510    0.1080
   165.0    0.2390    0.1390
   175.0    0.2030    0.2420
------------------------------------------
E =  870.000 MeV, Wght = 1.00, Syst = 0.05
     5.0    0.0110    0.1070
    15.0   -0.1550    0.0750
    25.0   -0.4190    0.0620
    35.0   -0.3750    0.0570
    45.0   -0.5130    0.0550
    55.0   -0.6950    0.0610
    65.0   -0.6860    0.0630
    75.0   -0.7480    0.0710
    85.0   -0.6080    0.0760
    95.0   -0.4750    0.0730
   105.0   -0.3000    0.0700
   115.0   -0.2300    0.0720
   125.0    0.0220    0.0740
   135.0    0.0760    0.0870
   145.0    0.2330    0.0970
   155.0    0.1910    0.1110
   165.0   -0.1410    0.1470
   175.0   -0.0340    0.2600
------------------------------------------
E =  880.000 MeV, Wght = 1.00, Syst = 0.05
     5.0   -0.0400    0.1070
    15.0   -0.2390    0.0760
    25.0   -0.3670    0.0660
    35.0   -0.4760    0.0580
    45.0   -0.6020    0.0570
    55.0   -0.6480    0.0590
    65.0   -0.7150    0.0660
    75.0   -0.7390    0.0740
    85.0   -0.6150    0.0750
    95.0   -0.4590    0.0760
   105.0   -0.2320    0.0760
   115.0   -0.2940    0.0740
   125.0    0.1010    0.0800
   135.0    0.0840    0.0870
   145.0    0.1450    0.0990
   155.0    0.2590    0.1130
   165.0    0.1730    0.1430
   175.0    0.1620    0.2330
------------------------------------------
E =  890.000 MeV, Wght = 1.00, Syst = 0.05
     5.0    0.0310    0.1110
    15.0   -0.1310    0.0760
    25.0   -0.2720    0.0620
    35.0   -0.4860    0.0580
    45.0   -0.6490    0.0560
    55.0   -0.6550    0.0590
    65.0   -0.5410    0.0640
    75.0   -0.6380    0.0730
    85.0   -0.6280    0.0760
    95.0   -0.4420    0.0760
   105.0   -0.3720    0.0720
   115.0   -0.0410    0.0740
   125.0    0.0530    0.0770
   135.0    0.1100    0.0860
   145.0    0.1570    0.0960
   155.0    0.1850    0.1160
   165.0    0.3280    0.1470
   175.0   -0.1820    0.2710
------------------------------------------
E =  900.000 MeV, Wght = 1.00, Syst = 0.05
     5.0    0.1850    0.1160
    15.0   -0.3030    0.0760
    25.0   -0.3770    0.0640
    35.0   -0.4180    0.0570
    45.0   -0.5520    0.0540
    55.0   -0.5800    0.0570
    65.0   -0.6470    0.0660
    75.0   -0.7070    0.0740
    85.0   -0.7390    0.0810
    95.0   -0.5700    0.0820
   105.0   -0.3700    0.0750
   115.0   -0.1890    0.0730
   125.0   -0.0030    0.0760
   135.0   -0.0110    0.0850
   145.0    0.0810    0.0950
   155.0    0.1710    0.1130
   165.0   -0.1250    0.1450
   175.0    0.7080    0.2630
------------------------------------------
E =  910.000 MeV, Wght = 1.00, Syst = 0.05
     5.0    0.0810    0.1160
    15.0   -0.1400    0.0790
    25.0   -0.3020    0.0640
    35.0   -0.3370    0.0560
    45.0   -0.5340    0.0560
    55.0   -0.5410    0.0560
    65.0   -0.6520    0.0640
    75.0   -0.7850    0.0750
    85.0   -0.6830    0.0790
    95.0   -0.5150    0.0810
   105.0   -0.3460    0.0760
   115.0   -0.2610    0.0740
   125.0   -0.0490    0.0760
   135.0    0.1750    0.0880
   145.0    0.1740    0.0950
   155.0   -0.2320    0.1140
   165.0    0.2980    0.1470
   175.0    0.2610    0.2430
------------------------------------------
E =  920.000 MeV, Wght = 1.00, Syst = 0.05
     5.0    0.0530    0.1150
    15.0   -0.2720    0.0810
    25.0   -0.3690    0.0640
    35.0   -0.4480    0.0560
    45.0   -0.5140    0.0540
    55.0   -0.5460    0.0550
    65.0   -0.6250    0.0620
    75.0   -0.7380    0.0740
    85.0   -0.8730    0.0830
    95.0   -0.5100    0.0820
   105.0   -0.4730    0.0760
   115.0   -0.1840    0.0750
   125.0   -0.0850    0.0780
   135.0    0.1610    0.0840
   145.0    0.0050    0.0970
   155.0    0.2160    0.1190
   165.0    0.1510    0.1420
   175.0   -0.2690    0.2470
------------------------------------------
E =  930.000 MeV, Wght = 1.00, Syst = 0.05
     5.0   -0.2540    0.1200
    15.0   -0.1990    0.0800
    25.0   -0.5300    0.0650
    35.0   -0.5220    0.0560
    45.0   -0.5410    0.0530
    55.0   -0.5850    0.0540
    65.0   -0.5980    0.0600
    75.0   -0.6620    0.0730
    85.0   -0.6670    0.0840
    95.0   -0.4770    0.0830
   105.0   -0.3020    0.0790
   115.0   -0.1920    0.0750
   125.0   -0.0090    0.0750
   135.0   -0.0150    0.0850
   145.0    0.0900    0.0900
   155.0    0.2430    0.1170
   165.0   -0.0580    0.1530
   175.0   -0.2350    0.2440
------------------------------------------
E =  940.000 MeV, Wght = 1.00, Syst = 0.05
     5.0   -0.3410    0.1230
    15.0   -0.2260    0.0790
    25.0   -0.3240    0.0650
    35.0   -0.5540    0.0580
    45.0   -0.5060    0.0520
    55.0   -0.5860    0.0540
    65.0   -0.5690    0.0610
    75.0   -0.7470    0.0720
    85.0   -0.6930    0.0820
    95.0   -0.5620    0.0810
   105.0   -0.5790    0.0800
   115.0   -0.1770    0.0740
   125.0   -0.0760    0.0740
   135.0   -0.0030    0.0830
   145.0    0.1250    0.1000
   155.0    0.0060    0.1080
   165.0    0.0850    0.1380
   175.0   -0.1110    0.2360
------------------------------------------
E =  950.000 MeV, Wght = 1.00, Syst = 0.05
     5.0   -0.4640    0.1240
    15.0   -0.2790    0.0820
    25.0   -0.4810    0.0640
    35.0   -0.5070    0.0550
    45.0   -0.5280    0.0520
    55.0   -0.5440    0.0540
    65.0   -0.6070    0.0590
    75.0   -0.6170    0.0700
    85.0   -0.6010    0.0810
    95.0   -0.5780    0.0820
   105.0   -0.3130    0.0800
   115.0   -0.2930    0.0730
   125.0   -0.0510    0.0750
   135.0    0.0070    0.0850
   145.0    0.0080    0.0910
   155.0   -0.0330    0.1160
   165.0    0.0240    0.1530
   175.0   -0.0530    0.2290
------------------------------------------
E =  960.000 MeV, Wght = 1.00, Syst = 0.05
     5.0   -0.1120    0.1310
    15.0   -0.2450    0.0850
    25.0   -0.4710    0.0660
    35.0   -0.6580    0.0560
    45.0   -0.6390    0.0500
    55.0   -0.6100    0.0520
    65.0   -0.5750    0.0570
    75.0   -0.6840    0.0700
    85.0   -0.6290    0.0810
    95.0   -0.6100    0.0860
   105.0   -0.4990    0.0770
   115.0   -0.1200    0.0710
   125.0   -0.1960    0.0740
   135.0    0.1920    0.0850
   145.0    0.1080    0.0930
   155.0    0.1070    0.1190
   165.0   -0.0870    0.1580
   175.0   -0.2690    0.2470
------------------------------------------
E =  970.000 MeV, Wght = 1.00, Syst = 0.05
     5.0    0.1900    0.1270
    15.0   -0.3060    0.0870
    25.0   -0.6070    0.0680
    35.0   -0.5990    0.0540
    45.0   -0.6560    0.0510
    55.0   -0.6880    0.0520
    65.0   -0.6180    0.0580
    75.0   -0.6630    0.0670
    85.0   -0.5400    0.0810
    95.0   -0.5880    0.0880
   105.0   -0.3570    0.0800
   115.0   -0.2950    0.0730
   125.0   -0.0670    0.0730
   135.0    0.0100    0.0820
   145.0    0.0800    0.0940
   155.0    0.0390    0.1140
   165.0   -0.4300    0.1500
   175.0    0.1090    0.2700
------------------------------------------
E =  980.000 MeV, Wght = 1.00, Syst = 0.05
     5.0   -0.1110    0.1310
    15.0   -0.3500    0.0900
    25.0   -0.6000    0.0670
    35.0   -0.6650    0.0550
    45.0   -0.6180    0.0510
    55.0   -0.6820    0.0510
    65.0   -0.6150    0.0590
    75.0   -0.6080    0.0690
    85.0   -0.7300    0.0840
    95.0   -0.5430    0.0830
   105.0   -0.4740    0.0810
   115.0   -0.2400    0.0730
   125.0    0.0270    0.0730
   135.0   -0.1230    0.0800
   145.0    0.0890    0.0970
   155.0    0.0880    0.1170
   165.0   -0.0340    0.1500
   175.0   -0.1400    0.3060
------------------------------------------
E =  990.000 MeV, Wght = 1.00, Syst = 0.05
     5.0    0.0610    0.1430
    15.0   -0.4880    0.0900
    25.0   -0.7120    0.0690
    35.0   -0.6640    0.0560
    45.0   -0.6840    0.0510
    55.0   -0.7410    0.0520
    65.0   -0.5280    0.0550
    75.0   -0.6190    0.0670
    85.0   -0.7430    0.0840
    95.0   -0.7040    0.0890
   105.0   -0.3870    0.0810
   115.0   -0.2480    0.0740
   125.0   -0.1710    0.0730
   135.0    0.1690    0.0790
   145.0    0.1830    0.0900
   155.0    0.1390    0.1180
   165.0   -0.0910    0.1430
   175.0   -0.2860    0.2890
------------------------------------------
E = 1000.000 MeV, Wght = 1.00, Syst = 0.05
     5.0   -0.1360    0.1450
    15.0   -0.4090    0.0940
    25.0   -0.6950    0.0690
    35.0   -0.6750    0.0550
    45.0   -0.6610    0.0510
    55.0   -0.6830    0.0500
    65.0   -0.5690    0.0570
    75.0   -0.6310    0.0660
    85.0   -0.6940    0.0820
    95.0   -0.7540    0.0900
   105.0   -0.4620    0.0840
   115.0   -0.0780    0.0770
   125.0   -0.1150    0.0730
   135.0   -0.1040    0.0790
   145.0    0.2300    0.0970
   155.0    0.0520    0.1140
   165.0   -0.0830    0.1670
   175.0    0.2750    0.2830
------------------------------------------
E = 1010.000 MeV, Wght = 1.00, Syst = 0.05
     5.0   -0.1240    0.1390
    15.0   -0.5100    0.0910
    25.0   -0.7320    0.0700
    35.0   -0.7500    0.0560
    45.0   -0.7060    0.0510
    55.0   -0.6190    0.0510
    65.0   -0.6430    0.0560
    75.0   -0.6510    0.0680
    85.0   -0.7550    0.0860
    95.0   -0.6980    0.0890
   105.0   -0.4940    0.0820
   115.0   -0.1750    0.0740
   125.0   -0.1120    0.0770
   135.0    0.0870    0.0790
   145.0    0.0440    0.0990
   155.0   -0.0850    0.1190
   165.0   -0.2540    0.1690
   175.0   -0.2220    0.3000
------------------------------------------
E = 1020.000 MeV, Wght = 1.00, Syst = 0.05
     5.0   -0.3820    0.1550
    15.0   -0.3060    0.0930
    25.0   -0.7050    0.0700
    35.0   -0.8910    0.0590
    45.0   -0.7390    0.0520
    55.0   -0.6190    0.0520
    65.0   -0.7220    0.0590
    75.0   -0.6330    0.0680
    85.0   -0.7270    0.0890
    95.0   -0.6770    0.0930
   105.0   -0.3820    0.0860
   115.0   -0.1830    0.0780
   125.0    0.0480    0.0770
   135.0    0.1140    0.0810
   145.0    0.2130    0.0950
   155.0    0.2450    0.1230
   165.0   -0.0150    0.1710
   175.0    0.3160    0.2680
------------------------------------------
E = 1030.000 MeV, Wght = 1.00, Syst = 0.05
     5.0    0.0390    0.1620
    15.0   -0.4360    0.1000
    25.0   -0.6730    0.0710
    35.0   -0.7360    0.0580
    45.0   -0.6790    0.0510
    55.0   -0.7530    0.0540
    65.0   -0.6020    0.0580
    75.0   -0.4850    0.0700
    85.0   -0.6180    0.0870
    95.0   -0.6890    0.0970
   105.0   -0.4070    0.0870
   115.0   -0.2020    0.0790
   125.0   -0.0090    0.0770
   135.0    0.1280    0.0880
   145.0    0.1170    0.1010
   155.0    0.0610    0.1160
   165.0    0.0280    0.1680
   175.0   -0.6360    0.3160
------------------------------------------
E = 1040.000 MeV, Wght = 1.00, Syst = 0.05
     5.0   -0.0760    0.1590
    15.0   -0.4520    0.0980
    25.0   -0.7120    0.0740
    35.0   -0.8240    0.0600
    45.0   -0.7910    0.0540
    55.0   -0.7550    0.0530
    65.0   -0.6580    0.0600
    75.0   -0.5290    0.0730
    85.0   -0.6860    0.0900
    95.0   -0.4980    0.0980
   105.0   -0.4290    0.0920
   115.0   -0.1980    0.0840
   125.0    0.0660    0.0830
   135.0    0.1130    0.0880
   145.0    0.3470    0.1010
   155.0    0.0740    0.1220
   165.0   -0.5120    0.1820
   175.0    0.2110    0.3260
------------------------------------------
E = 1050.000 MeV, Wght = 1.00, Syst = 0.05
     5.0   -0.1840    0.1630
    15.0   -0.5300    0.1060
    25.0   -0.7290    0.0780
    35.0   -0.8030    0.0600
    45.0   -0.8950    0.0560
    55.0   -0.7750    0.0560
    65.0   -0.6150    0.0610
    75.0   -0.6530    0.0760
    85.0   -0.4500    0.0880
    95.0   -0.6880    0.1100
   105.0   -0.4860    0.0990
   115.0   -0.2270    0.0860
   125.0    0.0900    0.0850
   135.0    0.3230    0.0920
   145.0    0.3760    0.1020
   155.0    0.2020    0.1360
   165.0   -0.3300    0.1890
   175.0    0.4240    0.3560
------------------------------------------
E = 1060.000 MeV, Wght = 1.00, Syst = 0.05
     5.0    0.0310    0.1770
    15.0   -0.4530    0.1050
    25.0   -0.8370    0.0770
    35.0   -0.8740    0.0620
    45.0   -0.8900    0.0590
    55.0   -0.7310    0.0560
    65.0   -0.6100    0.0620
    75.0   -0.5730    0.0750
    85.0   -0.6890    0.0970
    95.0   -0.5320    0.1070
   105.0   -0.3700    0.1050
   115.0   -0.3810    0.0980
   125.0    0.0790    0.0940
   135.0    0.4860    0.0990
   145.0    0.3430    0.1040
   155.0    0.4640    0.1370
   165.0   -0.1590    0.1890
   175.0   -0.2700    0.3320
------------------------------------------
E = 1070.000 MeV, Wght = 1.00, Syst = 0.05
     5.0   -0.0730    0.1710
    15.0   -0.6780    0.1120
    25.0   -0.7590    0.0790
    35.0   -0.7690    0.0640
    45.0   -0.8240    0.0590
    55.0   -0.6890    0.0600
    65.0   -0.6820    0.0680
    75.0   -0.6320    0.0800
    85.0   -0.5420    0.0920
    95.0   -0.7550    0.1150
   105.0   -0.5080    0.1060
   115.0    0.0210    0.1030
   125.0    0.3250    0.0960
   135.0    0.4730    0.0990
   145.0    0.3370    0.1110
   155.0    0.1190    0.1350
   165.0   -0.0360    0.1890
   175.0   -0.3330    0.3380
------------------------------------------
E = 1080.000 MeV, Wght = 1.00, Syst = 0.05
     5.0    0.0120    0.1560
    15.0   -0.6840    0.1090
    25.0   -0.7300    0.0800
    35.0   -0.7920    0.0670
    45.0   -0.7720    0.0610
    55.0   -0.7200    0.0620
    65.0   -0.5840    0.0680
    75.0   -0.4500    0.0810
    85.0   -0.6370    0.1040
    95.0   -0.7480    0.1180
   105.0   -0.4540    0.1220
   115.0   -0.0360    0.1100
   125.0    0.2710    0.1030
   135.0    0.3750    0.1080
   145.0    0.3440    0.1270
   155.0    0.2340    0.1320
   165.0    0.3600    0.2030
   175.0   -0.1940    0.3610
------------------------------------------
E = 1090.000 MeV, Wght = 1.00, Syst = 0.05
     5.0    0.0630    0.1780
    15.0   -0.5810    0.1120
    25.0   -0.7920    0.0860
    35.0   -0.6800    0.0660
    45.0   -0.8360    0.0650
    55.0   -0.6620    0.0650
    65.0   -0.6670    0.0730
    75.0   -0.4800    0.0850
    85.0   -0.5710    0.1070
    95.0   -0.4730    0.1240
   105.0   -0.4210    0.1240
   115.0    0.1840    0.1110
   125.0    0.3570    0.1110
   135.0    0.4730    0.1130
   145.0    0.4550    0.1180
   155.0    0.0000    0.1410
   165.0    0.0720    0.2200
   175.0    0.4440    0.4830
------------------------------------------
E = 1100.000 MeV, Wght = 1.00, Syst = 0.05
     5.0   -0.1450    0.1710
    15.0   -0.3600    0.1100
    25.0   -0.7600    0.0860
    35.0   -0.7600    0.0700
    45.0   -0.7350    0.0650
    55.0   -0.7090    0.0690
    65.0   -0.6850    0.0780
    75.0   -0.6960    0.0940
    85.0   -0.5960    0.1110
    95.0   -0.5240    0.1380
   105.0   -0.4980    0.1320
   115.0   -0.0860    0.1250
   125.0    0.2530    0.1180
   135.0    0.3490    0.1110
   145.0    0.5700    0.1250
   155.0    0.1860    0.1580
   165.0    0.1610    0.2150
   175.0    0.2610    0.4210
------------------------------------------
E = 1110.000 MeV, Wght = 1.00, Syst = 0.05
     5.0    0.0510    0.1850
    15.0   -0.4300    0.1150
    25.0   -0.7230    0.0880
    35.0   -0.8000    0.0730
    45.0   -0.7540    0.0700
    55.0   -0.7620    0.0730
    65.0   -0.4860    0.0800
    75.0   -0.3710    0.0910
    85.0   -0.3690    0.1120
    95.0   -0.3590    0.1330
   105.0   -0.4930    0.1380
   115.0    0.1040    0.1260
   125.0    0.2800    0.1190
   135.0    0.6620    0.1290
   145.0    0.6000    0.1350
   155.0    0.0390    0.1620
   165.0    0.0000    0.2290
   175.0    0.3160    0.4650
------------------------------------------
E = 1120.000 MeV, Wght = 1.00, Syst = 0.05
     5.0   -0.2500    0.2060
    15.0   -0.4280    0.1160
    25.0   -0.6780    0.0880
    35.0   -0.7500    0.0740
    45.0   -0.7080    0.0700
    55.0   -0.6360    0.0750
    65.0   -0.6090    0.0840
    75.0   -0.4450    0.0950
    85.0   -0.4250    0.1150
    95.0   -0.3190    0.1310
   105.0   -0.5030    0.1510
   115.0    0.0610    0.1420
   125.0    0.5740    0.1460
   135.0    0.5690    0.1330
   145.0    0.7520    0.1450
   155.0    0.1620    0.1650
   165.0    0.2470    0.2360
   175.0    0.5710    0.5560
------------------------------------------
E = 1130.000 MeV, Wght = 1.00, Syst = 0.05
     5.0    0.0910    0.2130
    15.0   -0.4440    0.1200
    25.0   -0.4700    0.0860
    35.0   -0.6810    0.0760
    45.0   -0.7150    0.0750
    55.0   -0.7580    0.0770
    65.0   -0.6380    0.0880
    75.0   -0.5770    0.1060
    85.0   -0.3320    0.1260
    95.0   -0.5490    0.1450
   105.0   -0.4320    0.1540
   115.0   -0.0110    0.1490
   125.0    0.5420    0.1450
   135.0    0.6410    0.1450
   145.0    0.3520    0.1440
   155.0    0.1930    0.1730
   165.0    0.2070    0.2640
   175.0   -1.2000    0.7380
------------------------------------------
E = 1140.000 MeV, Wght = 1.00, Syst = 0.05
     5.0   -0.4620    0.1900
    15.0   -0.2240    0.1210
    25.0   -0.6260    0.0890
    35.0   -0.5990    0.0770
    45.0   -0.6790    0.0750
    55.0   -0.5370    0.0770
    65.0   -0.7220    0.0920
    75.0   -0.3310    0.1070
    85.0   -0.3770    0.1300
    95.0   -0.5350    0.1460
   105.0   -0.4880    0.1610
   115.0    0.1360    0.1510
   125.0    0.5240    0.1440
   135.0    0.7870    0.1450
   145.0    0.2910    0.1430
   155.0    0.2340    0.1670
   165.0   -0.1690    0.2610
   175.0    0.4760    0.4490
------------------------------------------
E = 1150.000 MeV, Wght = 1.00, Syst = 0.05
     5.0    0.0180    0.1900
    15.0   -0.3200    0.1230
    25.0   -0.4620    0.0900
    35.0   -0.6480    0.0820
    45.0   -0.6410    0.0780
    55.0   -0.6730    0.0830
    65.0   -0.6810    0.0970
    75.0   -0.5090    0.1120
    85.0   -0.5360    0.1380
    95.0   -0.4090    0.1540
   105.0   -0.3740    0.1630
   115.0   -0.0290    0.1720
   125.0    0.6870    0.1490
   135.0    0.8790    0.1620
   145.0    0.2080    0.1450
   155.0    0.5880    0.1910
   165.0    0.0360    0.2700
   175.0    0.0000    0.7070
------------------------------------------
E = 1160.000 MeV, Wght = 1.00, Syst = 0.05
     5.0   -0.4500    0.1950
    15.0   -0.2530    0.1250
    25.0   -0.4050    0.0940
    35.0   -0.4330    0.0760
    45.0   -0.6490    0.0810
    55.0   -0.6060    0.0860
    65.0   -0.6510    0.1010
    75.0   -0.3920    0.1190
    85.0   -0.4590    0.1430
    95.0   -0.6760    0.1740
   105.0   -0.4890    0.1770
   115.0    0.0630    0.1780
   125.0    0.3470    0.1570
   135.0    0.9370    0.1760
   145.0    0.5830    0.1570
   155.0    0.5090    0.1970
   165.0   -0.4000    0.2750
   175.0   -0.3330    0.5850
------------------------------------------
E = 1170.000 MeV, Wght = 1.00, Syst = 0.05
     5.0    0.0920    0.1920
    15.0   -0.1920    0.1270
    25.0   -0.3620    0.0930
    35.0   -0.4710    0.0850
    45.0   -0.6410    0.0800
    55.0   -0.6520    0.0890
    65.0   -0.5280    0.1040
    75.0   -0.3520    0.1210
    85.0   -0.0680    0.1390
    95.0   -0.2740    0.1460
   105.0   -0.6960    0.1820
   115.0    0.4910    0.2000
   125.0    0.3690    0.1780
   135.0    0.7500    0.1780
   145.0    0.3310    0.1590
   155.0    0.7910    0.1890
   165.0   -0.3410    0.3170
   175.0    1.0000    0.7910
------------------------------------------
E = 1180.000 MeV, Wght = 1.00, Syst = 0.05
     5.0    0.0630    0.2050
    15.0   -0.2390    0.1290
    25.0   -0.3680    0.0940
    35.0   -0.4730    0.0820
    45.0   -0.6900    0.0850
    55.0   -0.5820    0.0940
    65.0   -0.6810    0.1100
    75.0   -0.6420    0.1270
    85.0   -0.4190    0.1560
    95.0   -0.4760    0.1700
   105.0   -0.5000    0.1950
   115.0    0.2310    0.1970
   125.0    0.4870    0.1890
   135.0    0.8080    0.1760
   145.0   -0.0140    0.1700
   155.0    0.1820    0.1910
   165.0   -0.3330    0.2930
   175.0    0.1820    0.6060
------------------------------------------
E = 1190.000 MeV, Wght = 1.00, Syst = 0.05
     5.0    0.1470    0.2060
    15.0   -0.3040    0.1280
    25.0   -0.3340    0.0980
    35.0   -0.6560    0.0920
    45.0   -0.5670    0.0830
    55.0   -0.7070    0.0980
    65.0   -0.6210    0.1070
    75.0   -0.3970    0.1270
    85.0   -0.2570    0.1420
    95.0   -0.3610    0.1840
   105.0   -0.6150    0.1840
   115.0   -0.0480    0.2180
   125.0    0.7260    0.2000
   135.0    0.7180    0.1860
   145.0    0.3310    0.1650
   155.0    0.1330    0.2110
   165.0   -0.1430    0.3790
   175.0   -0.5450    0.6250
------------------------------------------
E = 1200.000 MeV, Wght = 1.00, Syst = 0.05
     5.0   -0.1960    0.1990
    15.0   -0.2540    0.1380
    25.0   -0.4400    0.0980
    35.0   -0.4520    0.0890
    45.0   -0.5780    0.0870
    55.0   -0.7940    0.1040
    65.0   -0.6550    0.1110
    75.0   -0.3250    0.1320
    85.0   -0.4230    0.1550
    95.0   -0.5370    0.1790
   105.0   -0.4160    0.2030
   115.0   -0.2500    0.2060
   125.0    0.4840    0.1850
   135.0    0.7590    0.1990
   145.0    0.1790    0.1670
   155.0    0.4170    0.2090
   165.0   -0.1400    0.3060
   175.0    0.5000    0.7290
------------------------------------------
E = 1210.000 MeV, Wght = 1.00, Syst = 0.05
     5.0    0.0000    0.2040
    15.0   -0.0850    0.1240
    25.0   -0.4550    0.1000
    35.0   -0.5260    0.0910
    45.0   -0.6790    0.0890
    55.0   -0.6150    0.0970
    65.0   -0.4440    0.1160
    75.0   -0.1570    0.1450
    85.0   -0.4250    0.1620
    95.0   -0.2770    0.1730
   105.0   -0.7340    0.2400
   115.0    0.1890    0.2060
   125.0    0.9230    0.2160
   135.0    0.7730    0.1750
   145.0    0.3940    0.1770
   155.0    0.3400    0.1970
   165.0   -0.6980    0.3230
   175.0   -0.6670    0.8610
------------------------------------------
E = 1220.000 MeV, Wght = 1.00, Syst = 0.05
     5.0    0.0000    0.2110
    15.0    0.0790    0.1320
    25.0   -0.2650    0.1030
    35.0   -0.3880    0.0900
    45.0   -0.5600    0.0930
    55.0   -0.7370    0.1120
    65.0   -0.6620    0.1220
    75.0   -0.3180    0.1380
    85.0   -0.2030    0.1600
    95.0   -0.4500    0.1800
   105.0   -0.3180    0.2160
   115.0    0.0670    0.2120
   125.0    1.0860    0.2220
   135.0    0.6870    0.1830
   145.0    0.5030    0.1700
   155.0    0.3920    0.2020
   165.0   -0.2220    0.3000
   175.0    0.0000    1.0000
------------------------------------------
E = 1230.000 MeV, Wght = 1.00, Syst = 0.05
     5.0   -0.0570    0.2390
    15.0   -0.3800    0.1310
    25.0   -0.4360    0.1060
    35.0   -0.4810    0.0890
    45.0   -0.6350    0.0980
    55.0   -0.4770    0.0980
    65.0   -0.5800    0.1220
    75.0   -0.5070    0.1430
    85.0    0.0000    0.1630
    95.0   -0.6670    0.1950
   105.0   -0.2060    0.1940
   115.0   -0.0560    0.2360
   125.0    0.5310    0.2090
   135.0    0.8000    0.1890
   145.0    0.8760    0.1980
   155.0    0.0000    0.2180
   165.0    0.3330    0.3380
   175.0    0.6670    1.2170
------------------------------------------
E = 1240.000 MeV, Wght = 1.00, Syst = 0.05
     5.0   -0.1120    0.2120
    15.0   -0.1140    0.1380
    25.0   -0.3190    0.1040
    35.0   -0.4110    0.0960
    45.0   -0.6700    0.0990
    55.0   -0.6670    0.1050
    65.0   -0.3310    0.1270
    75.0   -0.3370    0.1570
    85.0    0.1960    0.1620
    95.0   -0.2000    0.1830
   105.0   -0.2550    0.2080
   115.0   -0.1730    0.2230
   125.0    0.7760    0.2170
   135.0    0.9520    0.1970
   145.0    0.9150    0.2020
   155.0    0.4090    0.2120
   165.0   -0.6670    0.3850
   175.0   -2.0000    2.0000
------------------------------------------
E = 1250.000 MeV, Wght = 1.00, Syst = 0.05
     5.0    0.0910    0.2130
    15.0    0.0660    0.1380
    25.0   -0.3200    0.1010
    35.0   -0.4420    0.0940
    45.0   -0.4770    0.0950
    55.0   -0.3980    0.0990
    65.0   -0.5280    0.1220
    75.0   -0.4240    0.1570
    85.0   -0.1940    0.1670
    95.0   -0.0330    0.1830
   105.0   -0.5540    0.2280
   115.0   -0.2220    0.2740
   125.0    0.3890    0.2400
   135.0    0.5670    0.1900
   145.0    0.7420    0.1920
   155.0    0.2220    0.2240
   165.0   -0.0510    0.3200
   175.0   -1.0000    1.1180
------------------------------------------
E = 1260.000 MeV, Wght = 1.00, Syst = 0.05
     5.0    0.4940    0.2350
    15.0   -0.2880    0.1400
    25.0   -0.2710    0.1040
    35.0   -0.1960    0.0900
    45.0   -0.5750    0.0910
    55.0   -0.6770    0.1060
    65.0   -0.6420    0.1290
    75.0   -0.2660    0.1530
    85.0    0.0740    0.1720
    95.0   -0.4810    0.1980
   105.0   -0.8800    0.2190
   115.0   -0.2150    0.2500
   125.0    0.6800    0.2140
   135.0    0.6420    0.2040
   145.0    0.6140    0.1860
   155.0    0.3120    0.2530
   165.0   -0.3780    0.3350
   175.0   -1.5000    0.8840
------------------------------------------
E = 1270.000 MeV, Wght = 1.00, Syst = 0.05
     5.0   -0.0440    0.2110
    15.0    0.0860    0.1470
    25.0   -0.4460    0.1100
    35.0   -0.3430    0.0940
    45.0   -0.4470    0.0950
    55.0   -0.4540    0.1040
    65.0   -0.8370    0.1440
    75.0   -0.3800    0.1620
    85.0   -0.4510    0.1720
    95.0   -0.5530    0.2140
   105.0   -0.4100    0.2240
   115.0   -0.2070    0.2640
   125.0    0.6120    0.2110
   135.0    0.8850    0.2140
   145.0    0.5690    0.1990
   155.0    0.1370    0.2350
   165.0   -0.5330    0.3780
   175.0   -0.8570    0.8220
------------------------------------------
E = 1280.000 MeV, Wght = 1.00, Syst = 0.05
     5.0    0.0590    0.2430
    15.0   -0.1060    0.1460
    25.0   -0.2240    0.1090
    35.0   -0.4390    0.0950
    45.0   -0.4570    0.0980
    55.0   -0.7320    0.1080
    65.0   -0.4920    0.1340
    75.0   -0.1350    0.1650
    85.0   -0.0630    0.1780
    95.0   -0.2680    0.2050
   105.0   -0.3700    0.2260
   115.0    0.1330    0.2310
   125.0    0.7800    0.2370
   135.0    0.7290    0.2060
   145.0    0.6960    0.2210
   155.0    0.0930    0.2160
   165.0   -0.5640    0.3330
   175.0   -1.1110    0.7630
------------------------------------------
E = 1290.000 MeV, Wght = 1.00, Syst = 0.05
     5.0   -0.1180    0.2170
    15.0    0.0620    0.1440
    25.0   -0.1750    0.1090
    35.0   -0.4840    0.0980
    45.0   -0.2280    0.1040
    55.0   -0.6020    0.1150
    65.0   -0.5130    0.1370
    75.0   -0.6380    0.1770
    85.0   -0.4810    0.1980
    95.0   -0.3560    0.2140
   105.0   -0.1300    0.2280
   115.0   -0.0870    0.2410
   125.0    0.8350    0.2440
   135.0    0.7350    0.1970
   145.0    0.7120    0.1950
   155.0    0.0000    0.2210
   165.0    0.1540    0.3930
   175.0   -1.0000    0.7910
------------------------------------------
E = 1300.000 MeV, Wght = 1.00, Syst = 0.05
     5.0    0.1540    0.2490
    15.0   -0.2460    0.1470
    25.0   -0.1370    0.1070
    35.0   -0.3250    0.0970
    45.0   -0.6470    0.1040
    55.0   -0.7130    0.1250
    65.0   -0.6240    0.1410
    75.0   -0.4850    0.1790
    85.0    0.0530    0.1880
    95.0   -0.3230    0.2100
   105.0   -0.5710    0.2270
   115.0    0.3660    0.2410
   125.0    0.6670    0.2260
   135.0    0.9160    0.2130
   145.0    0.2680    0.1790
   155.0    0.2630    0.2310
   165.0   -0.5000    0.3640
   175.0    0.6670    1.2170
------------------------------------------
E = 1310.000 MeV, Wght = 1.00, Syst = 0.05
     5.0    0.4620    0.2320
    15.0   -0.0730    0.1450
    25.0   -0.1560    0.1100
    35.0   -0.2220    0.0950
    45.0   -0.3810    0.1000
    55.0   -0.5960    0.1160
    65.0   -0.2610    0.1330
    75.0   -0.4670    0.1590
    85.0   -0.1250    0.1770
    95.0   -0.4080    0.2060
   105.0   -0.4880    0.2270
   115.0    0.0310    0.2480
   125.0    0.5100    0.2040
   135.0    0.8420    0.2030
   145.0    0.4000    0.1820
   155.0   -0.0490    0.2210
   165.0   -0.6090    0.4360
   175.0   -0.6670    1.2170
------------------------------------------
E = 1320.000 MeV, Wght = 1.00, Syst = 0.05
     5.0    0.4350    0.2460
    15.0   -0.0230    0.1510
    25.0   -0.3120    0.1170
    35.0   -0.3560    0.1000
    45.0   -0.5480    0.0990
    55.0   -0.6220    0.1160
    65.0   -0.4690    0.1470
    75.0   -0.2460    0.1770
    85.0    0.0540    0.1900
    95.0   -0.2260    0.1950
   105.0   -0.7470    0.2340
   115.0    0.3870    0.2590
   125.0    0.7910    0.2320
   135.0    0.7920    0.2090
   145.0    0.7010    0.2420
   155.0    0.3450    0.2660
   165.0   -0.6340    0.3280
   175.0   -2.0000    1.6330
------------------------------------------
E = 1330.000 MeV, Wght = 1.00, Syst = 0.05
     5.0    0.3230    0.2570
    15.0   -0.1220    0.1490
    25.0   -0.0190    0.1120
    35.0   -0.1800    0.1060
    45.0   -0.4540    0.1090
    55.0   -0.4780    0.1210
    65.0   -0.6000    0.1410
    75.0   -0.3360    0.1810
    85.0   -0.0420    0.2040
    95.0   -0.2680    0.2050
   105.0   -0.4110    0.2390
   115.0    0.5080    0.2690
   125.0    0.9740    0.2520
   135.0    0.9130    0.2170
   145.0    0.8350    0.2140
   155.0    0.0290    0.2410
   165.0    0.3230    0.3640
   175.0    0.0000    0.8160
------------------------------------------
E = 1340.000 MeV, Wght = 1.00, Syst = 0.05
     5.0   -0.3750    0.2540
    15.0    0.2300    0.1530
    25.0    0.0750    0.1170
    35.0   -0.1990    0.1030
    45.0   -0.3370    0.1060
    55.0   -0.4480    0.1130
    65.0   -0.6140    0.1470
    75.0   -0.1430    0.1690
    85.0    0.0430    0.2090
    95.0    0.1360    0.2140
   105.0   -0.5750    0.2440
   115.0   -0.0310    0.2480
   125.0    0.8390    0.2250
   135.0    0.6780    0.1970
   145.0    0.3430    0.2040
   155.0    0.1410    0.2380
   165.0   -0.4440    0.3410
   175.0   -0.6670    1.2170
------------------------------------------
E = 1350.000 MeV, Wght = 1.00, Syst = 0.05
     5.0    0.2780    0.2380
    15.0   -0.3800    0.1590
    25.0   -0.1570    0.1230
    35.0   -0.1940    0.1040
    45.0   -0.1900    0.1100
    55.0   -0.4230    0.1170
    65.0   -0.5570    0.1490
    75.0   -0.2330    0.1770
    85.0   -0.2800    0.2020
    95.0   -0.1770    0.2260
   105.0   -1.2530    0.2470
   115.0   -0.0270    0.2310
   125.0    0.8760    0.2310
   135.0    0.8720    0.2020
   145.0    0.3080    0.1980
   155.0    0.2000    0.2250
   165.0   -0.7880    0.3740
   175.0   -2.0000    2.0000
------------------------------------------
E = 1360.000 MeV, Wght = 1.00, Syst = 0.05
     5.0    0.7690    0.2660
    15.0    0.1330    0.1640
    25.0    0.1520    0.1180
    35.0   -0.0670    0.1050
    45.0   -0.1650    0.1050
    55.0   -0.6270    0.1210
    65.0   -0.5310    0.1480
    75.0   -0.2150    0.1760
    85.0    0.2050    0.2280
    95.0   -0.3260    0.2190
   105.0   -0.2290    0.2410
   115.0   -0.1180    0.2170
   125.0    0.3900    0.2320
   135.0    0.7840    0.2130
   145.0    0.2750    0.2000
   155.0    0.4530    0.2370
   165.0   -0.1900    0.3100
   175.0    1.0000    1.1180
------------------------------------------
E = 1370.000 MeV, Wght = 1.00, Syst = 0.05
     5.0    0.3380    0.2520
    15.0    0.0130    0.1620
    25.0    0.0280    0.1170
    35.0   -0.1900    0.1100
    45.0   -0.2870    0.1090
    55.0   -0.4790    0.1270
    65.0   -0.4940    0.1620
    75.0   -0.3790    0.1890
    85.0   -0.0430    0.2090
    95.0    0.0240    0.2170
   105.0   -0.3280    0.2480
   115.0    0.0000    0.2580
   125.0    0.6510    0.2310
   135.0    0.8400    0.2170
   145.0    0.7430    0.2080
   155.0    0.5640    0.2350
   165.0   -0.4760    0.4490
   175.0    0.0000    1.4140
------------------------------------------
E = 1380.000 MeV, Wght = 1.00, Syst = 0.05
     5.0    0.1490    0.2450
    15.0   -0.0670    0.1490
    25.0   -0.0310    0.1240
    35.0   -0.0710    0.1140
    45.0   -0.1870    0.1070
    55.0   -0.4350    0.1150
    65.0   -0.4770    0.1460
    75.0   -0.2750    0.2000
    85.0    0.1030    0.2030
    95.0    0.2740    0.2070
   105.0    0.2770    0.2500
   115.0    0.1180    0.2170
   125.0    0.9140    0.2630
   135.0    1.0430    0.2090
   145.0    0.7070    0.2130
   155.0    0.1820    0.2470
   165.0    0.3640    0.4330
   175.0    0.0000    1.0000
------------------------------------------
E = 1390.000 MeV, Wght = 1.00, Syst = 0.05
     5.0    0.3530    0.2460
    15.0    0.1450    0.1560
    25.0   -0.1240    0.1210
    35.0   -0.2260    0.1110
    45.0   -0.3170    0.1150
    55.0   -0.5880    0.1190
    65.0   -0.5080    0.1520
    75.0   -0.3850    0.2000
    85.0    0.3260    0.2190
    95.0   -0.2930    0.2330
   105.0   -0.2860    0.2200
   115.0    0.0470    0.2160
   125.0    0.7560    0.2250
   135.0    0.9920    0.2050
   145.0    0.8260    0.2260
   155.0    0.2940    0.2450
   165.0   -0.1540    0.3930
   175.0   -0.6670    1.2170
------------------------------------------
E = 1400.000 MeV, Wght = 1.00, Syst = 0.05
     5.0   -0.1640    0.2570
    15.0    0.0220    0.1500
    25.0   -0.0370    0.1220
    35.0   -0.0800    0.1110
    45.0   -0.2950    0.1170
    55.0   -0.5240    0.1380
    65.0   -0.4170    0.1470
    75.0    0.0500    0.1820
    85.0    0.3560    0.2140
    95.0    0.0000    0.2180
   105.0   -0.6450    0.2670
   115.0    0.1300    0.2280
   125.0    0.4500    0.2290
   135.0    1.0570    0.2200
   145.0    0.3930    0.1930
   155.0    0.2420    0.2480
   165.0   -0.2860    0.4410
   175.0    0.4000    0.9120
------------------------------------------
E = 1410.000 MeV, Wght = 1.00, Syst = 0.05
     5.0   -0.1540    0.2270
    15.0    0.1640    0.1660
    25.0    0.0240    0.1260
    35.0    0.1040    0.1180
    45.0   -0.2120    0.1240
    55.0   -0.6510    0.1330
    65.0   -0.3440    0.1490
    75.0   -0.0340    0.1840
    85.0    0.6250    0.2620
    95.0   -0.1980    0.2110
   105.0   -0.4120    0.2480
   115.0    0.1970    0.2390
   125.0    0.6460    0.2610
   135.0    0.4470    0.2020
   145.0    0.9270    0.2430
   155.0    0.1750    0.2660
   165.0   -0.8330    0.4420
   175.0   -2.0000    2.0000
------------------------------------------
E = 1420.000 MeV, Wght = 1.00, Syst = 0.05
     5.0    0.2280    0.2260
    15.0    0.3190    0.1720
    25.0    0.0960    0.1270
    35.0    0.1140    0.1130
    45.0   -0.3010    0.1170
    55.0   -0.2900    0.1280
    65.0   -0.3480    0.1500
    75.0    0.0700    0.1870
    85.0    0.0490    0.2210
    95.0   -0.1410    0.2380
   105.0   -0.3560    0.2380
   115.0    0.2050    0.2280
   125.0    1.0000    0.2560
   135.0    0.8510    0.2160
   145.0    0.5110    0.2130
   155.0    0.4410    0.2670
   165.0    0.0000    0.3920
   175.0   -1.2000    1.0430
------------------------------------------
E = 1430.000 MeV, Wght = 1.00, Syst = 0.05
     5.0   -0.2770    0.2500
    15.0   -0.0520    0.1610
    25.0    0.1170    0.1210
    35.0    0.0620    0.1120
    45.0   -0.1170    0.1140
    55.0   -0.4640    0.1330
    65.0   -0.4180    0.1540
    75.0   -0.2950    0.1830
    85.0    0.4110    0.2390
    95.0    0.1780    0.2120
   105.0   -0.0900    0.2450
   115.0   -0.1300    0.2280
   125.0    1.0130    0.2550
   135.0    0.7930    0.2000
   145.0    0.4400    0.2050
   155.0    0.3120    0.2530
   165.0   -0.2610    0.4210
   175.0    0.0000    1.4140
------------------------------------------
E = 1440.000 MeV, Wght = 1.00, Syst = 0.05
     5.0    0.0000    0.2290
    15.0   -0.1020    0.1710
    25.0    0.2700    0.1380
    35.0    0.1790    0.1230
    45.0   -0.0860    0.1150
    55.0   -0.5160    0.1290
    65.0   -0.3140    0.1490
    75.0   -0.3700    0.1960
    85.0    0.3810    0.2220
    95.0    0.1710    0.2400
   105.0   -0.2300    0.2580
   115.0   -0.1770    0.2260
   125.0    0.4830    0.2210
   135.0    1.1260    0.2460
   145.0    0.9010    0.2300
   155.0    0.5290    0.2510
   165.0    0.4000    0.4560
   175.0   -0.4000    0.9120
------------------------------------------
E = 1450.000 MeV, Wght = 1.00, Syst = 0.05
     5.0    0.1140    0.2390
    15.0    0.1690    0.1560
    25.0    0.0730    0.1270
    35.0   -0.0610    0.1240
    45.0   -0.3880    0.1240
    55.0   -0.4410    0.1330
    65.0   -0.4400    0.1620
    75.0   -0.4960    0.1840
    85.0    0.3210    0.2250
    95.0   -0.1640    0.2570
   105.0   -0.7650    0.2600
   115.0   -0.0300    0.2440
   125.0    0.8310    0.2300
   135.0    0.9800    0.2210
   145.0    0.6240    0.2170
   155.0    0.1590    0.2530
   165.0   -0.4000    0.4080
   175.0    2.0000    2.8280
------------------------------------------
E = 1460.000 MeV, Wght = 1.00, Syst = 0.05
     5.0    0.2110    0.2310
    15.0    0.0260    0.1600
    25.0   -0.0800    0.1330
    35.0    0.0790    0.1200
    45.0   -0.2240    0.1270
    55.0   -0.6370    0.1410
    65.0   -0.6230    0.1690
    75.0   -0.1960    0.1990
    85.0    0.4110    0.2390
    95.0    0.1590    0.2530
   105.0   -0.3050    0.2630
   115.0    0.0650    0.2540
   125.0    0.5880    0.2260
   135.0    0.7630    0.2170
   145.0    0.8780    0.2410
   155.0    0.6670    0.3040
   165.0   -0.3160    0.4650
   175.0    0.6670    1.2170
------------------------------------------
E = 1470.000 MeV, Wght = 1.00, Syst = 0.05
     5.0    0.0950    0.2180
    15.0    0.0340    0.1510
    25.0    0.2560    0.1340
    35.0    0.1780    0.1200
    45.0    0.0170    0.1300
    55.0   -0.1470    0.1360
    65.0   -0.2750    0.1560
    75.0   -0.2000    0.2010
    85.0    0.1490    0.2450
    95.0    0.5080    0.2690
   105.0   -0.3190    0.2440
   115.0   -0.0300    0.2440
   125.0    0.4690    0.2280
   135.0    1.0670    0.2390
   145.0    0.8640    0.2420
   155.0   -0.3270    0.2730
   165.0   -0.6670    0.4060
   175.0   -2.0000    2.8280
------------------------------------------
E = 1480.000 MeV, Wght = 1.00, Syst = 0.05
     5.0    0.7890    0.2470
    15.0    0.3040    0.1610
    25.0    0.2500    0.1300
    35.0    0.2340    0.1260
    45.0   -0.2490    0.1370
    55.0   -0.4390    0.1370
    65.0   -0.5190    0.1780
    75.0   -0.2370    0.2090
    85.0    0.7100    0.2700
    95.0   -0.2690    0.2470
   105.0   -0.3730    0.2650
   115.0    0.3470    0.2340
   125.0    1.0420    0.2680
   135.0    0.5410    0.2410
   145.0    0.8890    0.2310
   155.0    0.3560    0.2380
   165.0   -0.3160    0.4650
   175.0    2.0000    2.0000
------------------------------------------
E = 1490.000 MeV, Wght = 1.00, Syst = 0.05
     5.0    0.5930    0.2840
    15.0    0.0510    0.1590
    25.0    0.3250    0.1320
    35.0   -0.0950    0.1320
    45.0    0.0080    0.1230
    55.0   -0.5810    0.1460
    65.0   -0.1470    0.1720
    75.0    0.0220    0.2070
    85.0    0.3100    0.2400
    95.0    0.4150    0.2810
   105.0   -0.4120    0.2480
   115.0    0.0310    0.2480
   125.0    0.6510    0.2310
   135.0    0.9500    0.2480
   145.0    0.8720    0.2470
   155.0    0.1740    0.2960
   165.0   -1.2940    0.5780
   175.0    2.0000    2.8280
------------------------------------------
E = 1500.000 MeV, Wght = 1.00, Syst = 0.05
     5.0    0.1250    0.2500
    15.0    0.2130    0.1640
    25.0    0.4820    0.1370
    35.0    0.2690    0.1290
    45.0   -0.2200    0.1340
    55.0   -0.3200    0.1510
    65.0   -0.5140    0.1700
    75.0   -0.2750    0.1930
    85.0    0.2790    0.2180
    95.0    0.2310    0.2790
   105.0   -0.4910    0.2830
   115.0    0.1730    0.2230
   125.0    0.8990    0.2640
   135.0    0.8780    0.2410
   145.0    1.0450    0.2760
   155.0    0.5560    0.3460
   165.0    0.1540    0.5560
   175.0   -2.0000    2.0000
