  1490.00      0.37608836E-07     -0.33311018E-08
  1495.00      0.18030042E-06     -0.15541178E-07
  1500.00     -0.12204965E-05      0.16996849E-05
  1505.00      0.12037322E-05     -0.45008182E-06
  1510.00      0.18073104E-05     -0.55485201E-06
  1515.00      0.16231974E-05      0.31867311E-06
  1520.00      0.24905248E-05      0.26993887E-06
  1525.00      0.32801170E-05      0.48840797E-06
  1530.00      0.36011362E-05      0.14000911E-05
  1535.00      0.48502047E-05      0.15610346E-05
  1540.00      0.60361208E-05      0.20216281E-05
  1545.00      0.75208486E-05      0.24185623E-05
  1550.00      0.78723699E-05      0.42570542E-05
  1555.00      0.97375996E-05      0.47989514E-05
  1560.00      0.11393575E-04      0.58494356E-05
  1565.00      0.13144043E-04      0.71081905E-05
  1570.00      0.15025441E-04      0.85502772E-05
  1575.00      0.17110810E-04      0.10113667E-04
  1580.00      0.17828732E-04      0.13436517E-04
  1585.00      0.21003761E-04      0.14574340E-04
  1590.00      0.23385478E-04      0.16899496E-04
  1595.00      0.25828927E-04      0.19540226E-04
  1600.00      0.28360519E-04      0.22477160E-04
  1605.00      0.30987198E-04      0.25714144E-04
  1610.00      0.33696250E-04      0.29269439E-04
  1615.00      0.36480026E-04      0.33157064E-04
  1620.00      0.39333510E-04      0.37389687E-04
  1625.00      0.42213876E-04      0.42013750E-04
  1630.00      0.46156300E-04      0.45952299E-04
  1635.00      0.48380133E-04      0.52111677E-04
  1640.00      0.51391926E-04      0.57872112E-04
  1645.00      0.54442396E-04      0.64013113E-04
  1650.00      0.57501721E-04      0.70563031E-04
  1655.00      0.60541011E-04      0.77548146E-04
  1660.00      0.63555369E-04      0.84965696E-04
  1665.00      0.66517414E-04      0.92836708E-04
  1670.00      0.69415683E-04      0.10116045E-03
  1675.00      0.72216183E-04      0.10996052E-03
  1680.00      0.74918201E-04      0.11922297E-03
  1685.00      0.77481320E-04      0.12897571E-03
  1690.00      0.79897795E-04      0.13920534E-03
  1695.00      0.82127725E-04      0.14993434E-03
  1700.00      0.84134240E-04      0.16117959E-03
  1705.00      0.85859768E-04      0.17297451E-03
  1710.00      0.84512278E-04      0.18815649E-03
  1715.00      0.89359958E-04      0.19719405E-03
  1720.00      0.90235164E-04      0.21048300E-03
  1725.00      0.90887315E-04      0.22414656E-03
  1730.00      0.91227733E-04      0.23824120E-03
  1735.00      0.91211706E-04      0.25277776E-03
  1740.00      0.90794768E-04      0.26776445E-03
  1745.00      0.89965801E-04      0.28317237E-03
  1750.00      0.88679793E-04      0.29900729E-03
  1755.00      0.86922986E-04      0.31523878E-03
  1760.00      0.84668112E-04      0.33185404E-03
  1765.00      0.81881608E-04      0.34883768E-03
  1770.00      0.78548151E-04      0.36616058E-03
  1775.00      0.74635330E-04      0.38380749E-03
  1780.00      0.70126561E-04      0.40174429E-03
  1785.00      0.64995258E-04      0.41994920E-03
  1790.00      0.59219013E-04      0.43839225E-03
  1795.00      0.52779085E-04      0.45704256E-03
  1800.00      0.45655620E-04      0.47586517E-03
  1805.00      0.37829828E-04      0.49482841E-03
  1810.00      0.29281133E-04      0.51389804E-03
  1815.00      0.20004855E-04      0.53302463E-03
  1820.00      0.99683459E-05      0.55218996E-03
  1825.00     -0.81990530E-06      0.57133041E-03
  1830.00     -0.12399409E-04      0.59043366E-03
  1835.00     -0.24775326E-04      0.60945287E-03
  1840.00     -0.38097707E-04      0.62848663E-03
  1845.00     -0.50873741E-04      0.64598628E-03
  1850.00     -0.66145798E-04      0.66495410E-03
  1855.00     -0.81685491E-04      0.68310830E-03
  1860.00     -0.97984171E-04      0.70089177E-03
  1865.00     -0.11502932E-03      0.71825083E-03
  1870.00     -0.13285358E-03      0.73517083E-03
  1875.00     -0.15142274E-03      0.75158081E-03
  1880.00     -0.17074372E-03      0.76744524E-03
  1885.00     -0.19078516E-03      0.78269912E-03
  1890.00     -0.21154109E-03      0.79730058E-03
  1895.00     -0.23298176E-03      0.81118917E-03
  1900.00     -0.25508461E-03      0.82431742E-03
  1905.00     -0.27782285E-03      0.83662833E-03
  1910.00     -0.30116482E-03      0.84807299E-03
  1915.00     -0.32507704E-03      0.85859571E-03
  1920.00     -0.34953059E-03      0.86814128E-03
  1925.00     -0.37462776E-03      0.87656263E-03
  1930.00     -0.39979652E-03      0.88417623E-03
  1935.00     -0.42566877E-03      0.89046217E-03
  1940.00     -0.45166247E-03      0.89574801E-03
  1945.00     -0.47812673E-03      0.89970684E-03
  1950.00     -0.50481084E-03      0.90243072E-03
  1955.00     -0.53166591E-03      0.90387453E-03
  1960.00     -0.55870413E-03      0.90394773E-03
  1965.00     -0.58575958E-03      0.90268502E-03
  1970.00     -0.61281667E-03      0.90001295E-03
  1975.00     -0.63980192E-03      0.89590838E-03
  1980.00     -0.66664447E-03      0.89033742E-03
  1985.00     -0.69320702E-03      0.88331944E-03
  1990.00     -0.71977305E-03      0.87457770E-03
  1995.00     -0.74569113E-03      0.86449611E-03
  2000.00     -0.77121998E-03      0.85281708E-03
  2005.00     -0.79622739E-03      0.83956305E-03
  2010.00     -0.82062973E-03      0.82472228E-03
  2015.00     -0.84433577E-03      0.80829311E-03
  2020.00     -0.86726086E-03      0.79026888E-03
  2025.00     -0.88931098E-03      0.77065643E-03
  2030.00     -0.91016849E-03      0.74962203E-03
  2035.00     -0.93061254E-03      0.72655294E-03
  2040.00     -0.94951280E-03      0.70220311E-03
  2045.00     -0.96721813E-03      0.67627456E-03
  2050.00     -0.98361828E-03      0.64880136E-03
  2055.00     -0.99861746E-03      0.61980957E-03
  2060.00     -0.10121211E-02      0.58933070E-03
  2065.00     -0.10240402E-02      0.55739233E-03
  2070.00     -0.10342817E-02      0.52402495E-03
  2075.00     -0.10427970E-02      0.48932788E-03
  2080.00     -0.10494157E-02      0.45323452E-03
  2085.00     -0.10541049E-02      0.41587348E-03
  2090.00     -0.10563650E-02      0.37760969E-03
  2095.00     -0.10573559E-02      0.33748283E-03
  2100.00     -0.10557206E-02      0.29659284E-03
  2105.00     -0.10518160E-02      0.25464919E-03
  2110.00     -0.10455600E-02      0.21172003E-03
  2115.00     -0.10368781E-02      0.16788261E-03
  2120.00     -0.10256924E-02      0.12321111E-03
  2125.00     -0.10119327E-02      0.77784890E-04
  2130.00     -0.99552931E-03      0.31691332E-04
  2135.00     -0.97641925E-03     -0.14984697E-04
  2140.00     -0.95453912E-03     -0.62148558E-04
  2145.00     -0.92983798E-03     -0.10970049E-03
  2150.00     -0.90216638E-03     -0.15763875E-03
  2155.00     -0.87167707E-03     -0.20565340E-03
  2160.00     -0.83819793E-03     -0.25378438E-03
  2165.00     -0.80162555E-03     -0.30199545E-03
  2170.00     -0.76052828E-03     -0.34899555E-03
  2175.00     -0.72007055E-03     -0.39837262E-03
  2180.00     -0.67332463E-03     -0.44521377E-03
  2185.00     -0.62430517E-03     -0.49221964E-03
  2190.00     -0.57199817E-03     -0.53876795E-03
  2195.00     -0.51666613E-03     -0.58436832E-03
  2200.00     -0.45802046E-03     -0.62929118E-03
  2205.00     -0.39615293E-03     -0.67328142E-03
  2210.00     -0.33106078E-03     -0.71621909E-03
  2215.00     -0.26276225E-03     -0.75799866E-03
  2220.00     -0.19103968E-03     -0.79833349E-03
  2225.00     -0.11636536E-03     -0.83743507E-03
  2230.00     -0.38359295E-04     -0.87499805E-03
  2235.00      0.42646528E-04     -0.91070786E-03
  2240.00      0.12691615E-03     -0.94474711E-03
  2245.00      0.21428834E-03     -0.97686310E-03
  2250.00      0.30472841E-03     -0.10069418E-02
  2255.00      0.39818863E-03     -0.10348720E-02
  2260.00      0.49513621E-03     -0.10601634E-02
  2265.00      0.59410199E-03     -0.10837131E-02
  2270.00      0.69635387E-03     -0.11044587E-02
  2275.00      0.80148471E-03     -0.11225366E-02
  2280.00      0.90912765E-03     -0.11380442E-02
  2285.00      0.10196727E-02     -0.11505588E-02
  2290.00      0.11326532E-02     -0.11600539E-02
  2295.00      0.12482012E-02     -0.11667153E-02
  2300.00      0.13663851E-02     -0.11699803E-02
  2305.00      0.14867394E-02     -0.11701063E-02
  2310.00      0.16093455E-02     -0.11668759E-02
  2315.00      0.17340973E-02     -0.11602027E-02
  2320.00      0.18608899E-02     -0.11500026E-02
  2325.00      0.19896828E-02     -0.11361434E-02
  2330.00      0.21202368E-02     -0.11186447E-02
  2335.00      0.22525300E-02     -0.10973606E-02
  2340.00      0.23863974E-02     -0.10722540E-02
  2345.00      0.25218201E-02     -0.10431880E-02
  2350.00      0.26585843E-02     -0.10101653E-02
  2355.00      0.27965718E-02     -0.97312732E-03
  2360.00      0.29356785E-02     -0.93200060E-03
  2365.00      0.30757601E-02     -0.88675599E-03
  2370.00      0.32167251E-02     -0.83727966E-03
  2375.00      0.33584015E-02     -0.78362716E-03
  2380.00      0.35006625E-02     -0.72572117E-03
  2385.00      0.36433796E-02     -0.66353324E-03
  2390.00      0.37864073E-02     -0.59704381E-03
  2395.00      0.39296145E-02     -0.52623539E-03
  2400.00      0.40729041E-02     -0.45105924E-03
  2405.00      0.42160327E-02     -0.37158918E-03
  2410.00      0.43589415E-02     -0.28775677E-03
  2415.00      0.45014761E-02     -0.19958060E-03
  2420.00      0.46434920E-02     -0.10706985E-03
  2425.00      0.47848520E-02     -0.10238437E-04
  2430.00      0.49254162E-02      0.90899511E-04
  2435.00      0.50650429E-02      0.19631469E-03
  2440.00      0.52036009E-02      0.30598123E-03
  2445.00      0.53409484E-02      0.41986148E-03
  2450.00      0.54769835E-02      0.53794661E-03
  2455.00      0.56115038E-02      0.66013758E-03
  2460.00      0.57444325E-02      0.78642469E-03
  2465.00      0.58756279E-02      0.91674815E-03
  2470.00      0.60049582E-02      0.10510676E-02
  2475.00      0.61323069E-02      0.11892313E-02
  2480.00      0.62575715E-02      0.13313212E-02
  2485.00      0.63805231E-02      0.14771157E-02
  2490.00      0.65011931E-02      0.16266495E-02
  2495.00      0.66193967E-02      0.17798007E-02
  2500.00      0.67349989E-02      0.19364606E-02
