E =  727.200 MeV, E_lo =  725.100 MeV, E_hi =  729.300 MeV
Systematic = 0.050000, Preliminary = 0, Tuzla_interpolated
156.348     0.053800     0.044200
138.590    -0.025700     0.041200
125.662    -0.015300     0.034600
114.582    -0.027600     0.036100
104.478     0.053700     0.037400
 94.761     0.006700     0.036400
 85.239    -0.038400     0.036700
 75.522     0.028700     0.035300
 65.418    -0.056500     0.035800
 54.338    -0.034100     0.034900
 41.410    -0.076900     0.044900
 23.652    -0.020200     0.052900
----------------------------------------------------------
E =  731.400 MeV, E_lo =  729.300 MeV, E_hi =  733.500 MeV
Systematic = 0.050000, Preliminary = 0, Tuzla_interpolated
156.348     0.064200     0.049200
138.590    -0.006900     0.044900
125.662     0.003000     0.037800
114.582    -0.024300     0.039600
104.478     0.069300     0.041600
 94.761    -0.000600     0.040400
 85.239    -0.047300     0.040400
 75.522     0.037400     0.038200
 65.418    -0.056200     0.041300
 54.338    -0.021700     0.038500
 41.410    -0.087400     0.050300
 23.652    -0.038200     0.058000
----------------------------------------------------------
E =  735.500 MeV, E_lo =  733.450 MeV, E_hi =  737.550 MeV
Systematic = 0.050000, Preliminary = 0, Tuzla_interpolated
156.348     0.072000     0.052100
138.590     0.013700     0.047500
125.662     0.023100     0.040500
114.582    -0.020000     0.043400
104.478     0.080900     0.043200
 94.761    -0.008300     0.045000
 85.239    -0.056000     0.044300
 75.522     0.049100     0.043700
 65.418    -0.049600     0.043200
 54.338    -0.007400     0.042500
 41.410    -0.091300     0.052000
 23.652    -0.056100     0.061800
----------------------------------------------------------
E =  739.700 MeV, E_lo =  737.600 MeV, E_hi =  741.800 MeV
Systematic = 0.050000, Preliminary = 0, Tuzla_interpolated
156.348     0.078500     0.054600
138.590     0.033800     0.047300
125.662     0.044500     0.042700
114.582    -0.012900     0.044100
104.478     0.093800     0.045700
 94.761    -0.014500     0.044500
 85.239    -0.060500     0.046100
 75.522     0.055400     0.044200
 65.418    -0.042800     0.046000
 54.338     0.008400     0.042200
 41.410    -0.094100     0.053000
 23.652    -0.069900     0.061700
----------------------------------------------------------
E =  743.900 MeV, E_lo =  741.800 MeV, E_hi =  746.000 MeV
Systematic = 0.050000, Preliminary = 0, Tuzla_interpolated
156.348     0.080800     0.055300
138.590     0.054400     0.049400
125.662     0.066500     0.045200
114.582    -0.005000     0.045800
104.478     0.096600     0.044100
 94.761    -0.019700     0.048300
 85.239    -0.061500     0.047500
 75.522     0.060400     0.044600
 65.418    -0.032800     0.046300
 54.338     0.023900     0.044900
 41.410    -0.094900     0.053100
 23.652    -0.086800     0.066300
----------------------------------------------------------
E =  748.000 MeV, E_lo =  745.950 MeV, E_hi =  750.050 MeV
Systematic = 0.050000, Preliminary = 0, Tuzla_interpolated
156.348     0.081100     0.056000
138.590     0.077400     0.054000
125.662     0.085300     0.046400
114.582     0.004200     0.047600
104.478     0.108700     0.047900
 94.761    -0.020700     0.048800
 85.239    -0.057000     0.047700
 75.522     0.067200     0.047600
 65.418    -0.022800     0.046800
 54.338     0.038500     0.047400
 41.410    -0.100200     0.056100
 23.652    -0.091300     0.064100
----------------------------------------------------------
E =  752.200 MeV, E_lo =  750.100 MeV, E_hi =  754.300 MeV
Systematic = 0.050000, Preliminary = 0, Tuzla_interpolated
156.348     0.080300     0.057900
138.590     0.088200     0.051400
125.662     0.104900     0.048900
114.582     0.015400     0.048600
104.478     0.115300     0.050300
 94.761    -0.018600     0.052400
 85.239    -0.047400     0.048000
 75.522     0.067700     0.047500
 65.418    -0.013200     0.050500
 54.338     0.047700     0.045800
 41.410    -0.106300     0.059700
 23.652    -0.098900     0.067000
----------------------------------------------------------
E =  756.400 MeV, E_lo =  754.300 MeV, E_hi =  758.500 MeV
Systematic = 0.050000, Preliminary = 0, Tuzla_interpolated
156.348     0.074400     0.048900
138.590     0.108000     0.040900
125.662     0.115300     0.039400
114.582     0.029000     0.042000
104.478     0.111900     0.044900
 94.761    -0.009500     0.044400
 85.239    -0.033600     0.046200
 75.522     0.067400     0.052200
 65.418    -0.001600     0.051600
 54.338     0.056800     0.052200
 41.410    -0.103100     0.049300
 23.652    -0.096200     0.059000
----------------------------------------------------------
E =  760.500 MeV, E_lo =  758.450 MeV, E_hi =  762.550 MeV
Systematic = 0.050000, Preliminary = 0, Tuzla_interpolated
156.348     0.066300     0.050200
138.590     0.116200     0.041000
125.662     0.123000     0.039700
114.582     0.041400     0.040500
104.478     0.106400     0.045400
 94.761     0.003700     0.045200
 85.239    -0.010800     0.045800
 75.522     0.061200     0.050800
 65.418     0.009600     0.050500
 54.338     0.063700     0.054600
 41.410    -0.103800     0.050500
 23.652    -0.088900     0.059400
----------------------------------------------------------
E =  768.800 MeV, E_lo =  764.650 MeV, E_hi =  772.950 MeV
Systematic = 0.050000, Preliminary = 0, Tuzla_interpolated
156.348     0.042300     0.050500
138.590     0.122800     0.040600
125.662     0.133200     0.040900
114.582     0.072500     0.041600
104.478     0.089100     0.046600
 94.761     0.043300     0.047000
 85.239     0.046000     0.046400
 75.522     0.049400     0.053200
 65.418     0.030600     0.051600
 54.338     0.061700     0.052900
 41.410    -0.096300     0.050300
 23.652    -0.061100     0.059000
----------------------------------------------------------
E =  772.900 MeV, E_lo =  770.850 MeV, E_hi =  774.950 MeV
Systematic = 0.050000, Preliminary = 0, Tuzla_interpolated
156.348     0.031200     0.050200
138.590     0.123800     0.040200
125.662     0.129800     0.039600
114.582     0.091100     0.043500
104.478     0.077800     0.046100
 94.761     0.065200     0.046600
 85.239     0.077000     0.047300
 75.522     0.041000     0.053300
 65.418     0.038000     0.050600
 54.338     0.058100     0.052600
 41.410    -0.087700     0.048800
 23.652    -0.045400     0.059800
----------------------------------------------------------
E =  777.100 MeV, E_lo =  775.000 MeV, E_hi =  779.200 MeV
Systematic = 0.050000, Preliminary = 0, Tuzla_interpolated
156.348     0.021900     0.048600
138.590     0.128500     0.041100
125.662     0.130100     0.039500
114.582     0.103400     0.042500
104.478     0.068900     0.046400
 94.761     0.092200     0.048600
 85.239     0.104600     0.046600
 75.522     0.033100     0.054400
 65.418     0.043100     0.049700
 54.338     0.054000     0.053300
 41.410    -0.080200     0.049000
 23.652    -0.028500     0.060400
----------------------------------------------------------
E =  781.200 MeV, E_lo =  779.150 MeV, E_hi =  783.250 MeV
Systematic = 0.050000, Preliminary = 0, Tuzla_interpolated
156.348     0.018600     0.050500
138.590     0.124400     0.038900
125.662     0.131600     0.039700
114.582     0.121300     0.044400
104.478     0.065300     0.048500
 94.761     0.116900     0.049400
 85.239     0.132200     0.047800
 75.522     0.026000     0.055600
 65.418     0.048300     0.052200
 54.338     0.049500     0.054800
 41.410    -0.070000     0.048700
 23.652    -0.012900     0.061000
----------------------------------------------------------
E =  785.300 MeV, E_lo =  783.250 MeV, E_hi =  787.350 MeV
Systematic = 0.050000, Preliminary = 0, Tuzla_interpolated
156.348     0.019000     0.052100
138.590     0.127800     0.038800
125.662     0.136200     0.043100
114.582     0.127100     0.049900
104.478     0.058000     0.058200
 94.761     0.135500     0.070500
 85.239     0.158400     0.074200
 75.522     0.019000     0.065900
 65.418     0.046200     0.064800
 54.338     0.043200     0.065200
 41.410    -0.057100     0.044300
 23.652     0.000300     0.055000
----------------------------------------------------------
E =  789.500 MeV, E_lo =  787.400 MeV, E_hi =  791.600 MeV
Systematic = 0.050000, Preliminary = 0, Tuzla_interpolated
156.348     0.026400     0.051500
138.590     0.138100     0.039800
125.662     0.136900     0.042000
114.582     0.132700     0.048700
104.478     0.062100     0.059900
 94.761     0.156200     0.071700
 85.239     0.161600     0.070000
 75.522     0.016100     0.070600
 65.418     0.044000     0.067500
 54.338     0.033000     0.059900
 41.410    -0.043700     0.045800
 23.652     0.009900     0.056100
----------------------------------------------------------
E =  793.600 MeV, E_lo =  791.550 MeV, E_hi =  795.650 MeV
Systematic = 0.050000, Preliminary = 0, Tuzla_interpolated
156.348     0.039200     0.051600
138.590     0.147200     0.039700
125.662     0.140600     0.041300
114.582     0.137600     0.048000
104.478     0.067300     0.058400
 94.761     0.161700     0.067700
 85.239     0.168400     0.070400
 75.522     0.014000     0.069900
 65.418     0.036800     0.067000
 54.338     0.026400     0.059700
 41.410    -0.025500     0.043400
 23.652     0.015200     0.053600
----------------------------------------------------------
E =  797.700 MeV, E_lo =  795.650 MeV, E_hi =  799.750 MeV
Systematic = 0.050000, Preliminary = 0, Tuzla_interpolated
156.348     0.054200     0.049700
138.590     0.155500     0.039100
125.662     0.148100     0.041400
114.582     0.140900     0.047500
104.478     0.079300     0.059600
 94.761     0.171800     0.067200
 85.239     0.167000     0.069600
 75.522     0.013000     0.066100
 65.418     0.027000     0.065300
 54.338     0.019400     0.059300
 41.410    -0.008800     0.043700
 23.652     0.018400     0.054600
----------------------------------------------------------
E =  801.800 MeV, E_lo =  799.750 MeV, E_hi =  803.850 MeV
Systematic = 0.050000, Preliminary = 0, Tuzla_interpolated
156.348     0.076300     0.051400
138.590     0.168700     0.039400
125.662     0.153700     0.040700
114.582     0.142700     0.046800
104.478     0.095200     0.061100
 94.761     0.171500     0.063700
 85.239     0.158600     0.067600
 75.522     0.014600     0.066400
 65.418     0.015800     0.062200
 54.338     0.012300     0.057200
 41.410     0.008000     0.042500
 23.652     0.017700     0.051400
----------------------------------------------------------
E =  805.900 MeV, E_lo =  803.850 MeV, E_hi =  807.950 MeV
Systematic = 0.050000, Preliminary = 0, Tuzla_interpolated
156.348     0.093400     0.048700
138.590     0.182300     0.039600
125.662     0.159100     0.039900
114.582     0.151300     0.048500
104.478     0.106800     0.058500
 94.761     0.180500     0.064400
 85.239     0.155800     0.069100
 75.522     0.017000     0.065200
 65.418     0.005400     0.064800
 54.338     0.005800     0.057600
 41.410     0.025000     0.044600
 23.652     0.016800     0.053400
----------------------------------------------------------
E =  809.800 MeV, E_lo =  807.850 MeV, E_hi =  811.750 MeV
Systematic = 0.050000, Preliminary = 0, Tuzla_interpolated
156.348     0.119400     0.050800
138.590     0.188100     0.038100
125.662     0.172600     0.041100
114.582     0.155100     0.048800
104.478     0.125900     0.059900
 94.761     0.186400     0.064700
 85.239     0.144400     0.067400
 75.522     0.020500     0.064700
 65.418    -0.005200     0.066000
 54.338    -0.000600     0.059700
 41.410     0.036000     0.040800
 23.652     0.013300     0.052000
----------------------------------------------------------
E =  814.100 MeV, E_lo =  811.950 MeV, E_hi =  816.250 MeV
Systematic = 0.050000, Preliminary = 0, Tuzla_interpolated
156.348     0.137800     0.048700
138.590     0.196100     0.037100
125.662     0.173900     0.039300
114.582     0.155800     0.048000
104.478     0.144000     0.059400
 94.761     0.183800     0.062300
 85.239     0.136100     0.068000
 75.522     0.026000     0.065800
 65.418    -0.014700     0.060000
 54.338    -0.007600     0.059300
 41.410     0.048100     0.040700
 23.652     0.008800     0.052200
----------------------------------------------------------
E =  818.200 MeV, E_lo =  816.150 MeV, E_hi =  820.250 MeV
Systematic = 0.050000, Preliminary = 0, Tuzla_interpolated
156.348     0.153800     0.047100
138.590     0.213700     0.038100
125.662     0.174500     0.037600
114.582     0.160500     0.048400
104.478     0.152100     0.055700
 94.761     0.190900     0.063600
 85.239     0.114100     0.061100
 75.522     0.028800     0.059900
 65.418    -0.023000     0.060700
 54.338    -0.013200     0.055100
 41.410     0.052900     0.038000
 23.652     0.003200     0.048800
----------------------------------------------------------
E =  822.200 MeV, E_lo =  820.200 MeV, E_hi =  824.200 MeV
Systematic = 0.050000, Preliminary = 0, Tuzla_interpolated
156.348     0.173300     0.047400
138.590     0.216100     0.036500
125.662     0.193000     0.039900
114.582     0.154400     0.045300
104.478     0.166200     0.054900
 94.761     0.183300     0.060300
 85.239     0.112700     0.064200
 75.522     0.033400     0.058500
 65.418    -0.028400     0.059300
 54.338    -0.019500     0.056000
 41.410     0.059000     0.039000
 23.652    -0.002000     0.047700
----------------------------------------------------------
E =  826.300 MeV, E_lo =  824.250 MeV, E_hi =  828.350 MeV
Systematic = 0.050000, Preliminary = 0, Tuzla_interpolated
156.348     0.193900     0.033500
138.590     0.221400     0.029200
125.662     0.202400     0.034100
114.582     0.155600     0.038200
104.478     0.190400     0.046200
 94.761     0.191100     0.043600
 85.239     0.105300     0.039400
 75.522     0.039700     0.037100
 65.418    -0.032700     0.038800
 54.338    -0.024700     0.055000
 41.410     0.062100     0.038200
 23.652    -0.007100     0.038600
----------------------------------------------------------
E =  830.400 MeV, E_lo =  828.350 MeV, E_hi =  832.450 MeV
Systematic = 0.050000, Preliminary = 0, Tuzla_interpolated
156.348     0.193800     0.031300
138.590     0.236000     0.029900
125.662     0.193900     0.031800
114.582     0.160900     0.037900
104.478     0.195800     0.044100
 94.761     0.184500     0.041700
 85.239     0.096600     0.037100
 75.522     0.046400     0.037800
 65.418    -0.030900     0.036300
 54.338    -0.029800     0.054100
 41.410     0.058500     0.038500
 23.652    -0.011600     0.036700
----------------------------------------------------------
E =  834.400 MeV, E_lo =  832.400 MeV, E_hi =  836.400 MeV
Systematic = 0.050000, Preliminary = 0, Tuzla_interpolated
156.348     0.209600     0.032500
138.590     0.240000     0.029700
125.662     0.196300     0.031600
114.582     0.170600     0.038400
104.478     0.220800     0.046800
 94.761     0.193500     0.043500
 85.239     0.100700     0.038800
 75.522     0.050400     0.036300
 65.418    -0.029300     0.037100
 54.338    -0.034000     0.052700
 41.410     0.045100     0.034100
 23.652    -0.015900     0.036800
----------------------------------------------------------
E =  838.500 MeV, E_lo =  836.450 MeV, E_hi =  840.550 MeV
Systematic = 0.050000, Preliminary = 0, Tuzla_interpolated
156.348     0.205900     0.030900
138.590     0.249100     0.029900
125.662     0.195400     0.030800
114.582     0.176900     0.037800
104.478     0.213400     0.042900
 94.761     0.188800     0.042100
 85.239     0.097200     0.036900
 75.522     0.054000     0.034700
 65.418    -0.024400     0.036500
 54.338    -0.038200     0.052200
 41.410     0.037300     0.035700
 23.652    -0.019900     0.036900
----------------------------------------------------------
E =  842.500 MeV, E_lo =  840.500 MeV, E_hi =  844.500 MeV
Systematic = 0.050000, Preliminary = 0, Tuzla_interpolated
156.348     0.208400     0.030700
138.590     0.238100     0.028200
125.662     0.198600     0.030800
114.582     0.182800     0.037200
104.478     0.223600     0.043200
 94.761     0.177700     0.039500
 85.239     0.100400     0.036900
 75.522     0.061800     0.036000
 65.418    -0.018100     0.036200
 54.338    -0.042700     0.053200
 41.410     0.024300     0.033700
 23.652    -0.023600     0.037900
----------------------------------------------------------
E =  846.600 MeV, E_lo =  840.500 MeV, E_hi =  844.500 MeV
Systematic = 0.050000, Preliminary = 0, Tuzla_interpolated
156.348     0.216300     0.031300
138.590     0.248000     0.028600
125.662     0.198900     0.030200
114.582     0.194700     0.037500
104.478     0.218200     0.040600
 94.761     0.182800     0.040400
 85.239     0.103000     0.036200
 75.522     0.064700     0.034300
 65.418    -0.009900     0.035300
 54.338    -0.043400     0.050600
 41.410     0.011600     0.031900
 23.652    -0.025100     0.036500
----------------------------------------------------------
E =  850.600 MeV, E_lo =  848.550 MeV, E_hi =  852.650 MeV
Systematic = 0.050000, Preliminary = 0, Tuzla_interpolated
156.348     0.208800     0.030100
138.590     0.232100     0.026500
125.662     0.196300     0.029300
114.582     0.196200     0.036000
104.478     0.226600     0.041000
 94.761     0.173100     0.038100
 85.239     0.102600     0.034200
 75.522     0.068600     0.033600
 65.418    -0.001000     0.030900
 54.338    -0.044000     0.049100
 41.410     0.000100     0.033000
 23.652    -0.023800     0.033100
----------------------------------------------------------
E =  854.600 MeV, E_lo =  852.600 MeV, E_hi =  856.600 MeV
Systematic = 0.050000, Preliminary = 0, Tuzla_interpolated
156.348     0.196400     0.028400
138.590     0.238500     0.026900
125.662     0.208400     0.030500
114.582     0.208000     0.036300
104.478     0.222700     0.039400
 94.761     0.180000     0.039500
 85.239     0.106100     0.033400
 75.522     0.070900     0.032200
 65.418     0.007900     0.033000
 54.338    -0.044700     0.049000
 41.410    -0.010900     0.032000
 23.652    -0.023900     0.033000
----------------------------------------------------------
E =  858.700 MeV, E_lo =  856.650 MeV, E_hi =  860.750 MeV
Systematic = 0.050000, Preliminary = 0, Tuzla_interpolated
156.348     0.197900     0.028600
138.590     0.242500     0.026700
125.662     0.199300     0.028400
114.582     0.202700     0.033600
104.478     0.227200     0.039500
 94.761     0.163900     0.035800
 85.239     0.109200     0.032200
 75.522     0.073000     0.030900
 65.418     0.016500     0.031200
 54.338    -0.041500     0.045900
 41.410    -0.019600     0.030000
 23.652    -0.022800     0.033000
----------------------------------------------------------
E =  862.700 MeV, E_lo =  860.700 MeV, E_hi =  864.700 MeV
Systematic = 0.050000, Preliminary = 0, Tuzla_interpolated
156.348     0.189600     0.027600
138.590     0.234900     0.025700
125.662     0.215500     0.029900
114.582     0.214300     0.034000
104.478     0.236600     0.040600
 94.761     0.163000     0.035500
 85.239     0.122200     0.033800
 75.522     0.074600     0.029600
 65.418     0.024100     0.029200
 54.338    -0.041200     0.047300
 41.410    -0.027800     0.030700
 23.652    -0.019000     0.031000
----------------------------------------------------------
E =  866.700 MeV, E_lo =  864.700 MeV, E_hi =  868.700 MeV
Systematic = 0.050000, Preliminary = 0, Tuzla_interpolated
156.348     0.184700     0.027100
138.590     0.246100     0.026500
125.662     0.204800     0.027400
114.582     0.224600     0.034100
104.478     0.224000     0.038200
 94.761     0.166600     0.036100
 85.239     0.121900     0.031800
 75.522     0.077700     0.029200
 65.418     0.031800     0.028500
 54.338    -0.038100     0.047400
 41.410    -0.030200     0.028200
 23.652    -0.015400     0.031100
----------------------------------------------------------
E =  870.700 MeV, E_lo =  868.700 MeV, E_hi =  872.700 MeV
Systematic = 0.050000, Preliminary = 0, Tuzla_interpolated
156.348     0.179700     0.026700
138.590     0.237200     0.025600
125.662     0.225400     0.029000
114.582     0.225300     0.033000
104.478     0.229000     0.039000
 94.761     0.167600     0.036200
 85.239     0.128600     0.031700
 75.522     0.084400     0.030100
 65.418     0.039500     0.028300
 54.338    -0.031200     0.044200
 41.410    -0.032800     0.028800
 23.652    -0.009600     0.029400
----------------------------------------------------------
E =  874.700 MeV, E_lo =  872.700 MeV, E_hi =  876.700 MeV
Systematic = 0.050000, Preliminary = 0, Tuzla_interpolated
156.348     0.173200     0.025900
138.590     0.235500     0.024900
125.662     0.221500     0.027300
114.582     0.223500     0.031500
104.478     0.207300     0.035300
 94.761     0.151200     0.032500
 85.239     0.131100     0.030600
 75.522     0.085300     0.029100
 65.418     0.045900     0.027700
 54.338    -0.023900     0.041500
 41.410    -0.028100     0.025900
 23.652    -0.002900     0.028000
----------------------------------------------------------
E =  878.700 MeV, E_lo =  876.700 MeV, E_hi =  880.700 MeV
Systematic = 0.050000, Preliminary = 0, Tuzla_interpolated
156.348     0.172300     0.028700
138.590     0.229500     0.026900
125.662     0.221400     0.030500
114.582     0.231000     0.037200
104.478     0.198400     0.034300
 94.761     0.149300     0.032100
 85.239     0.133500     0.031500
 75.522     0.081000     0.028300
 65.418     0.052600     0.029600
 54.338    -0.016900     0.034400
 41.410    -0.022200     0.051300
 23.652     0.004500     0.029800
----------------------------------------------------------
E =  882.700 MeV, E_lo =  880.700 MeV, E_hi =  884.700 MeV
Systematic = 0.050000, Preliminary = 0, Tuzla_interpolated
156.348     0.154900     0.026000
138.590     0.224900     0.026200
125.662     0.231700     0.030400
114.582     0.235300     0.036900
104.478     0.197600     0.034500
 94.761     0.151600     0.032400
 85.239     0.131900     0.029800
 75.522     0.083300     0.028000
 65.418     0.055100     0.028100
 54.338    -0.008000     0.032800
 41.410    -0.014200     0.051600
 23.652     0.012700     0.029100
----------------------------------------------------------
E =  886.700 MeV, E_lo =  884.700 MeV, E_hi =  888.700 MeV
Systematic = 0.050000, Preliminary = 0, Tuzla_interpolated
156.348     0.163700     0.027300
138.590     0.225100     0.025900
125.662     0.237500     0.029400
114.582     0.223300     0.034000
104.478     0.195500     0.034600
 94.761     0.150000     0.031700
 85.239     0.129900     0.028100
 75.522     0.082900     0.026900
 65.418     0.057600     0.027000
 54.338     0.001200     0.033100
 41.410    -0.003200     0.049200
 23.652     0.021500     0.028700
----------------------------------------------------------
E =  890.600 MeV, E_lo =  888.650 MeV, E_hi =  892.550 MeV
Systematic = 0.050000, Preliminary = 0, Tuzla_interpolated
156.348     0.150500     0.025100
138.590     0.221800     0.025200
125.662     0.247000     0.028900
114.582     0.219400     0.032600
104.478     0.185900     0.033300
 94.761     0.140200     0.029400
 85.239     0.138000     0.028700
 75.522     0.082800     0.026000
 65.418     0.058000     0.025400
 54.338     0.010900     0.032100
 41.410     0.008700     0.047500
 23.652     0.030200     0.028200
----------------------------------------------------------
E =  894.600 MeV, E_lo =  892.600 MeV, E_hi =  896.600 MeV
Systematic = 0.050000, Preliminary = 0, Tuzla_interpolated
156.348     0.153300     0.025300
138.590     0.225300     0.025200
125.662     0.254400     0.028100
114.582     0.228800     0.033200
104.478     0.173100     0.031400
 94.761     0.142900     0.029600
 85.239     0.143900     0.028800
 75.522     0.086200     0.026000
 65.418     0.064000     0.026600
 54.338     0.019200     0.028800
 41.410     0.022600     0.047900
 23.652     0.037700     0.026900
----------------------------------------------------------
E =  898.500 MeV, E_lo =  896.550 MeV, E_hi =  900.450 MeV
Systematic = 0.050000, Preliminary = 0, Tuzla_interpolated
156.348     0.151200     0.025000
138.590     0.221800     0.025000
125.662     0.272000     0.029000
114.582     0.239000     0.034100
104.478     0.164000     0.030100
 94.761     0.146200     0.029800
 85.239     0.139600     0.027000
 75.522     0.092000     0.026800
 65.418     0.066800     0.026700
 54.338     0.029100     0.028800
 41.410     0.034600     0.044500
 23.652     0.050000     0.029000
----------------------------------------------------------
E =  902.500 MeV, E_lo =  900.500 MeV, E_hi =  904.500 MeV
Systematic = 0.050000, Preliminary = 0, Tuzla_interpolated
156.348     0.147600     0.023900
138.590     0.224600     0.024600
125.662     0.275900     0.027800
114.582     0.231300     0.032200
104.478     0.157300     0.029100
 94.761     0.144400     0.028800
 85.239     0.144000     0.026700
 75.522     0.086400     0.024200
 65.418     0.064100     0.024700
 54.338     0.035500     0.025900
 41.410     0.051200     0.046200
 23.652     0.051800     0.025600
----------------------------------------------------------
E =  906.500 MeV, E_lo =  904.500 MeV, E_hi =  908.500 MeV
Systematic = 0.050000, Preliminary = 0, Tuzla_interpolated
156.348     0.147700     0.023600
138.590     0.209100     0.022900
125.662     0.274700     0.026600
114.582     0.218800     0.030000
104.478     0.151700     0.028100
 94.761     0.140600     0.027400
 85.239     0.143400     0.025600
 75.522     0.089800     0.024100
 65.418     0.059000     0.022100
 54.338     0.044100     0.025400
 41.410     0.056000     0.038800
 23.652     0.054000     0.023400
----------------------------------------------------------
E =  910.400 MeV, E_lo =  908.450 MeV, E_hi =  912.350 MeV
Systematic = 0.050000, Preliminary = 0, Tuzla_interpolated
156.348     0.151800     0.023700
138.590     0.208700     0.022500
125.662     0.285900     0.026700
114.582     0.229600     0.030800
104.478     0.156100     0.028900
 94.761     0.138500     0.026300
 85.239     0.149800     0.025700
 75.522     0.091200     0.023400
 65.418     0.064200     0.023600
 54.338     0.053700     0.025700
 41.410     0.069800     0.039500
 23.652     0.051300     0.020300
----------------------------------------------------------
E =  914.300 MeV, E_lo =  912.350 MeV, E_hi =  916.250 MeV
Systematic = 0.050000, Preliminary = 0, Tuzla_interpolated
156.348     0.142800     0.021900
138.590     0.199200     0.021100
125.662     0.273100     0.024700
114.582     0.218300     0.028600
104.478     0.144500     0.026400
 94.761     0.134600     0.024800
 85.239     0.141500     0.023400
 75.522     0.095900     0.023400
 65.418     0.057900     0.020900
 54.338     0.060500     0.024800
 41.410     0.080800     0.038800
 23.652     0.058400     0.021600
----------------------------------------------------------
E =  918.300 MeV, E_lo =  916.300 MeV, E_hi =  920.300 MeV
Systematic = 0.050000, Preliminary = 0, Tuzla_interpolated
156.348     0.139100     0.020800
138.590     0.187700     0.019600
125.662     0.276200     0.024200
114.582     0.214400     0.027600
104.478     0.148600     0.026700
 94.761     0.136300     0.024200
 85.239     0.140400     0.022300
 75.522     0.093800     0.021700
 65.418     0.056200     0.020100
 54.338     0.061800     0.022200
 41.410     0.086500     0.036300
 23.652     0.052000     0.018500
----------------------------------------------------------
E =  922.200 MeV, E_lo =  920.250 MeV, E_hi =  924.150 MeV
Systematic = 0.050000, Preliminary = 0, Tuzla_interpolated
156.348     0.142400     0.020600
138.590     0.193000     0.019900
125.662     0.277600     0.023700
114.582     0.211800     0.026500
104.478     0.147900     0.025700
 94.761     0.143800     0.024600
 85.239     0.141800     0.021600
 75.522     0.088300     0.019400
 65.418     0.054500     0.019400
 54.338     0.065600     0.021100
 41.410     0.086300     0.032600
 23.652     0.053000     0.018500
----------------------------------------------------------
E =  926.100 MeV, E_lo =  924.150 MeV, E_hi =  928.050 MeV
Systematic = 0.050000, Preliminary = 0, Tuzla_interpolated
156.348     0.134600     0.022300
138.590     0.187000     0.023100
125.662     0.260700     0.027400
114.582     0.200600     0.030300
104.478     0.141300     0.026400
 94.761     0.131200     0.025800
 85.239     0.146600     0.025800
 75.522     0.093800     0.024500
 65.418     0.050600     0.022300
 54.338     0.072700     0.024500
 41.410     0.094000     0.035700
 23.652     0.047700     0.031900
----------------------------------------------------------
E =  930.000 MeV, E_lo =  928.050 MeV, E_hi =  931.950 MeV
Systematic = 0.050000, Preliminary = 0, Tuzla_interpolated
156.348     0.134200     0.021700
138.590     0.189800     0.023200
125.662     0.261500     0.027100
114.582     0.214800     0.031600
104.478     0.141500     0.025300
 94.761     0.131900     0.024800
 85.239     0.135200     0.022800
 75.522     0.096800     0.023700
 65.418     0.050200     0.022200
 54.338     0.075500     0.023500
 41.410     0.092800     0.033200
 23.652     0.039500     0.027700
----------------------------------------------------------
E =  933.900 MeV, E_lo =  931.950 MeV, E_hi =  935.850 MeV
Systematic = 0.050000, Preliminary = 0, Tuzla_interpolated
156.348     0.136600     0.021300
138.590     0.177600     0.021400
125.662     0.255100     0.026200
114.582     0.212600     0.030500
104.478     0.157200     0.026700
 94.761     0.139600     0.025000
 85.239     0.150600     0.024200
 75.522     0.101500     0.023400
 65.418     0.047500     0.020900
 54.338     0.076000     0.022200
 41.410     0.086800     0.029700
 23.652     0.035800     0.027100
----------------------------------------------------------
E =  937.800 MeV, E_lo =  935.850 MeV, E_hi =  939.750 MeV
Systematic = 0.050000, Preliminary = 0, Tuzla_interpolated
156.348     0.136100     0.020600
138.590     0.183900     0.021700
125.662     0.251000     0.025800
114.582     0.213200     0.029900
104.478     0.154000     0.024800
 94.761     0.154000     0.026200
 85.239     0.143500     0.022200
 75.522     0.103100     0.022400
 65.418     0.046900     0.020500
 54.338     0.080300     0.022200
 41.410     0.095600     0.031600
 23.652     0.030400     0.025600
----------------------------------------------------------
E =  941.600 MeV, E_lo =  939.700 MeV, E_hi =  943.500 MeV
Systematic = 0.050000, Preliminary = 0, Tuzla_interpolated
156.348     0.140700     0.020500
138.590     0.176500     0.020800
125.662     0.253300     0.025800
114.582     0.200200     0.027600
104.478     0.152600     0.023400
 94.761     0.146600     0.023900
 85.239     0.147300     0.021800
 75.522     0.107200     0.022000
 65.418     0.046600     0.020100
 54.338     0.077100     0.020300
 41.410     0.092000     0.029900
 23.652     0.025600     0.024900
----------------------------------------------------------
E =  945.500 MeV, E_lo =  943.550 MeV, E_hi =  947.450 MeV
Systematic = 0.050000, Preliminary = 0, Tuzla_interpolated
156.348     0.138200     0.019500
138.590     0.175400     0.020300
125.662     0.231800     0.023900
114.582     0.209300     0.028100
104.478     0.159500     0.023100
 94.761     0.156200     0.024300
 85.239     0.140700     0.020100
 75.522     0.109300     0.021100
 65.418     0.041400     0.017500
 54.338     0.081800     0.020600
 41.410     0.081700     0.026300
 23.652     0.019500     0.022900
----------------------------------------------------------
E =  949.400 MeV, E_lo =  947.450 MeV, E_hi =  951.350 MeV
Systematic = 0.050000, Preliminary = 0, Tuzla_interpolated
156.348     0.139900     0.019100
138.590     0.166300     0.019100
125.662     0.228100     0.023400
114.582     0.199700     0.026400
104.478     0.163500     0.022600
 94.761     0.150400     0.022300
 85.239     0.147000     0.020100
 75.522     0.110700     0.020400
 65.418     0.042600     0.017400
 54.338     0.074500     0.018100
 41.410     0.087300     0.028200
 23.652     0.013700     0.020700
----------------------------------------------------------
E =  953.200 MeV, E_lo =  951.300 MeV, E_hi =  955.100 MeV
Systematic = 0.050000, Preliminary = 0, Tuzla_interpolated
156.348     0.136300     0.018000
138.590     0.175300     0.019800
125.662     0.215400     0.022100
114.582     0.194500     0.025400
104.478     0.172000     0.022700
 94.761     0.146100     0.021000
 85.239     0.150500     0.019900
 75.522     0.100100     0.017700
 65.418     0.046900     0.018300
 54.338     0.068300     0.016100
 41.410     0.068700     0.022600
 23.652     0.009400     0.019500
----------------------------------------------------------
E =  957.100 MeV, E_lo =  955.150 MeV, E_hi =  959.050 MeV
Systematic = 0.050000, Preliminary = 0, Tuzla_interpolated
156.348     0.145600     0.018700
138.590     0.165000     0.018600
125.662     0.212900     0.022100
114.582     0.192700     0.024700
104.478     0.177200     0.022400
 94.761     0.151200     0.021000
 85.239     0.152600     0.019700
 75.522     0.107400     0.018200
 65.418     0.041700     0.015400
 54.338     0.076500     0.017400
 41.410     0.071300     0.023900
 23.652     0.005700     0.018800
----------------------------------------------------------
E =  960.900 MeV, E_lo =  959.000 MeV, E_hi =  962.800 MeV
Systematic = 0.050000, Preliminary = 0, Tuzla_interpolated
156.348     0.144900     0.018000
138.590     0.167800     0.018600
125.662     0.208700     0.021500
114.582     0.198200     0.025000
104.478     0.175800     0.021300
 94.761     0.154700     0.020600
 85.239     0.145300     0.018200
 75.522     0.100600     0.016500
 65.418     0.047200     0.016200
 54.338     0.071600     0.015800
 41.410     0.063700     0.022100
 23.652     0.002500     0.017300
----------------------------------------------------------
E =  964.800 MeV, E_lo =  962.850 MeV, E_hi =  966.750 MeV
Systematic = 0.050000, Preliminary = 0, Tuzla_interpolated
156.348     0.139300     0.016800
138.590     0.153300     0.017000
125.662     0.190900     0.020200
114.582     0.180800     0.022600
104.478     0.165400     0.019700
 94.761     0.147400     0.019200
 85.239     0.149100     0.018300
 75.522     0.111000     0.017600
 65.418     0.047400     0.015000
 54.338     0.068500     0.015000
 41.410     0.053800     0.019600
 23.652    -0.000000     0.013700
----------------------------------------------------------
E =  968.600 MeV, E_lo =  966.700 MeV, E_hi =  970.500 MeV
Systematic = 0.050000, Preliminary = 0, Tuzla_interpolated
156.348     0.138500     0.016200
138.590     0.158200     0.017300
125.662     0.191500     0.020100
114.582     0.173200     0.021800
104.478     0.154600     0.018200
 94.761     0.152900     0.019200
 85.239     0.145100     0.017400
 75.522     0.101500     0.015900
 65.418     0.050200     0.014500
 54.338     0.070400     0.014900
 41.410     0.047200     0.018200
 23.652    -0.001500     0.013500
----------------------------------------------------------
E =  972.400 MeV, E_lo =  970.500 MeV, E_hi =  974.300 MeV
Systematic = 0.050000, Preliminary = 0, Tuzla_interpolated
156.348     0.132200     0.015100
138.590     0.135900     0.014800
125.662     0.178600     0.018700
114.582     0.163700     0.020200
104.478     0.160100     0.017900
 94.761     0.151400     0.018500
 85.239     0.140700     0.016500
 75.522     0.104100     0.015600
 65.418     0.052400     0.013600
 54.338     0.068200     0.014100
 41.410     0.043900     0.018100
 23.652    -0.002700     0.013900
----------------------------------------------------------
E =  976.200 MeV, E_lo =  974.300 MeV, E_hi =  978.100 MeV
Systematic = 0.050000, Preliminary = 0, Tuzla_interpolated
156.348     0.134700     0.019600
138.590     0.144900     0.019900
125.662     0.183700     0.025900
114.582     0.181500     0.030700
104.478     0.165900     0.028800
 94.761     0.156000     0.025200
 85.239     0.157200     0.024500
 75.522     0.111000     0.022400
 65.418     0.060900     0.019300
 54.338     0.069500     0.018000
 41.410     0.041300     0.023300
 23.652    -0.002900     0.016100
----------------------------------------------------------
E =  980.000 MeV, E_lo =  978.100 MeV, E_hi =  981.900 MeV
Systematic = 0.050000, Preliminary = 0, Tuzla_interpolated
156.348     0.139100     0.019600
138.590     0.148100     0.019800
125.662     0.177500     0.024900
114.582     0.149700     0.025500
104.478     0.161100     0.027500
 94.761     0.148000     0.023300
 85.239     0.144700     0.022200
 75.522     0.105700     0.021000
 65.418     0.064200     0.018200
 54.338     0.066800     0.016900
 41.410     0.036200     0.022600
 23.652    -0.002400     0.013700
----------------------------------------------------------
E =  983.600 MeV, E_lo =  981.800 MeV, E_hi =  985.400 MeV
Systematic = 0.050000, Preliminary = 0, Tuzla_interpolated
156.348     0.127800     0.017900
138.590     0.140800     0.019000
125.662     0.177800     0.024700
114.582     0.153400     0.026100
104.478     0.151500     0.025700
 94.761     0.144300     0.022400
 85.239     0.122700     0.018900
 75.522     0.097000     0.019200
 65.418     0.065300     0.016800
 54.338     0.067600     0.016700
 41.410     0.029500     0.021000
 23.652    -0.001700     0.012400
----------------------------------------------------------
E =  987.700 MeV, E_lo =  985.650 MeV, E_hi =  989.750 MeV
Systematic = 0.050000, Preliminary = 0, Tuzla_interpolated
156.348     0.121200     0.016700
138.590     0.132800     0.018300
125.662     0.174500     0.024200
114.582     0.153300     0.026400
104.478     0.171900     0.029200
 94.761     0.141500     0.022200
 85.239     0.128300     0.020200
 75.522     0.105800     0.021100
 65.418     0.075900     0.017800
 54.338     0.067900     0.016600
 41.410     0.021800     0.018400
 23.652    -0.000800     0.014100
----------------------------------------------------------
E =  991.300 MeV, E_lo =  989.500 MeV, E_hi =  993.100 MeV
Systematic = 0.050000, Preliminary = 0, Tuzla_interpolated
156.348     0.125700     0.016700
138.590     0.121500     0.016200
125.662     0.166800     0.022600
114.582     0.146700     0.025100
104.478     0.159000     0.026600
 94.761     0.134900     0.020400
 85.239     0.126800     0.019000
 75.522     0.099300     0.019400
 65.418     0.080700     0.017100
 54.338     0.062400     0.014800
 41.410     0.015800     0.016100
 23.652     0.000400     0.011900
----------------------------------------------------------
E =  995.100 MeV, E_lo =  993.200 MeV, E_hi =  997.000 MeV
Systematic = 0.050000, Preliminary = 0, Tuzla_interpolated
156.348     0.123600     0.016400
138.590     0.125900     0.016700
125.662     0.166600     0.022300
114.582     0.136500     0.023400
104.478     0.136900     0.023300
 94.761     0.134200     0.020200
 85.239     0.116000     0.017700
 75.522     0.094600     0.018700
 65.418     0.087100     0.016900
 54.338     0.057600     0.013600
 41.410     0.014300     0.018500
 23.652     0.001700     0.011700
----------------------------------------------------------
E =  998.900 MeV, E_lo =  997.000 MeV, E_hi = 1000.800 MeV
Systematic = 0.050000, Preliminary = 0, Tuzla_interpolated
156.348     0.130100     0.016900
138.590     0.130400     0.017400
125.662     0.157400     0.021200
114.582     0.139200     0.023900
104.478     0.137000     0.023500
 94.761     0.139600     0.020700
 85.239     0.122000     0.018400
 75.522     0.090700     0.018100
 65.418     0.099900     0.017900
 54.338     0.063700     0.014700
 41.410     0.011300     0.020300
 23.652     0.002600     0.009600
----------------------------------------------------------
E = 1002.600 MeV, E_lo = 1000.750 MeV, E_hi = 1004.450 MeV
Systematic = 0.050000, Preliminary = 0, Tuzla_interpolated
156.348     0.112600     0.014700
138.590     0.117000     0.015400
125.662     0.138500     0.019000
114.582     0.134700     0.023200
104.478     0.135600     0.023100
 94.761     0.121700     0.018200
 85.239     0.123000     0.018500
 75.522     0.086800     0.017300
 65.418     0.094500     0.016200
 54.338     0.072200     0.016400
 41.410     0.006400     0.017700
 23.652     0.005100     0.012400
----------------------------------------------------------
E = 1006.300 MeV, E_lo = 1004.450 MeV, E_hi = 1008.150 MeV
Systematic = 0.050000, Preliminary = 0, Tuzla_interpolated
156.348     0.113700     0.014900
138.590     0.115000     0.015100
125.662     0.144100     0.019300
114.582     0.131400     0.022800
104.478     0.138700     0.023900
 94.761     0.131300     0.019300
 85.239     0.128300     0.019200
 75.522     0.088100     0.017800
 65.418     0.093400     0.015600
 54.338     0.069500     0.015600
 41.410     0.003500     0.020800
 23.652     0.005300     0.009500
----------------------------------------------------------
E = 1011.900 MeV, E_lo = 1009.100 MeV, E_hi = 1014.700 MeV
Systematic = 0.050000, Preliminary = 0, Tuzla_interpolated
156.348     0.108100     0.013500
138.590     0.117900     0.014700
125.662     0.132600     0.017100
114.582     0.118600     0.020000
104.478     0.124700     0.021000
 94.761     0.132100     0.018300
 85.239     0.114200     0.016500
 75.522     0.085000     0.016600
 65.418     0.099600     0.014700
 54.338     0.063400     0.013800
 41.410    -0.001300     0.015300
 23.652     0.008700     0.011100
----------------------------------------------------------
E = 1019.300 MeV, E_lo = 1015.600 MeV, E_hi = 1023.000 MeV
Systematic = 0.050000, Preliminary = 0, Tuzla_interpolated
156.348     0.096500     0.012300
138.590     0.106200     0.013100
125.662     0.137600     0.017600
114.582     0.125300     0.020700
104.478     0.118000     0.020100
 94.761     0.132700     0.018100
 85.239     0.109600     0.016100
 75.522     0.081300     0.016000
 65.418     0.112400     0.015600
 54.338     0.064200     0.013900
 41.410    -0.005400     0.016000
 23.652     0.011000     0.010300
----------------------------------------------------------
E = 1026.800 MeV, E_lo = 1023.050 MeV, E_hi = 1030.550 MeV
Systematic = 0.050000, Preliminary = 0, Tuzla_interpolated
156.348     0.080700     0.013400
138.590     0.105500     0.018600
125.662     0.128300     0.023300
114.582     0.117400     0.019800
104.478     0.102600     0.021000
 94.761     0.128400     0.025400
 85.239     0.109700     0.021800
 75.522     0.084600     0.021400
 65.418     0.121900     0.018600
 54.338     0.071300     0.016600
 41.410    -0.008300     0.019400
 23.652     0.014800     0.012800
----------------------------------------------------------
E = 1034.000 MeV, E_lo = 1030.400 MeV, E_hi = 1037.600 MeV
Systematic = 0.050000, Preliminary = 0, Tuzla_interpolated
156.348     0.076700     0.013500
138.590     0.096800     0.016700
125.662     0.115400     0.021500
114.582     0.115200     0.018500
104.478     0.108400     0.021700
 94.761     0.145900     0.027700
 85.239     0.119900     0.023800
 75.522     0.084400     0.020900
 65.418     0.114200     0.018000
 54.338     0.072500     0.017300
 41.410    -0.008600     0.020000
 23.652     0.019000     0.014300
----------------------------------------------------------
E = 1041.400 MeV, E_lo = 1037.700 MeV, E_hi = 1045.100 MeV
Systematic = 0.050000, Preliminary = 0, Tuzla_interpolated
156.348     0.059800     0.011900
138.590     0.091900     0.015700
125.662     0.109000     0.021100
114.582     0.114300     0.017400
104.478     0.112600     0.022100
 94.761     0.144700     0.026500
 85.239     0.112300     0.022500
 75.522     0.089800     0.021600
 65.418     0.105500     0.018000
 54.338     0.071200     0.017800
 41.410    -0.006900     0.020900
 23.652     0.022800     0.015800
----------------------------------------------------------
E = 1048.600 MeV, E_lo = 1045.000 MeV, E_hi = 1052.200 MeV
Systematic = 0.050000, Preliminary = 0, Tuzla_interpolated
156.348     0.055600     0.012400
138.590     0.086500     0.014600
125.662     0.098400     0.019800
114.582     0.128900     0.018600
104.478     0.121200     0.023300
 94.761     0.138100     0.024500
 85.239     0.123300     0.024800
 75.522     0.104600     0.024300
 65.418     0.105200     0.020100
 54.338     0.069400     0.018200
 41.410    -0.004000     0.024300
 23.652     0.023000     0.015200
----------------------------------------------------------
E = 1055.800 MeV, E_lo = 1052.200 MeV, E_hi = 1059.400 MeV
Systematic = 0.050000, Preliminary = 0, Tuzla_interpolated
156.348     0.044900     0.011600
138.590     0.092000     0.015400
125.662     0.092500     0.019600
114.582     0.137000     0.018800
104.478     0.122900     0.023200
 94.761     0.159200     0.027300
 85.239     0.107000     0.022000
 75.522     0.112900     0.025400
 65.418     0.096400     0.021400
 54.338     0.070600     0.019900
 41.410     0.001000     0.024900
 23.652     0.033600     0.021500
----------------------------------------------------------
E = 1063.000 MeV, E_lo = 1059.400 MeV, E_hi = 1066.600 MeV
Systematic = 0.050000, Preliminary = 0, Tuzla_interpolated
156.348     0.037000     0.011100
138.590     0.089100     0.014600
125.662     0.087700     0.019300
114.582     0.130800     0.017500
104.478     0.119500     0.022000
 94.761     0.165700     0.027600
 85.239     0.114600     0.023700
 75.522     0.119200     0.025800
 65.418     0.074800     0.020000
 54.338     0.073200     0.022200
 41.410     0.006300     0.024900
 23.652     0.035000     0.022300
----------------------------------------------------------
E = 1070.200 MeV, E_lo = 1066.600 MeV, E_hi = 1073.800 MeV
Systematic = 0.050000, Preliminary = 0, Tuzla_interpolated
156.348     0.032400     0.011400
138.590     0.093400     0.015500
125.662     0.089300     0.020000
114.582     0.154200     0.019600
104.478     0.127500     0.023200
 94.761     0.179400     0.029100
 85.239     0.122700     0.025600
 75.522     0.128900     0.027100
 65.418     0.067200     0.021900
 54.338     0.064100     0.021300
 41.410     0.013200     0.029000
 23.652     0.036600     0.023800
----------------------------------------------------------
E = 1077.300 MeV, E_lo = 1073.750 MeV, E_hi = 1080.850 MeV
Systematic = 0.050000, Preliminary = 0, Tuzla_interpolated
156.348     0.027200     0.015800
138.590     0.086400     0.016500
125.662     0.089600     0.022700
114.582     0.136500     0.025600
104.478     0.130900     0.026400
 94.761     0.170400     0.026900
 85.239     0.132500     0.026800
 75.522     0.133100     0.026300
 65.418     0.059000     0.023000
 54.338     0.060300     0.023300
 41.410     0.022100     0.029700
 23.652     0.034400     0.019700
----------------------------------------------------------
E = 1084.300 MeV, E_lo = 1080.800 MeV, E_hi = 1087.800 MeV
Systematic = 0.050000, Preliminary = 0, Tuzla_interpolated
156.348     0.022200     0.014100
138.590     0.072900     0.015200
125.662     0.080600     0.020300
114.582     0.147600     0.027300
104.478     0.133700     0.027300
 94.761     0.161800     0.025700
 85.239     0.127500     0.026200
 75.522     0.142700     0.027800
 65.418     0.050200     0.022400
 54.338     0.057900     0.024500
 41.410     0.022600     0.025900
 23.652     0.034700     0.021200
----------------------------------------------------------
E = 1091.400 MeV, E_lo = 1087.850 MeV, E_hi = 1094.950 MeV
Systematic = 0.050000, Preliminary = 0, Tuzla_interpolated
156.348     0.020800     0.013700
138.590     0.067800     0.015000
125.662     0.082300     0.020300
114.582     0.160100     0.029600
104.478     0.117600     0.024600
 94.761     0.175700     0.027700
 85.239     0.129900     0.027000
 75.522     0.138100     0.026800
 65.418     0.049600     0.023500
 54.338     0.053900     0.025200
 41.410     0.026900     0.028700
 23.652     0.037500     0.024800
----------------------------------------------------------
E = 1098.400 MeV, E_lo = 1094.900 MeV, E_hi = 1101.900 MeV
Systematic = 0.050000, Preliminary = 0, Tuzla_interpolated
156.348     0.019900     0.012800
138.590     0.067300     0.016000
125.662     0.087200     0.020600
114.582     0.147800     0.028100
104.478     0.119000     0.025700
 94.761     0.171800     0.027500
 85.239     0.139200     0.029200
 75.522     0.133900     0.026000
 65.418     0.055800     0.026200
 54.338     0.050300     0.026000
 41.410     0.030200     0.031900
 23.652     0.037600     0.027500
----------------------------------------------------------
E = 1105.300 MeV, E_lo = 1101.850 MeV, E_hi = 1108.750 MeV
Systematic = 0.050000, Preliminary = 0, Tuzla_interpolated
156.348     0.021200     0.012800
138.590     0.052100     0.014000
125.662     0.076400     0.017800
114.582     0.141400     0.027600
104.478     0.104200     0.023300
 94.761     0.165500     0.026700
 85.239     0.127300     0.027000
 75.522     0.141400     0.027400
 65.418     0.054800     0.024200
 54.338     0.043300     0.024800
 41.410     0.025300     0.027800
 23.652     0.030400     0.024900
----------------------------------------------------------
E = 1112.300 MeV, E_lo = 1108.800 MeV, E_hi = 1115.800 MeV
Systematic = 0.050000, Preliminary = 0, Tuzla_interpolated
156.348     0.023100     0.012800
138.590     0.043900     0.013400
125.662     0.096000     0.021000
114.582     0.119000     0.024500
104.478     0.119400     0.027700
 94.761     0.175200     0.028700
 85.239     0.125500     0.026900
 75.522     0.148900     0.029100
 65.418     0.062200     0.024900
 54.338     0.038400     0.024400
 41.410     0.023900     0.028800
 23.652     0.031400     0.029500
----------------------------------------------------------
E = 1119.100 MeV, E_lo = 1115.700 MeV, E_hi = 1122.500 MeV
Systematic = 0.050000, Preliminary = 0, Tuzla_interpolated
156.348     0.022100     0.011400
138.590     0.038100     0.013500
125.662     0.089700     0.019700
114.582     0.117600     0.025200
104.478     0.110500     0.027000
 94.761     0.168300     0.028300
 85.239     0.119200     0.025800
 75.522     0.143300     0.028600
 65.418     0.070400     0.025300
 54.338     0.035500     0.025000
 41.410     0.021200     0.029600
 23.652     0.023800     0.025900
----------------------------------------------------------
E = 1125.900 MeV, E_lo = 1122.500 MeV, E_hi = 1129.300 MeV
Systematic = 0.050000, Preliminary = 0, Tuzla_interpolated
156.348     0.022200     0.010200
138.590     0.029000     0.011900
125.662     0.103300     0.020900
114.582     0.109500     0.024100
104.478     0.091400     0.023400
 94.761     0.158100     0.026900
 85.239     0.125000     0.026800
 75.522     0.138400     0.027900
 65.418     0.074400     0.024000
 54.338     0.031900     0.024800
 41.410     0.016400     0.028700
 23.652     0.020800     0.026400
----------------------------------------------------------
E = 1132.700 MeV, E_lo = 1129.300 MeV, E_hi = 1136.100 MeV
Systematic = 0.050000, Preliminary = 0, Tuzla_interpolated
156.348     0.024300     0.010300
138.590     0.021500     0.010500
125.662     0.084300     0.017500
114.582     0.105600     0.024400
104.478     0.091300     0.024500
 94.761     0.150400     0.026400
 85.239     0.124200     0.026700
 75.522     0.135300     0.027800
 65.418     0.074600     0.021900
 54.338     0.029600     0.025500
 41.410     0.011300     0.028000
 23.652     0.018200     0.026900
----------------------------------------------------------
E = 1139.400 MeV, E_lo = 1136.050 MeV, E_hi = 1142.750 MeV
Systematic = 0.050000, Preliminary = 0, Tuzla_interpolated
156.348     0.026600     0.010400
138.590     0.020200     0.011400
125.662     0.098100     0.019600
114.582     0.098700     0.023800
104.478     0.087300     0.024600
 94.761     0.156100     0.028000
 85.239     0.124900     0.026800
 75.522     0.131800     0.027900
 65.418     0.089900     0.024200
 54.338     0.027500     0.026200
 41.410     0.005900     0.027100
 23.652     0.014900     0.025200
----------------------------------------------------------
E = 1146.200 MeV, E_lo = 1142.800 MeV, E_hi = 1149.600 MeV
Systematic = 0.050000, Preliminary = 0, Tuzla_interpolated
156.348     0.030900     0.011300
138.590     0.015600     0.009900
125.662     0.091700     0.018800
114.582     0.085500     0.022000
104.478     0.084000     0.024800
 94.761     0.154200     0.028100
 85.239     0.122700     0.026000
 75.522     0.115900     0.025500
 65.418     0.101600     0.025500
 54.338     0.025000     0.026300
 41.410     0.000400     0.027100
 23.652     0.013800     0.025500
----------------------------------------------------------
E = 1152.800 MeV, E_lo = 1149.500 MeV, E_hi = 1156.100 MeV
Systematic = 0.050000, Preliminary = 0, Tuzla_interpolated
156.348     0.029000     0.008700
138.590     0.015500     0.010900
125.662     0.099900     0.019000
114.582     0.093000     0.016900
104.478     0.077700     0.016700
 94.761     0.137400     0.018100
 85.239     0.121700     0.020000
 75.522     0.121700     0.023200
 65.418     0.099000     0.019100
 54.338     0.022300     0.017300
 41.410    -0.004800     0.017400
 23.652     0.013600     0.025700
----------------------------------------------------------
E = 1159.400 MeV, E_lo = 1156.100 MeV, E_hi = 1162.700 MeV
Systematic = 0.050000, Preliminary = 0, Tuzla_interpolated
156.348     0.034700     0.009700
138.590     0.016300     0.011000
125.662     0.093900     0.017600
114.582     0.084800     0.016000
104.478     0.070800     0.015700
 94.761     0.142800     0.018800
 85.239     0.128000     0.020500
 75.522     0.106000     0.021100
 65.418     0.095400     0.018000
 54.338     0.018300     0.015500
 41.410    -0.010400     0.018100
 23.652     0.015000     0.027100
----------------------------------------------------------
E = 1165.900 MeV, E_lo = 1162.650 MeV, E_hi = 1169.150 MeV
Systematic = 0.050000, Preliminary = 0, Tuzla_interpolated
156.348     0.029200     0.008800
138.590     0.019400     0.011700
125.662     0.096900     0.018700
114.582     0.085300     0.016700
104.478     0.069800     0.015600
 94.761     0.135900     0.018300
 85.239     0.133600     0.021100
 75.522     0.108000     0.022200
 65.418     0.096100     0.018100
 54.338     0.019000     0.017300
 41.410    -0.016400     0.018800
 23.652     0.016900     0.027500
----------------------------------------------------------
E = 1172.400 MeV, E_lo = 1169.150 MeV, E_hi = 1175.650 MeV
Systematic = 0.050000, Preliminary = 0, Tuzla_interpolated
156.348     0.028800     0.008600
138.590     0.021300     0.011200
125.662     0.080900     0.016400
114.582     0.082000     0.016300
104.478     0.062800     0.014300
 94.761     0.119000     0.016500
 85.239     0.128500     0.019900
 75.522     0.101300     0.021800
 65.418     0.091200     0.017100
 54.338     0.016800     0.016300
 41.410    -0.020500     0.017500
 23.652     0.016400     0.023500
----------------------------------------------------------
E = 1178.900 MeV, E_lo = 1175.650 MeV, E_hi = 1182.150 MeV
Systematic = 0.050000, Preliminary = 0, Tuzla_interpolated
156.348     0.032600     0.009000
138.590     0.022700     0.010400
125.662     0.093900     0.018400
114.582     0.069300     0.014600
104.478     0.071200     0.016100
 94.761     0.120800     0.016600
 85.239     0.132800     0.020000
 75.522     0.086900     0.019700
 65.418     0.086400     0.016600
 54.338     0.014100     0.014400
 41.410    -0.027400     0.018600
 23.652     0.020100     0.025000
----------------------------------------------------------
E = 1185.300 MeV, E_lo = 1182.100 MeV, E_hi = 1188.500 MeV
Systematic = 0.050000, Preliminary = 0, Tuzla_interpolated
156.348     0.029200     0.008400
138.590     0.026200     0.010500
125.662     0.086000     0.018100
114.582     0.064400     0.013900
104.478     0.066400     0.015000
 94.761     0.123200     0.017000
 85.239     0.122500     0.018200
 75.522     0.084300     0.020000
 65.418     0.093800     0.018200
 54.338     0.015300     0.016200
 41.410    -0.030700     0.017500
 23.652     0.022200     0.023900
----------------------------------------------------------
E = 1191.700 MeV, E_lo = 1188.500 MeV, E_hi = 1194.900 MeV
Systematic = 0.050000, Preliminary = 0, Tuzla_interpolated
156.348     0.034200     0.009500
138.590     0.031300     0.010900
125.662     0.077200     0.016800
114.582     0.067700     0.014500
104.478     0.066400     0.015000
 94.761     0.120100     0.017100
 85.239     0.138300     0.020100
 75.522     0.069400     0.017500
 65.418     0.086300     0.017200
 54.338     0.013200     0.014300
 41.410    -0.036500     0.018000
 23.652     0.028400     0.026800
----------------------------------------------------------
E = 1198.000 MeV, E_lo = 1194.850 MeV, E_hi = 1201.150 MeV
Systematic = 0.050000, Preliminary = 0, Tuzla_interpolated
156.348     0.036700     0.010300
138.590     0.035600     0.011300
125.662     0.086100     0.018900
114.582     0.081400     0.017300
104.478     0.068900     0.015400
 94.761     0.144800     0.020000
 85.239     0.136300     0.019500
 75.522     0.081800     0.021600
 65.418     0.086200     0.017900
 54.338     0.015100     0.016500
 41.410    -0.043200     0.018900
 23.652     0.033500     0.028000
----------------------------------------------------------
E = 1204.200 MeV, E_lo = 1201.100 MeV, E_hi = 1207.300 MeV
Systematic = 0.050000, Preliminary = 0, Tuzla_interpolated
156.348     0.032200     0.009900
138.590     0.043800     0.012400
125.662     0.077300     0.017900
114.582     0.069300     0.015400
104.478     0.066600     0.014700
 94.761     0.140800     0.019500
 85.239     0.130400     0.018500
 75.522     0.075700     0.021100
 65.418     0.077000     0.016900
 54.338     0.014400     0.015700
 41.410    -0.047900     0.018900
 23.652     0.033900     0.025500
----------------------------------------------------------
E = 1210.500 MeV, E_lo = 1207.350 MeV, E_hi = 1213.650 MeV
Systematic = 0.050000, Preliminary = 0, Tuzla_interpolated
156.348     0.033700     0.009600
138.590     0.045700     0.012100
125.662     0.061400     0.015500
114.582     0.074100     0.016200
104.478     0.070900     0.015300
 94.761     0.135300     0.018800
 85.239     0.149800     0.020400
 75.522     0.077500     0.022700
 65.418     0.075500     0.017300
 54.338     0.015600     0.016700
 41.410    -0.059600     0.021600
 23.652     0.038100     0.025900
----------------------------------------------------------
E = 1216.700 MeV, E_lo = 1213.600 MeV, E_hi = 1219.800 MeV
Systematic = 0.050000, Preliminary = 0, Tuzla_interpolated
156.348     0.026500     0.008500
138.590     0.051700     0.013000
125.662     0.064400     0.016600
114.582     0.065500     0.014500
104.478     0.073200     0.015300
 94.761     0.126000     0.017700
 85.239     0.131500     0.018100
 75.522     0.065100     0.020200
 65.418     0.065300     0.015800
 54.338     0.015300     0.015800
 41.410    -0.051400     0.017500
 23.652     0.045200     0.028400
----------------------------------------------------------
E = 1222.800 MeV, E_lo = 1219.750 MeV, E_hi = 1225.850 MeV
Systematic = 0.050000, Preliminary = 0, Tuzla_interpolated
156.348     0.030400     0.008800
138.590     0.053100     0.012700
125.662     0.059800     0.016100
114.582     0.064900     0.014200
104.478     0.072400     0.014900
 94.761     0.121400     0.017100
 85.239     0.143700     0.019200
 75.522     0.061300     0.020000
 65.418     0.071100     0.017900
 54.338     0.015700     0.015700
 41.410    -0.058600     0.018800
 23.652     0.051500     0.030200
----------------------------------------------------------
E = 1229.000 MeV, E_lo = 1225.900 MeV, E_hi = 1232.100 MeV
Systematic = 0.050000, Preliminary = 0, Tuzla_interpolated
156.348     0.028200     0.009500
138.590     0.063700     0.014600
125.662     0.047900     0.013800
114.582     0.066700     0.014800
104.478     0.070000     0.014200
 94.761     0.117300     0.016600
 85.239     0.137600     0.018300
 75.522     0.060500     0.020800
 65.418     0.057500     0.015600
 54.338     0.015600     0.014800
 41.410    -0.066000     0.020100
 23.652     0.048000     0.026800
----------------------------------------------------------
E = 1235.000 MeV, E_lo = 1232.000 MeV, E_hi = 1238.000 MeV
Systematic = 0.050000, Preliminary = 0, Tuzla_interpolated
156.348     0.027000     0.009100
138.590     0.060300     0.013800
125.662     0.046500     0.014400
114.582     0.072300     0.016000
104.478     0.080800     0.015900
 94.761     0.113700     0.016600
 85.239     0.147500     0.019700
 75.522     0.049600     0.017900
 65.418     0.059700     0.017100
 54.338     0.017600     0.015900
 41.410    -0.065100     0.019200
 23.652     0.052000     0.027800
----------------------------------------------------------
E = 1242.400 MeV, E_lo = 1238.700 MeV, E_hi = 1246.100 MeV
Systematic = 0.050000, Preliminary = 0, Tuzla_interpolated
156.348     0.027900     0.008300
138.590     0.066300     0.013300
125.662     0.044000     0.013800
114.582     0.080200     0.016400
104.478     0.080100     0.015100
 94.761     0.121000     0.016500
 85.239     0.149500     0.018900
 75.522     0.049300     0.018600
 65.418     0.058900     0.017700
 54.338     0.018000     0.015100
 41.410    -0.071400     0.020100
 23.652     0.056000     0.028900
----------------------------------------------------------
E = 1251.300 MeV, E_lo = 1246.850 MeV, E_hi = 1255.750 MeV
Systematic = 0.050000, Preliminary = 0, Tuzla_interpolated
156.348     0.031300     0.010900
138.590     0.061900     0.015700
125.662     0.044200     0.016400
114.582     0.074400     0.021600
104.478     0.085200     0.019300
 94.761     0.122600     0.019900
 85.239     0.156200     0.022900
 75.522     0.050100     0.021700
 65.418     0.051600     0.021500
 54.338     0.021300     0.018500
 41.410    -0.066400     0.021600
 23.652     0.047300     0.031400
----------------------------------------------------------
E = 1260.200 MeV, E_lo = 1255.750 MeV, E_hi = 1264.650 MeV
Systematic = 0.050000, Preliminary = 0, Tuzla_interpolated
156.348     0.026600     0.010100
138.590     0.068100     0.017300
125.662     0.041900     0.016200
114.582     0.072600     0.020800
104.478     0.083600     0.018600
 94.761     0.124700     0.020400
 85.239     0.158400     0.023500
 75.522     0.056000     0.024900
 65.418     0.052800     0.022800
 54.338     0.023300     0.018500
 41.410    -0.074900     0.024300
 23.652     0.054500     0.037200
----------------------------------------------------------
E = 1268.900 MeV, E_lo = 1264.550 MeV, E_hi = 1273.250 MeV
Systematic = 0.050000, Preliminary = 0, Tuzla_interpolated
156.348     0.023500     0.009400
138.590     0.070500     0.017000
125.662     0.041400     0.015900
114.582     0.063100     0.017800
104.478     0.082600     0.017700
 94.761     0.122100     0.019500
 85.239     0.132700     0.019900
 75.522     0.043800     0.019500
 65.418     0.044700     0.019600
 54.338     0.022800     0.016500
 41.410    -0.061400     0.020200
 23.652     0.051000     0.037300
----------------------------------------------------------
E = 1277.400 MeV, E_lo = 1273.150 MeV, E_hi = 1281.650 MeV
Systematic = 0.050000, Preliminary = 0, Tuzla_interpolated
156.348     0.020100     0.008900
138.590     0.065100     0.016200
125.662     0.038700     0.014800
114.582     0.074900     0.020600
104.478     0.080800     0.017200
 94.761     0.119400     0.019200
 85.239     0.138700     0.021100
 75.522     0.042200     0.018600
 65.418     0.045100     0.019600
 54.338     0.025500     0.016900
 41.410    -0.063700     0.021500
 23.652     0.045500     0.036900
----------------------------------------------------------
E = 1287.400 MeV, E_lo = 1282.400 MeV, E_hi = 1292.400 MeV
Systematic = 0.050000, Preliminary = 0, Tuzla_interpolated
156.348     0.016400     0.007800
138.590     0.055500     0.014100
125.662     0.041900     0.015200
114.582     0.066600     0.017700
104.478     0.078700     0.016400
 94.761     0.107300     0.017000
 85.239     0.134900     0.020700
 75.522     0.040800     0.017400
 65.418     0.048800     0.020400
 54.338     0.024900     0.014900
 41.410    -0.064200     0.022700
 23.652     0.033000     0.032300
----------------------------------------------------------
E = 1300.000 MeV, E_lo = 1293.700 MeV, E_hi = 1306.300 MeV
Systematic = 0.050000, Preliminary = 0, Tuzla_interpolated
156.348     0.014900     0.008400
138.590     0.052700     0.014200
125.662     0.041100     0.014000
114.582     0.070600     0.017900
104.478     0.081300     0.016400
 94.761     0.122500     0.018700
 85.239     0.117400     0.018700
 75.522     0.048100     0.019200
 65.418     0.047800     0.018500
 54.338     0.032000     0.017000
 41.410    -0.052900     0.020600
 23.652     0.024500     0.035400
----------------------------------------------------------
E = 1315.100 MeV, E_lo = 1307.550 MeV, E_hi = 1322.650 MeV
Systematic = 0.050000, Preliminary = 0, Tuzla_interpolated
156.348     0.009600     0.007500
138.590     0.044700     0.013300
125.662     0.048600     0.014600
114.582     0.085400     0.020200
104.478     0.080000     0.015800
 94.761     0.110800     0.016700
 85.239     0.103700     0.017500
 75.522     0.056900     0.020500
 65.418     0.059200     0.020400
 54.338     0.035900     0.016600
 41.410    -0.044100     0.020300
 23.652     0.007500     0.033700
----------------------------------------------------------
E = 1335.200 MeV, E_lo = 1325.150 MeV, E_hi = 1345.250 MeV
Systematic = 0.050000, Preliminary = 0, Tuzla_interpolated
156.348     0.004400     0.008400
138.590     0.033000     0.013600
125.662     0.051800     0.014500
114.582     0.086200     0.020000
104.478     0.077500     0.015600
 94.761     0.115600     0.017500
 85.239     0.093200     0.017800
 75.522     0.066400     0.021000
 65.418     0.065000     0.019200
 54.338     0.037300     0.014700
 41.410    -0.032200     0.020800
 23.652    -0.017900     0.036400
----------------------------------------------------------
