   W            E2-
 (MeV)      Re      Im
 1614.0    0.003  -0.001
 1615.0    0.004  -0.001
 1616.0    0.005  -0.001
 1617.0    0.005  -0.001
 1618.0    0.006  -0.002
 1619.0    0.006  -0.002
 1620.0    0.007  -0.002
 1621.0    0.008  -0.002
 1622.0    0.008  -0.003
 1623.0    0.009  -0.003
 1624.0    0.009  -0.003
 1625.0    0.010  -0.003
 1626.0    0.010  -0.004
 1627.0    0.011  -0.004
 1628.0    0.011  -0.004
 1629.0    0.012  -0.005
 1630.0    0.012  -0.005
 1631.0    0.013  -0.005
 1632.0    0.013  -0.006
 1633.0    0.014  -0.006
 1634.0    0.014  -0.006
 1635.0    0.015  -0.007
 1636.0    0.015  -0.007
 1637.0    0.016  -0.007
 1638.0    0.016  -0.008
 1639.0    0.017  -0.008
 1640.0    0.017  -0.009
 1641.0    0.018  -0.009
 1642.0    0.018  -0.009
 1643.0    0.018  -0.010
 1644.0    0.019  -0.010
 1645.0    0.019  -0.011
 1646.0    0.020  -0.011
 1647.0    0.020  -0.012
 1648.0    0.020  -0.012
 1649.0    0.021  -0.013
 1650.0    0.021  -0.013
 1651.0    0.021  -0.014
 1652.0    0.022  -0.014
 1653.0    0.022  -0.015
 1654.0    0.022  -0.015
 1655.0    0.023  -0.016
 1656.0    0.023  -0.016
 1657.0    0.023  -0.017
 1658.0    0.024  -0.017
 1659.0    0.024  -0.018
 1660.0    0.024  -0.019
 1661.0    0.025  -0.019
 1662.0    0.025  -0.020
 1663.0    0.025  -0.021
 1664.0    0.026  -0.021
 1665.0    0.026  -0.022
 1666.0    0.026  -0.023
 1667.0    0.027  -0.023
 1668.0    0.027  -0.024
 1669.0    0.027  -0.025
 1670.0    0.028  -0.025
 1671.0    0.028  -0.026
 1672.0    0.028  -0.027
 1673.0    0.029  -0.028
 1674.0    0.029  -0.028
 1675.0    0.029  -0.029
 1676.0    0.030  -0.030
 1677.0    0.030  -0.031
 1678.0    0.030  -0.032
 1679.0    0.031  -0.033
 1680.0    0.031  -0.033
 1681.0    0.031  -0.034
 1682.0    0.032  -0.035
 1683.0    0.032  -0.036
 1684.0    0.032  -0.037
 1685.0    0.033  -0.038
 1686.0    0.033  -0.039
 1687.0    0.034  -0.040
 1688.0    0.034  -0.041
 1689.0    0.034  -0.042
 1690.0    0.035  -0.043
 1691.0    0.035  -0.044
 1692.0    0.036  -0.045
 1693.0    0.036  -0.046
 1694.0    0.036  -0.047
 1695.0    0.037  -0.048
 1696.0    0.037  -0.049
 1697.0    0.038  -0.050
 1698.0    0.038  -0.051
 1699.0    0.039  -0.052
 1700.0    0.039  -0.053
 1701.0    0.040  -0.054
 1702.0    0.040  -0.055
 1703.0    0.041  -0.057
 1704.0    0.042  -0.058
 1705.0    0.042  -0.059
 1706.0    0.043  -0.060
 1707.0    0.043  -0.061
 1708.0    0.044  -0.063
 1709.0    0.045  -0.064
 1710.0    0.045  -0.065
 1711.0    0.046  -0.066
 1712.0    0.047  -0.067
 1713.0    0.048  -0.069
 1714.0    0.048  -0.070
 1715.0    0.049  -0.071
 1716.0    0.050  -0.073
 1717.0    0.051  -0.074
 1718.0    0.052  -0.075
 1719.0    0.053  -0.077
 1720.0    0.053  -0.078
 1721.0    0.054  -0.079
 1722.0    0.055  -0.081
 1723.0    0.056  -0.082
 1724.0    0.057  -0.083
 1725.0    0.058  -0.085
 1726.0    0.059  -0.086
 1727.0    0.060  -0.087
 1728.0    0.062  -0.089
 1729.0    0.063  -0.090
 1730.0    0.064  -0.091
 1731.0    0.065  -0.093
 1732.0    0.066  -0.094
 1733.0    0.068  -0.096
 1734.0    0.069  -0.097
 1735.0    0.070  -0.098
 1736.0    0.072  -0.100
 1737.0    0.073  -0.101
 1738.0    0.075  -0.103
 1739.0    0.076  -0.104
 1740.0    0.078  -0.105
 1741.0    0.079  -0.107
 1742.0    0.081  -0.108
 1743.0    0.082  -0.109
 1744.0    0.084  -0.111
 1745.0    0.086  -0.112
 1746.0    0.088  -0.114
 1747.0    0.089  -0.115
 1748.0    0.091  -0.116
 1749.0    0.093  -0.118
 1750.0    0.095  -0.119
 1751.0    0.097  -0.120
 1752.0    0.099  -0.121
 1753.0    0.101  -0.123
 1754.0    0.103  -0.124
 1755.0    0.105  -0.125
 1756.0    0.108  -0.126
 1757.0    0.110  -0.128
 1758.0    0.112  -0.129
 1759.0    0.114  -0.130
 1760.0    0.117  -0.131
 1761.0    0.119  -0.132
 1762.0    0.122  -0.133
 1763.0    0.124  -0.134
 1764.0    0.127  -0.135
 1765.0    0.129  -0.136
 1766.0    0.132  -0.137
 1767.0    0.135  -0.138
 1768.0    0.137  -0.139
 1769.0    0.140  -0.140
 1770.0    0.143  -0.141
 1771.0    0.146  -0.142
 1772.0    0.149  -0.142
 1773.0    0.152  -0.143
 1774.0    0.155  -0.144
 1775.0    0.158  -0.144
 1776.0    0.161  -0.145
 1777.0    0.164  -0.145
 1778.0    0.167  -0.146
 1779.0    0.170  -0.146
 1780.0    0.174  -0.147
 1781.0    0.177  -0.147
 1782.0    0.180  -0.148
 1783.0    0.183  -0.148
 1784.0    0.187  -0.148
 1785.0    0.190  -0.148
 1786.0    0.194  -0.148
 1787.0    0.197  -0.148
 1788.0    0.201  -0.148
 1789.0    0.204  -0.148
 1790.0    0.208  -0.148
 1791.0    0.212  -0.148
 1792.0    0.215  -0.147
 1793.0    0.219  -0.147
 1794.0    0.223  -0.147
 1795.0    0.226  -0.146
 1796.0    0.230  -0.146
 1797.0    0.234  -0.145
 1798.0    0.238  -0.144
 1799.0    0.242  -0.144
 1800.0    0.246  -0.143
 1801.0    0.249  -0.142
 1802.0    0.253  -0.141
 1803.0    0.257  -0.140
 1804.0    0.261  -0.139
 1805.0    0.265  -0.138
 1806.0    0.269  -0.136
 1807.0    0.273  -0.135
 1808.0    0.277  -0.134
 1809.0    0.281  -0.132
 1810.0    0.285  -0.131
 1811.0    0.289  -0.129
 1812.0    0.293  -0.127
 1813.0    0.297  -0.126
 1814.0    0.301  -0.124
 1815.0    0.305  -0.122
 1816.0    0.309  -0.120
 1817.0    0.313  -0.118
 1818.0    0.316  -0.116
 1819.0    0.320  -0.113
 1820.0    0.324  -0.111
 1821.0    0.328  -0.109
 1822.0    0.332  -0.106
 1823.0    0.336  -0.104
 1824.0    0.340  -0.101
 1825.0    0.344  -0.098
 1826.0    0.347  -0.096
 1827.0    0.351  -0.093
 1828.0    0.355  -0.090
 1829.0    0.358  -0.087
 1830.0    0.362  -0.084
 1831.0    0.366  -0.081
 1832.0    0.369  -0.078
 1833.0    0.373  -0.075
 1834.0    0.376  -0.071
 1835.0    0.380  -0.068
 1836.0    0.383  -0.065
 1837.0    0.387  -0.061
 1838.0    0.390  -0.058
 1839.0    0.393  -0.054
 1840.0    0.397  -0.050
 1841.0    0.400  -0.047
 1842.0    0.403  -0.043
 1843.0    0.406  -0.039
 1844.0    0.409  -0.035
 1845.0    0.412  -0.031
 1846.0    0.415  -0.027
 1847.0    0.418  -0.023
 1848.0    0.421  -0.019
 1849.0    0.424  -0.015
 1850.0    0.427  -0.011
 1851.0    0.429  -0.007
 1852.0    0.432  -0.003
 1853.0    0.435   0.002
 1854.0    0.437   0.006
 1855.0    0.440   0.010
 1856.0    0.442   0.014
 1857.0    0.444   0.019
 1858.0    0.447   0.023
 1859.0    0.449   0.028
 1860.0    0.451   0.032
 1861.0    0.453   0.037
 1862.0    0.455   0.041
 1863.0    0.457   0.046
 1864.0    0.459   0.050
 1865.0    0.461   0.055
 1866.0    0.463   0.059
 1867.0    0.465   0.064
 1868.0    0.467   0.068
 1869.0    0.468   0.073
 1870.0    0.470   0.078
 1871.0    0.471   0.082
 1872.0    0.473   0.087
 1873.0    0.474   0.091
 1874.0    0.476   0.096
 1875.0    0.477   0.101
 1876.0    0.478   0.105
 1877.0    0.480   0.110
 1878.0    0.481   0.114
 1879.0    0.482   0.119
 1880.0    0.483   0.124
 1881.0    0.484   0.128
 1882.0    0.485   0.133
 1883.0    0.486   0.137
 1884.0    0.487   0.142
 1885.0    0.487   0.147
 1886.0    0.488   0.151
 1887.0    0.489   0.156
 1888.0    0.489   0.160
 1889.0    0.490   0.165
 1890.0    0.490   0.169
 1891.0    0.491   0.174
 1892.0    0.491   0.178
 1893.0    0.492   0.182
 1894.0    0.492   0.187
 1895.0    0.493   0.191
 1896.0    0.493   0.196
 1897.0    0.493   0.200
 1898.0    0.493   0.204
 1899.0    0.493   0.208
 1900.0    0.493   0.213
 1901.0    0.494   0.217
 1902.0    0.494   0.221
 1903.0    0.494   0.225
 1904.0    0.494   0.229
 1905.0    0.494   0.233
 1906.0    0.493   0.237
 1907.0    0.493   0.241
 1908.0    0.493   0.245
 1909.0    0.493   0.249
 1910.0    0.493   0.253
 1911.0    0.492   0.257
 1912.0    0.492   0.261
 1913.0    0.492   0.265
 1914.0    0.492   0.269
 1915.0    0.491   0.273
 1916.0    0.491   0.276
 1917.0    0.490   0.280
 1918.0    0.490   0.284
 1919.0    0.489   0.287
 1920.0    0.489   0.291
 1921.0    0.488   0.294
 1922.0    0.488   0.298
 1923.0    0.487   0.301
 1924.0    0.487   0.305
 1925.0    0.486   0.308
 1926.0    0.486   0.311
 1927.0    0.485   0.315
 1928.0    0.484   0.318
 1929.0    0.484   0.321
 1930.0    0.483   0.324
 1931.0    0.482   0.327
 1932.0    0.482   0.331
 1933.0    0.481   0.334
 1934.0    0.480   0.337
 1935.0    0.480   0.340
 1936.0    0.479   0.343
 1937.0    0.478   0.345
 1938.0    0.477   0.348
 1939.0    0.477   0.351
 1940.0    0.476   0.354
 1941.0    0.475   0.357
 1942.0    0.474   0.359
 1943.0    0.474   0.362
 1944.0    0.473   0.365
 1945.0    0.472   0.367
 1946.0    0.471   0.370
 1947.0    0.470   0.372
 1948.0    0.470   0.375
 1949.0    0.469   0.377
 1950.0    0.468   0.380
 1951.0    0.467   0.382
 1952.0    0.466   0.384
 1953.0    0.466   0.387
 1954.0    0.465   0.389
 1955.0    0.464   0.391
 1956.0    0.463   0.393
 1957.0    0.462   0.395
 1958.0    0.462   0.397
 1959.0    0.461   0.399
 1960.0    0.460   0.401
 1961.0    0.459   0.403
 1962.0    0.458   0.405
 1963.0    0.458   0.407
 1964.0    0.457   0.409
 1965.0    0.456   0.411
 1966.0    0.455   0.413
 1967.0    0.455   0.414
 1968.0    0.454   0.416
 1969.0    0.453   0.418
 1970.0    0.452   0.419
 1971.0    0.452   0.421
 1972.0    0.451   0.423
 1973.0    0.450   0.424
 1974.0    0.449   0.426
 1975.0    0.449   0.427
 1976.0    0.448   0.428
 1977.0    0.447   0.430
 1978.0    0.447   0.431
 1979.0    0.446   0.433
 1980.0    0.445   0.434
 1981.0    0.445   0.435
 1982.0    0.444   0.436
 1983.0    0.443   0.437
 1984.0    0.443   0.439
 1985.0    0.442   0.440
 1986.0    0.441   0.441
 1987.0    0.441   0.442
 1988.0    0.440   0.443
 1989.0    0.440   0.444
 1990.0    0.439   0.445
 1991.0    0.439   0.446
 1992.0    0.438   0.447
 1993.0    0.438   0.448
 1994.0    0.437   0.449
 1995.0    0.437   0.449
 1996.0    0.436   0.450
 1997.0    0.436   0.451
 1998.0    0.435   0.452
 1999.0    0.435   0.453
 2000.0    0.434   0.453
 2001.0    0.434   0.454
 2002.0    0.433   0.455
 2003.0    0.433   0.455
 2004.0    0.432   0.456
 2005.0    0.432   0.456
 2006.0    0.432   0.457
 2007.0    0.431   0.457
 2008.0    0.431   0.458
 2009.0    0.431   0.458
 2010.0    0.430   0.459
 2011.0    0.430   0.459
 2012.0    0.430   0.459
 2013.0    0.429   0.460
 2014.0    0.429   0.460
 2015.0    0.429   0.460
 2016.0    0.429   0.461
 2017.0    0.428   0.461
 2018.0    0.428   0.461
 2019.0    0.428   0.462
 2020.0    0.428   0.462
 2021.0    0.428   0.462
 2022.0    0.427   0.462
 2023.0    0.427   0.462
 2024.0    0.427   0.462
 2025.0    0.427   0.462
 2026.0    0.427   0.463
 2027.0    0.427   0.463
 2028.0    0.427   0.463
 2029.0    0.427   0.463
 2030.0    0.427   0.463
 2031.0    0.427   0.463
 2032.0    0.427   0.463
 2033.0    0.426   0.463
 2034.0    0.426   0.462
 2035.0    0.426   0.462
 2036.0    0.426   0.462
 2037.0    0.426   0.462
 2038.0    0.427   0.462
 2039.0    0.427   0.462
 2040.0    0.427   0.462
 2041.0    0.427   0.461
 2042.0    0.427   0.461
 2043.0    0.427   0.461
 2044.0    0.427   0.461
 2045.0    0.427   0.460
 2046.0    0.427   0.460
 2047.0    0.427   0.460
 2048.0    0.428   0.460
 2049.0    0.428   0.459
 2050.0    0.428   0.459
 2051.0    0.428   0.459
 2052.0    0.428   0.458
 2053.0    0.428   0.458
 2054.0    0.429   0.457
 2055.0    0.429   0.457
 2056.0    0.429   0.457
 2057.0    0.429   0.456
 2058.0    0.430   0.456
 2059.0    0.430   0.455
 2060.0    0.430   0.455
 2061.0    0.431   0.454
 2062.0    0.431   0.454
 2063.0    0.431   0.453
 2064.0    0.432   0.453
 2065.0    0.432   0.452
 2066.0    0.432   0.452
 2067.0    0.433   0.451
 2068.0    0.433   0.451
 2069.0    0.433   0.450
 2070.0    0.434   0.450
 2071.0    0.434   0.449
 2072.0    0.435   0.448
 2073.0    0.435   0.448
 2074.0    0.435   0.447
 2075.0    0.436   0.447
 2076.0    0.436   0.446
 2077.0    0.437   0.445
 2078.0    0.437   0.445
 2079.0    0.438   0.444
 2080.0    0.438   0.443
 2081.0    0.439   0.443
 2082.0    0.439   0.442
 2083.0    0.440   0.441
 2084.0    0.440   0.441
 2085.0    0.441   0.440
 2086.0    0.441   0.439
 2087.0    0.442   0.438
 2088.0    0.442   0.438
 2089.0    0.443   0.437
 2090.0    0.444   0.436
 2091.0    0.444   0.435
 2092.0    0.445   0.435
 2093.0    0.445   0.434
 2094.0    0.446   0.433
 2095.0    0.447   0.432
 2096.0    0.447   0.432
 2097.0    0.448   0.431
 2098.0    0.448   0.430
 2099.0    0.449   0.429
 2100.0    0.450   0.428
 2101.0    0.450   0.428
 2102.0    0.451   0.427
 2103.0    0.452   0.426
 2104.0    0.452   0.425
 2105.0    0.453   0.424
 2106.0    0.454   0.423
 2107.0    0.454   0.423
 2108.0    0.455   0.422
 2109.0    0.456   0.421
 2110.0    0.456   0.420
 2111.0    0.457   0.419
 2112.0    0.458   0.418
 2113.0    0.459   0.417
 2114.0    0.459   0.417
 2115.0    0.460   0.416
 2116.0    0.461   0.415
 2117.0    0.462   0.414
 2118.0    0.462   0.413
 2119.0    0.463   0.412
 2120.0    0.464   0.411
 2121.0    0.465   0.410
 2122.0    0.465   0.410
 2123.0    0.466   0.409
 2124.0    0.467   0.408
 2125.0    0.468   0.407
 2126.0    0.469   0.406
 2127.0    0.469   0.405
 2128.0    0.470   0.404
 2129.0    0.471   0.403
 2130.0    0.472   0.402
 2131.0    0.473   0.401
 2132.0    0.473   0.401
 2133.0    0.474   0.400
 2134.0    0.475   0.399
 2135.0    0.476   0.398
 2136.0    0.477   0.397
 2137.0    0.478   0.396
 2138.0    0.478   0.395
 2139.0    0.479   0.394
 2140.0    0.480   0.393
 2141.0    0.481   0.392
 2142.0    0.482   0.391
 2143.0    0.483   0.390
 2144.0    0.484   0.389
 2145.0    0.485   0.388
 2146.0    0.485   0.388
 2147.0    0.486   0.387
 2148.0    0.487   0.386
 2149.0    0.488   0.385
 2150.0    0.489   0.384
 2151.0    0.490   0.383
 2152.0    0.491   0.382
 2153.0    0.492   0.381
 2154.0    0.493   0.380
 2155.0    0.493   0.379
 2156.0    0.494   0.378
 2157.0    0.495   0.377
 2158.0    0.496   0.376
 2159.0    0.497   0.375
 2160.0    0.498   0.374
 2161.0    0.499   0.373
 2162.0    0.500   0.373
 2163.0    0.501   0.372
 2164.0    0.502   0.371
 2165.0    0.503   0.370
 2166.0    0.503   0.369
 2167.0    0.504   0.368
 2168.0    0.505   0.367
 2169.0    0.506   0.366
 2170.0    0.507   0.365
 2171.0    0.508   0.364
 2172.0    0.509   0.363
 2173.0    0.510   0.362
 2174.0    0.511   0.361
 2175.0    0.512   0.360
 2176.0    0.513   0.359
 2177.0    0.514   0.358
 2178.0    0.515   0.358
 2179.0    0.516   0.357
 2180.0    0.517   0.356
 2181.0    0.518   0.355
 2182.0    0.519   0.354
 2183.0    0.519   0.353
 2184.0    0.520   0.352
 2185.0    0.521   0.351
 2186.0    0.522   0.350
 2187.0    0.523   0.349
 2188.0    0.524   0.348
 2189.0    0.525   0.347
 2190.0    0.526   0.346
 2191.0    0.527   0.346
 2192.0    0.528   0.345
 2193.0    0.529   0.344
 2194.0    0.530   0.343
 2195.0    0.531   0.342
 2196.0    0.532   0.341
 2197.0    0.533   0.340
 2198.0    0.534   0.339
 2199.0    0.535   0.338
 2200.0    0.536   0.337
 2201.0    0.537   0.336
 2202.0    0.538   0.336
 2203.0    0.539   0.335
 2204.0    0.540   0.334
 2205.0    0.541   0.333
 2206.0    0.542   0.332
 2207.0    0.542   0.331
 2208.0    0.543   0.330
 2209.0    0.544   0.329
 2210.0    0.545   0.328
 2211.0    0.546   0.328
 2212.0    0.547   0.327
 2213.0    0.548   0.326
 2214.0    0.549   0.325
 2215.0    0.550   0.324
 2216.0    0.551   0.323
 2217.0    0.552   0.322
 2218.0    0.553   0.321
 2219.0    0.554   0.321
 2220.0    0.555   0.320
 2221.0    0.556   0.319
 2222.0    0.557   0.318
 2223.0    0.558   0.317
 2224.0    0.559   0.316
 2225.0    0.560   0.315
 2226.0    0.561   0.315
 2227.0    0.562   0.314
 2228.0    0.563   0.313
 2229.0    0.564   0.312
 2230.0    0.565   0.311
 2231.0    0.566   0.310
 2232.0    0.567   0.309
 2233.0    0.567   0.309
 2234.0    0.568   0.308
 2235.0    0.569   0.307
 2236.0    0.570   0.306
 2237.0    0.571   0.305
 2238.0    0.572   0.304
 2239.0    0.573   0.304
 2240.0    0.574   0.303
 2241.0    0.575   0.302
 2242.0    0.576   0.301
 2243.0    0.577   0.300
 2244.0    0.578   0.299
 2245.0    0.579   0.299
 2246.0    0.580   0.298
 2247.0    0.581   0.297
 2248.0    0.582   0.296
 2249.0    0.583   0.295
 2250.0    0.584   0.295
 2251.0    0.585   0.294
 2252.0    0.585   0.293
 2253.0    0.586   0.292
 2254.0    0.587   0.291
 2255.0    0.588   0.291
 2256.0    0.589   0.290
 2257.0    0.590   0.289
 2258.0    0.591   0.288
 2259.0    0.592   0.288
 2260.0    0.593   0.287
 2261.0    0.594   0.286
 2262.0    0.595   0.285
 2263.0    0.596   0.284
 2264.0    0.597   0.284
 2265.0    0.598   0.283
 2266.0    0.598   0.282
 2267.0    0.599   0.281
 2268.0    0.600   0.281
 2269.0    0.601   0.280
 2270.0    0.602   0.279
 2271.0    0.603   0.278
 2272.0    0.604   0.278
 2273.0    0.605   0.277
 2274.0    0.606   0.276
 2275.0    0.607   0.275
 2276.0    0.608   0.275
 2277.0    0.609   0.274
 2278.0    0.609   0.273
 2279.0    0.610   0.272
 2280.0    0.611   0.272
 2281.0    0.612   0.271
 2282.0    0.613   0.270
 2283.0    0.614   0.269
 2284.0    0.615   0.269
 2285.0    0.616   0.268
 2286.0    0.617   0.267
 2287.0    0.618   0.267
 2288.0    0.618   0.266
 2289.0    0.619   0.265
 2290.0    0.620   0.264
 2291.0    0.621   0.264
 2292.0    0.622   0.263
 2293.0    0.623   0.262
 2294.0    0.624   0.262
 2295.0    0.625   0.261
 2296.0    0.625   0.260
 2297.0    0.626   0.260
 2298.0    0.627   0.259
 2299.0    0.628   0.258
