   W         E0+(eta_p)
 (MeV)      Re      Im
 1486.0   11.732  10.816
 1487.0   10.932  11.100
 1488.0   10.397  11.313
 1489.0    9.962  11.495
 1490.0    9.582  11.657
 1491.0    9.237  11.805
 1492.0    8.916  11.941
 1493.0    8.613  12.068
 1494.0    8.325  12.186
 1495.0    8.047  12.296
 1496.0    7.778  12.399
 1497.0    7.517  12.495
 1498.0    7.262  12.585
 1499.0    7.012  12.669
 1500.0    6.767  12.747
 1501.0    6.527  12.819
 1502.0    6.289  12.886
 1503.0    6.056  12.948
 1504.0    5.825  13.005
 1505.0    5.597  13.056
 1506.0    5.371  13.103
 1507.0    5.148  13.145
 1508.0    4.928  13.182
 1509.0    4.710  13.215
 1510.0    4.494  13.243
 1511.0    4.280  13.266
 1512.0    4.068  13.286
 1513.0    3.858  13.301
 1514.0    3.651  13.311
 1515.0    3.446  13.318
 1516.0    3.242  13.320
 1517.0    3.041  13.319
 1518.0    2.842  13.313
 1519.0    2.645  13.304
 1520.0    2.451  13.291
 1521.0    2.258  13.275
 1522.0    2.068  13.255
 1523.0    1.880  13.231
 1524.0    1.695  13.204
 1525.0    1.511  13.173
 1526.0    1.330  13.140
 1527.0    1.152  13.103
 1528.0    0.976  13.063
 1529.0    0.802  13.020
 1530.0    0.630  12.974
 1531.0    0.461  12.925
 1532.0    0.295  12.874
 1533.0    0.131  12.819
 1534.0   -0.030  12.763
 1535.0   -0.189  12.703
 1536.0   -0.346  12.642
 1537.0   -0.500  12.578
 1538.0   -0.651  12.511
 1539.0   -0.800  12.443
 1540.0   -0.946  12.372
 1541.0   -1.090  12.300
 1542.0   -1.231  12.225
 1543.0   -1.369  12.149
 1544.0   -1.505  12.070
 1545.0   -1.638  11.990
 1546.0   -1.769  11.909
 1547.0   -1.897  11.825
 1548.0   -2.023  11.740
 1549.0   -2.146  11.654
 1550.0   -2.267  11.566
 1551.0   -2.385  11.477
 1552.0   -2.501  11.387
 1553.0   -2.614  11.295
 1554.0   -2.724  11.203
 1555.0   -2.832  11.109
 1556.0   -2.938  11.014
 1557.0   -3.041  10.918
 1558.0   -3.142  10.821
 1559.0   -3.241  10.723
 1560.0   -3.337  10.625
 1561.0   -3.431  10.525
 1562.0   -3.522  10.425
 1563.0   -3.611  10.324
 1564.0   -3.698  10.222
 1565.0   -3.782  10.120
 1566.0   -3.864  10.017
 1567.0   -3.944   9.913
 1568.0   -4.022   9.809
 1569.0   -4.097   9.704
 1570.0   -4.171   9.599
 1571.0   -4.242   9.493
 1572.0   -4.310   9.387
 1573.0   -4.377   9.280
 1574.0   -4.442   9.174
 1575.0   -4.504   9.066
 1576.0   -4.564   8.959
 1577.0   -4.622   8.851
 1578.0   -4.678   8.743
 1579.0   -4.732   8.634
 1580.0   -4.784   8.526
 1581.0   -4.833   8.417
 1582.0   -4.881   8.308
 1583.0   -4.926   8.198
 1584.0   -4.970   8.089
 1585.0   -5.011   7.980
 1586.0   -5.050   7.870
 1587.0   -5.087   7.760
 1588.0   -5.122   7.651
 1589.0   -5.155   7.541
 1590.0   -5.186   7.431
 1591.0   -5.214   7.322
 1592.0   -5.241   7.212
 1593.0   -5.265   7.102
 1594.0   -5.288   6.993
 1595.0   -5.308   6.884
 1596.0   -5.326   6.775
 1597.0   -5.342   6.666
 1598.0   -5.355   6.557
 1599.0   -5.367   6.449
 1600.0   -5.376   6.341
 1601.0   -5.383   6.234
 1602.0   -5.388   6.127
 1603.0   -5.391   6.020
 1604.0   -5.391   5.914
 1605.0   -5.390   5.809
 1606.0   -5.386   5.704
 1607.0   -5.379   5.600
 1608.0   -5.371   5.497
 1609.0   -5.360   5.395
 1610.0   -5.347   5.293
 1611.0   -5.332   5.193
 1612.0   -5.315   5.094
 1613.0   -5.296   4.996
 1614.0   -5.274   4.899
 1615.0   -5.251   4.803
 1616.0   -5.225   4.709
 1617.0   -5.197   4.616
 1618.0   -5.167   4.525
 1619.0   -5.135   4.435
 1620.0   -5.102   4.347
 1621.0   -5.066   4.261
 1622.0   -5.029   4.177
 1623.0   -4.990   4.094
 1624.0   -4.949   4.014
 1625.0   -4.907   3.935
 1626.0   -4.863   3.859
 1627.0   -4.818   3.785
 1628.0   -4.771   3.713
 1629.0   -4.724   3.643
 1630.0   -4.675   3.576
 1631.0   -4.625   3.511
 1632.0   -4.574   3.448
 1633.0   -4.523   3.388
 1634.0   -4.471   3.330
 1635.0   -4.418   3.275
 1636.0   -4.365   3.222
 1637.0   -4.311   3.172
 1638.0   -4.258   3.123
 1639.0   -4.204   3.078
 1640.0   -4.150   3.034
 1641.0   -4.096   2.993
 1642.0   -4.042   2.954
 1643.0   -3.989   2.918
 1644.0   -3.936   2.884
 1645.0   -3.883   2.851
 1646.0   -3.831   2.821
 1647.0   -3.780   2.793
 1648.0   -3.729   2.767
 1649.0   -3.680   2.743
 1650.0   -3.631   2.721
 1651.0   -3.582   2.700
 1652.0   -3.535   2.681
 1653.0   -3.489   2.663
 1654.0   -3.444   2.647
 1655.0   -3.400   2.633
 1656.0   -3.357   2.619
 1657.0   -3.315   2.607
 1658.0   -3.275   2.596
 1659.0   -3.235   2.587
 1660.0   -3.197   2.578
 1661.0   -3.160   2.570
 1662.0   -3.124   2.563
 1663.0   -3.089   2.557
 1664.0   -3.056   2.551
 1665.0   -3.023   2.546
 1666.0   -2.992   2.542
 1667.0   -2.962   2.538
 1668.0   -2.932   2.535
 1669.0   -2.904   2.532
 1670.0   -2.878   2.530
 1671.0   -2.852   2.528
 1672.0   -2.827   2.526
 1673.0   -2.803   2.524
 1674.0   -2.780   2.523
 1675.0   -2.758   2.522
 1676.0   -2.737   2.520
 1677.0   -2.716   2.519
 1678.0   -2.697   2.518
 1679.0   -2.678   2.517
 1680.0   -2.661   2.516
 1681.0   -2.644   2.515
 1682.0   -2.627   2.514
 1683.0   -2.612   2.513
 1684.0   -2.597   2.512
 1685.0   -2.582   2.510
 1686.0   -2.569   2.509
 1687.0   -2.556   2.507
 1688.0   -2.543   2.506
 1689.0   -2.531   2.504
 1690.0   -2.519   2.502
 1691.0   -2.508   2.500
 1692.0   -2.498   2.498
 1693.0   -2.488   2.495
 1694.0   -2.478   2.492
 1695.0   -2.468   2.490
 1696.0   -2.459   2.487
 1697.0   -2.451   2.484
 1698.0   -2.443   2.480
 1699.0   -2.435   2.477
 1700.0   -2.427   2.473
 1701.0   -2.420   2.469
 1702.0   -2.412   2.465
 1703.0   -2.406   2.461
 1704.0   -2.399   2.457
 1705.0   -2.393   2.452
 1706.0   -2.386   2.448
 1707.0   -2.380   2.443
 1708.0   -2.375   2.438
 1709.0   -2.369   2.433
 1710.0   -2.363   2.427
 1711.0   -2.358   2.422
 1712.0   -2.353   2.416
 1713.0   -2.348   2.410
 1714.0   -2.343   2.405
 1715.0   -2.338   2.399
 1716.0   -2.333   2.392
 1717.0   -2.329   2.386
 1718.0   -2.324   2.380
 1719.0   -2.320   2.373
 1720.0   -2.316   2.367
 1721.0   -2.311   2.360
 1722.0   -2.307   2.353
 1723.0   -2.303   2.346
 1724.0   -2.299   2.339
 1725.0   -2.295   2.332
 1726.0   -2.291   2.325
 1727.0   -2.287   2.318
 1728.0   -2.283   2.310
 1729.0   -2.279   2.303
 1730.0   -2.276   2.295
 1731.0   -2.272   2.288
 1732.0   -2.268   2.280
 1733.0   -2.264   2.272
 1734.0   -2.261   2.264
 1735.0   -2.257   2.257
 1736.0   -2.253   2.249
 1737.0   -2.250   2.241
 1738.0   -2.246   2.233
 1739.0   -2.242   2.225
 1740.0   -2.239   2.217
 1741.0   -2.235   2.209
 1742.0   -2.231   2.200
 1743.0   -2.228   2.192
 1744.0   -2.224   2.184
 1745.0   -2.221   2.176
 1746.0   -2.217   2.168
 1747.0   -2.213   2.159
 1748.0   -2.210   2.151
 1749.0   -2.206   2.143
 1750.0   -2.202   2.134
 1751.0   -2.199   2.126
 1752.0   -2.195   2.118
 1753.0   -2.191   2.109
 1754.0   -2.188   2.101
 1755.0   -2.184   2.092
 1756.0   -2.180   2.084
 1757.0   -2.177   2.076
 1758.0   -2.173   2.067
 1759.0   -2.169   2.059
 1760.0   -2.166   2.050
 1761.0   -2.162   2.042
 1762.0   -2.158   2.033
 1763.0   -2.154   2.025
 1764.0   -2.151   2.017
 1765.0   -2.147   2.008
 1766.0   -2.143   2.000
 1767.0   -2.139   1.991
 1768.0   -2.135   1.983
 1769.0   -2.132   1.975
 1770.0   -2.128   1.966
 1771.0   -2.124   1.958
 1772.0   -2.120   1.950
 1773.0   -2.116   1.942
 1774.0   -2.112   1.933
 1775.0   -2.109   1.925
 1776.0   -2.105   1.917
 1777.0   -2.101   1.909
 1778.0   -2.097   1.900
 1779.0   -2.093   1.892
 1780.0   -2.089   1.884
 1781.0   -2.085   1.876
 1782.0   -2.081   1.868
 1783.0   -2.077   1.860
 1784.0   -2.073   1.852
 1785.0   -2.069   1.844
 1786.0   -2.065   1.836
 1787.0   -2.061   1.828
 1788.0   -2.057   1.820
 1789.0   -2.053   1.812
 1790.0   -2.049   1.804
 1791.0   -2.045   1.796
 1792.0   -2.041   1.788
 1793.0   -2.037   1.780
 1794.0   -2.033   1.773
 1795.0   -2.029   1.765
 1796.0   -2.025   1.757
 1797.0   -2.021   1.749
 1798.0   -2.017   1.742
 1799.0   -2.013   1.734
 1800.0   -2.009   1.727
 1801.0   -2.004   1.719
 1802.0   -2.000   1.711
 1803.0   -1.996   1.704
 1804.0   -1.992   1.696
 1805.0   -1.988   1.689
 1806.0   -1.984   1.682
 1807.0   -1.980   1.674
 1808.0   -1.976   1.667
 1809.0   -1.972   1.660
 1810.0   -1.967   1.652
 1811.0   -1.963   1.645
 1812.0   -1.959   1.638
 1813.0   -1.955   1.631
 1814.0   -1.951   1.623
 1815.0   -1.947   1.616
 1816.0   -1.943   1.609
 1817.0   -1.939   1.602
 1818.0   -1.934   1.595
 1819.0   -1.930   1.588
 1820.0   -1.926   1.581
 1821.0   -1.922   1.574
 1822.0   -1.918   1.567
 1823.0   -1.914   1.561
 1824.0   -1.910   1.554
 1825.0   -1.905   1.547
 1826.0   -1.901   1.540
 1827.0   -1.897   1.533
 1828.0   -1.893   1.527
 1829.0   -1.889   1.520
 1830.0   -1.885   1.514
 1831.0   -1.881   1.507
 1832.0   -1.876   1.500
 1833.0   -1.872   1.494
 1834.0   -1.868   1.487
 1835.0   -1.864   1.481
 1836.0   -1.860   1.474
 1837.0   -1.856   1.468
 1838.0   -1.852   1.462
 1839.0   -1.848   1.455
 1840.0   -1.844   1.449
 1841.0   -1.839   1.443
 1842.0   -1.835   1.437
 1843.0   -1.831   1.430
 1844.0   -1.827   1.424
 1845.0   -1.823   1.418
 1846.0   -1.819   1.412
 1847.0   -1.815   1.406
 1848.0   -1.811   1.400
 1849.0   -1.807   1.394
 1850.0   -1.803   1.388
 1851.0   -1.799   1.382
 1852.0   -1.795   1.376
 1853.0   -1.791   1.370
 1854.0   -1.786   1.364
 1855.0   -1.782   1.358
 1856.0   -1.778   1.353
 1857.0   -1.774   1.347
 1858.0   -1.770   1.341
 1859.0   -1.766   1.336
 1860.0   -1.762   1.330
 1861.0   -1.758   1.324
 1862.0   -1.754   1.319
 1863.0   -1.750   1.313
 1864.0   -1.746   1.307
 1865.0   -1.742   1.302
 1866.0   -1.738   1.296
 1867.0   -1.734   1.291
 1868.0   -1.730   1.286
 1869.0   -1.726   1.280
 1870.0   -1.723   1.275
 1871.0   -1.719   1.269
 1872.0   -1.715   1.264
 1873.0   -1.711   1.259
 1874.0   -1.707   1.254
 1875.0   -1.703   1.248
 1876.0   -1.699   1.243
 1877.0   -1.695   1.238
 1878.0   -1.691   1.233
 1879.0   -1.687   1.228
 1880.0   -1.683   1.223
 1881.0   -1.680   1.217
 1882.0   -1.676   1.212
 1883.0   -1.672   1.207
 1884.0   -1.668   1.202
 1885.0   -1.664   1.197
 1886.0   -1.660   1.193
 1887.0   -1.657   1.188
 1888.0   -1.653   1.183
 1889.0   -1.649   1.178
 1890.0   -1.645   1.173
 1891.0   -1.641   1.168
 1892.0   -1.638   1.163
 1893.0   -1.634   1.159
 1894.0   -1.630   1.154
 1895.0   -1.626   1.149
 1896.0   -1.623   1.145
 1897.0   -1.619   1.140
 1898.0   -1.615   1.135
 1899.0   -1.611   1.131
 1900.0   -1.608   1.126
 1901.0   -1.604   1.122
 1902.0   -1.600   1.117
 1903.0   -1.597   1.113
 1904.0   -1.593   1.108
 1905.0   -1.589   1.104
 1906.0   -1.586   1.099
 1907.0   -1.582   1.095
 1908.0   -1.578   1.090
 1909.0   -1.575   1.086
 1910.0   -1.571   1.082
 1911.0   -1.568   1.077
 1912.0   -1.564   1.073
 1913.0   -1.560   1.069
 1914.0   -1.557   1.064
 1915.0   -1.553   1.060
 1916.0   -1.550   1.056
 1917.0   -1.546   1.052
 1918.0   -1.543   1.048
 1919.0   -1.539   1.044
 1920.0   -1.535   1.039
 1921.0   -1.532   1.035
 1922.0   -1.528   1.031
 1923.0   -1.525   1.027
 1924.0   -1.521   1.023
 1925.0   -1.518   1.019
 1926.0   -1.514   1.015
 1927.0   -1.511   1.011
 1928.0   -1.508   1.007
 1929.0   -1.504   1.003
 1930.0   -1.501   0.999
 1931.0   -1.497   0.996
 1932.0   -1.494   0.992
 1933.0   -1.490   0.988
 1934.0   -1.487   0.984
 1935.0   -1.484   0.980
 1936.0   -1.480   0.976
 1937.0   -1.477   0.973
 1938.0   -1.474   0.969
 1939.0   -1.470   0.965
 1940.0   -1.467   0.961
 1941.0   -1.464   0.958
 1942.0   -1.460   0.954
 1943.0   -1.457   0.950
 1944.0   -1.454   0.947
 1945.0   -1.450   0.943
 1946.0   -1.447   0.940
 1947.0   -1.444   0.936
 1948.0   -1.440   0.932
 1949.0   -1.437   0.929
 1950.0   -1.434   0.925
 1951.0   -1.431   0.922
 1952.0   -1.427   0.918
 1953.0   -1.424   0.915
 1954.0   -1.421   0.911
 1955.0   -1.418   0.908
 1956.0   -1.415   0.905
 1957.0   -1.411   0.901
 1958.0   -1.408   0.898
 1959.0   -1.405   0.894
 1960.0   -1.402   0.891
 1961.0   -1.399   0.888
 1962.0   -1.396   0.884
 1963.0   -1.393   0.881
 1964.0   -1.389   0.878
 1965.0   -1.386   0.875
 1966.0   -1.383   0.871
 1967.0   -1.380   0.868
 1968.0   -1.377   0.865
 1969.0   -1.374   0.862
 1970.0   -1.371   0.858
 1971.0   -1.368   0.855
