   W          E2-(pi0_p)
 (MeV)       Re        Im
 1073.30   -0.00081   0.00000
 1073.40   -0.00208   0.00000
 1073.50   -0.00336   0.00000
 1073.60   -0.00463   0.00000
 1073.70   -0.00590   0.00000
 1073.80   -0.00716   0.00000
 1073.90   -0.00843   0.00000
 1074.00   -0.00970   0.00000
 1074.10   -0.01096   0.00000
 1074.20   -0.01222   0.00000
 1074.30   -0.01348   0.00000
 1074.40   -0.01474   0.00000
 1074.50   -0.01600   0.00000
 1074.60   -0.01725   0.00000
 1074.70   -0.01851   0.00000
 1074.80   -0.01976   0.00000
 1074.90   -0.02101   0.00000
 1075.00   -0.02226   0.00000
 1075.10   -0.02351   0.00000
 1075.20   -0.02475   0.00000
 1075.30   -0.02600   0.00000
 1075.40   -0.02724   0.00000
 1075.50   -0.02848   0.00000
 1075.60   -0.02972   0.00000
 1075.70   -0.03096   0.00000
 1075.80   -0.03220   0.00000
 1075.90   -0.03344   0.00000
 1076.00   -0.03467   0.00000
 1076.10   -0.03590   0.00000
 1076.20   -0.03713   0.00000
 1076.30   -0.03836   0.00000
 1076.40   -0.03959   0.00000
 1076.50   -0.04082   0.00000
 1076.60   -0.04204   0.00000
 1076.70   -0.04327   0.00000
 1076.80   -0.04449   0.00000
 1076.90   -0.04571   0.00000
 1077.00   -0.04693   0.00000
 1077.10   -0.04815   0.00000
 1077.20   -0.04937   0.00000
 1077.30   -0.05058   0.00000
 1077.40   -0.05179   0.00000
 1077.50   -0.05301   0.00000
 1077.60   -0.05422   0.00000
 1077.70   -0.05543   0.00000
 1077.80   -0.05663   0.00000
 1077.90   -0.05784   0.00000
 1078.00   -0.05905   0.00000
 1078.10   -0.06025   0.00000
 1078.20   -0.06145   0.00000
 1078.30   -0.06265   0.00000
 1078.40   -0.06385   0.00000
 1078.50   -0.06505   0.00000
 1078.60   -0.06625   0.00000
 1078.70   -0.06744   0.00000
 1078.80   -0.06863   0.00000
 1078.90   -0.06983   0.00000
 1079.00   -0.07102   0.00000
 1079.10   -0.07221   0.00000
 1079.20   -0.07339   0.00000
 1079.30   -0.07458   0.00000
 1079.40   -0.07577   0.00000
 1079.50   -0.07695   0.00000
 1079.60   -0.07813   0.00000
 1079.70   -0.07931   0.00000
 1079.80   -0.08049   0.00000
 1079.90   -0.08167   0.00000
 1080.00   -0.08285   0.00000
 1080.10   -0.08402   0.00000
 1080.20   -0.08520   0.00000
 1080.30   -0.08637   0.00000
 1080.40   -0.08754   0.00000
 1080.50   -0.08871   0.00000
 1080.60   -0.08988   0.00000
 1080.70   -0.09104   0.00000
 1080.80   -0.09221   0.00000
 1080.90   -0.09337   0.00000
 1081.00   -0.09454   0.00000
 1081.10   -0.09570   0.00000
 1081.20   -0.09686   0.00000
 1081.30   -0.09802   0.00000
 1081.40   -0.09917   0.00000
 1081.50   -0.10033   0.00000
 1081.60   -0.10149   0.00000
 1081.70   -0.10264   0.00000
 1081.80   -0.10379   0.00000
 1081.90   -0.10494   0.00000
 1082.00   -0.10609   0.00000
 1082.10   -0.10724   0.00000
 1082.20   -0.10839   0.00000
 1082.30   -0.10953   0.00000
 1082.40   -0.11067   0.00000
 1082.50   -0.11182   0.00000
 1082.60   -0.11296   0.00000
 1082.70   -0.11410   0.00000
 1082.80   -0.11524   0.00000
 1082.90   -0.11637   0.00000
 1083.00   -0.11751   0.00000
 1083.10   -0.11864   0.00000
 1083.20   -0.11978   0.00000
 1083.30   -0.12091   0.00000
 1083.40   -0.12204   0.00000
 1083.50   -0.12317   0.00000
 1083.60   -0.12430   0.00000
 1083.70   -0.12542   0.00000
 1083.80   -0.12655   0.00000
 1083.90   -0.12767   0.00000
 1084.00   -0.12880   0.00000
 1084.10   -0.12992   0.00000
 1084.20   -0.13104   0.00000
 1084.30   -0.13216   0.00000
 1084.40   -0.13328   0.00000
 1084.50   -0.13439   0.00000
 1084.60   -0.13551   0.00000
 1084.70   -0.13662   0.00000
 1084.80   -0.13773   0.00000
 1084.90   -0.13884   0.00000
 1085.00   -0.13995   0.00000
 1085.10   -0.14106   0.00000
 1085.20   -0.14217   0.00000
 1085.30   -0.14328   0.00000
 1085.40   -0.14438   0.00000
 1085.50   -0.14549   0.00000
 1085.60   -0.14659   0.00000
 1085.70   -0.14769   0.00000
 1085.80   -0.14879   0.00000
 1085.90   -0.14989   0.00000
 1086.00   -0.15098   0.00000
 1086.10   -0.15208   0.00000
 1086.20   -0.15318   0.00000
 1086.30   -0.15427   0.00000
 1086.40   -0.15536   0.00000
 1086.50   -0.15645   0.00000
 1086.60   -0.15754   0.00000
 1086.70   -0.15863   0.00000
 1086.80   -0.15972   0.00000
 1086.90   -0.16080   0.00000
 1087.00   -0.16189   0.00000
 1087.10   -0.16297   0.00000
 1087.20   -0.16406   0.00000
 1087.30   -0.16514   0.00000
 1087.40   -0.16622   0.00000
 1087.50   -0.16729   0.00000
 1087.60   -0.16837   0.00000
 1087.70   -0.16945   0.00000
 1087.80   -0.17052   0.00000
 1087.90   -0.17160   0.00000
 1088.00   -0.17267   0.00000
 1088.10   -0.17374   0.00000
 1088.20   -0.17481   0.00000
 1088.30   -0.17588   0.00000
 1088.40   -0.17695   0.00000
 1088.50   -0.17801   0.00000
 1088.60   -0.17908   0.00000
 1088.70   -0.18014   0.00000
 1088.80   -0.18121   0.00000
 1088.90   -0.18227   0.00000
 1089.00   -0.18333   0.00000
 1089.10   -0.18439   0.00000
 1089.20   -0.18545   0.00000
 1089.30   -0.18650   0.00000
 1089.40   -0.18756   0.00000
 1089.50   -0.18861   0.00000
 1089.60   -0.18967   0.00000
 1089.70   -0.19072   0.00000
 1089.80   -0.19177   0.00000
 1089.90   -0.19282   0.00000
 1090.00   -0.19387   0.00000
 1090.10   -0.19492   0.00000
 1090.20   -0.19596   0.00000
 1090.30   -0.19701   0.00000
 1090.40   -0.19805   0.00000
 1090.50   -0.19909   0.00000
 1090.60   -0.20014   0.00000
 1090.70   -0.20118   0.00000
 1090.80   -0.20222   0.00000
 1090.90   -0.20325   0.00000
 1091.00   -0.20429   0.00000
 1091.10   -0.20533   0.00000
 1091.20   -0.20636   0.00000
 1091.30   -0.20740   0.00000
 1091.40   -0.20843   0.00000
 1091.50   -0.20946   0.00000
 1091.60   -0.21049   0.00000
 1091.70   -0.21152   0.00000
 1091.80   -0.21255   0.00000
 1091.90   -0.21357   0.00000
 1092.00   -0.21460   0.00000
 1092.10   -0.21562   0.00000
 1092.20   -0.21665   0.00000
 1092.30   -0.21767   0.00000
 1092.40   -0.21869   0.00000
 1092.50   -0.21971   0.00000
 1092.60   -0.22073   0.00000
 1092.70   -0.22174   0.00000
 1092.80   -0.22276   0.00000
 1092.90   -0.22378   0.00000
 1093.00   -0.22479   0.00000
 1093.10   -0.22580   0.00000
 1093.20   -0.22682   0.00000
 1093.30   -0.22783   0.00000
 1093.40   -0.22884   0.00000
 1093.50   -0.22984   0.00000
 1093.60   -0.23085   0.00000
 1093.70   -0.23186   0.00000
 1093.80   -0.23286   0.00000
 1093.90   -0.23387   0.00000
 1094.00   -0.23487   0.00000
 1094.10   -0.23587   0.00000
 1094.20   -0.23687   0.00000
 1094.30   -0.23787   0.00000
 1094.40   -0.23887   0.00000
 1094.50   -0.23987   0.00000
 1094.60   -0.24087   0.00000
 1094.70   -0.24186   0.00000
 1094.80   -0.24286   0.00000
 1094.90   -0.24385   0.00000
 1095.00   -0.24484   0.00000
 1095.10   -0.24583   0.00000
 1095.20   -0.24682   0.00000
 1095.30   -0.24781   0.00000
 1095.40   -0.24880   0.00000
 1095.50   -0.24978   0.00000
 1095.60   -0.25077   0.00000
 1095.70   -0.25175   0.00000
 1095.80   -0.25274   0.00000
 1095.90   -0.25372   0.00000
 1096.00   -0.25470   0.00000
 1096.10   -0.25568   0.00000
 1096.20   -0.25666   0.00000
 1096.30   -0.25764   0.00000
 1096.40   -0.25862   0.00000
 1096.50   -0.25959   0.00000
 1096.60   -0.26057   0.00000
 1096.70   -0.26154   0.00000
 1096.80   -0.26251   0.00000
 1096.90   -0.26349   0.00000
 1097.00   -0.26446   0.00000
 1097.10   -0.26543   0.00000
 1097.20   -0.26639   0.00000
 1097.30   -0.26736   0.00000
 1097.40   -0.26833   0.00000
 1097.50   -0.26929   0.00000
 1097.60   -0.27026   0.00000
 1097.70   -0.27122   0.00000
 1097.80   -0.27218   0.00000
 1097.90   -0.27314   0.00000
 1098.00   -0.27410   0.00000
 1098.10   -0.27506   0.00000
 1098.20   -0.27602   0.00000
 1098.30   -0.27698   0.00000
 1098.40   -0.27793   0.00000
 1098.50   -0.27889   0.00000
 1098.60   -0.27984   0.00000
 1098.70   -0.28080   0.00000
 1098.80   -0.28175   0.00000
 1098.90   -0.28270   0.00000
 1099.00   -0.28365   0.00000
 1099.10   -0.28460   0.00000
 1099.20   -0.28555   0.00000
 1099.30   -0.28649   0.00000
 1099.40   -0.28744   0.00000
 1099.50   -0.28838   0.00000
 1099.60   -0.28933   0.00000
 1099.70   -0.29027   0.00000
 1099.80   -0.29121   0.00000
 1099.90   -0.29215   0.00000
 1100.00   -0.29309   0.00000
 1100.10   -0.29403   0.00000
 1100.20   -0.29497   0.00000
 1100.30   -0.29590   0.00000
 1100.40   -0.29684   0.00000
 1100.50   -0.29777   0.00000
 1100.60   -0.29871   0.00000
 1100.70   -0.29964   0.00000
 1100.80   -0.30057   0.00000
 1100.90   -0.30150   0.00000
 1101.00   -0.30243   0.00000
 1101.10   -0.30336   0.00000
 1101.20   -0.30429   0.00000
 1101.30   -0.30522   0.00000
 1101.40   -0.30614   0.00000
 1101.50   -0.30707   0.00000
 1101.60   -0.30799   0.00000
 1101.70   -0.30891   0.00000
 1101.80   -0.30983   0.00000
 1101.90   -0.31076   0.00000
 1102.00   -0.31168   0.00000
 1102.10   -0.31259   0.00000
 1102.20   -0.31351   0.00000
 1102.30   -0.31443   0.00000
 1102.40   -0.31534   0.00000
 1102.50   -0.31626   0.00000
 1102.60   -0.31717   0.00000
 1102.70   -0.31809   0.00000
 1102.80   -0.31900   0.00000
 1102.90   -0.31991   0.00000
 1103.00   -0.32082   0.00000
 1103.10   -0.32173   0.00000
 1103.20   -0.32264   0.00000
 1103.30   -0.32354   0.00000
 1103.40   -0.32445   0.00000
 1103.50   -0.32535   0.00000
 1103.60   -0.32626   0.00000
 1103.70   -0.32716   0.00000
 1103.80   -0.32806   0.00000
 1103.90   -0.32897   0.00000
 1104.00   -0.32987   0.00000
 1104.10   -0.33077   0.00000
 1104.20   -0.33166   0.00000
 1104.30   -0.33256   0.00000
 1104.40   -0.33346   0.00000
 1104.50   -0.33435   0.00000
 1104.60   -0.33525   0.00000
 1104.70   -0.33614   0.00000
 1104.80   -0.33704   0.00000
 1104.90   -0.33793   0.00000
 1105.00   -0.33882   0.00000
 1105.10   -0.33971   0.00000
 1105.20   -0.34060   0.00000
 1105.30   -0.34149   0.00000
 1105.40   -0.34237   0.00000
 1105.50   -0.34326   0.00000
 1105.60   -0.34415   0.00000
 1105.70   -0.34503   0.00000
 1105.80   -0.34591   0.00000
 1105.90   -0.34680   0.00000
 1106.00   -0.34768   0.00000
 1106.10   -0.34856   0.00000
 1106.20   -0.34944   0.00000
 1106.30   -0.35032   0.00000
 1106.40   -0.35120   0.00000
 1106.50   -0.35207   0.00000
 1106.60   -0.35295   0.00000
 1106.70   -0.35382   0.00000
 1106.80   -0.35470   0.00000
 1106.90   -0.35557   0.00000
 1107.00   -0.35644   0.00000
 1107.10   -0.35732   0.00000
 1107.20   -0.35819   0.00000
 1107.30   -0.35906   0.00000
 1107.40   -0.35992   0.00000
 1107.50   -0.36079   0.00000
 1107.60   -0.36166   0.00000
 1107.70   -0.36253   0.00000
 1107.80   -0.36339   0.00000
 1107.90   -0.36425   0.00000
 1108.00   -0.36512   0.00000
 1108.10   -0.36598   0.00000
 1108.20   -0.36684   0.00000
 1108.30   -0.36770   0.00000
 1108.40   -0.36856   0.00000
 1108.50   -0.36942   0.00000
 1108.60   -0.37028   0.00000
 1108.70   -0.37114   0.00000
 1108.80   -0.37199   0.00000
 1108.90   -0.37285   0.00000
 1109.00   -0.37370   0.00000
 1109.10   -0.37456   0.00000
 1109.20   -0.37541   0.00000
 1109.30   -0.37626   0.00000
 1109.40   -0.37711   0.00000
 1109.50   -0.37796   0.00000
 1109.60   -0.37881   0.00000
 1109.70   -0.37966   0.00000
 1109.80   -0.38051   0.00000
 1109.90   -0.38135   0.00000
 1110.00   -0.38220   0.00000
 1110.10   -0.38304   0.00000
 1110.20   -0.38389   0.00000
 1110.30   -0.38473   0.00000
 1110.40   -0.38557   0.00000
 1110.50   -0.38641   0.00000
 1110.60   -0.38725   0.00000
 1110.70   -0.38809   0.00000
 1110.80   -0.38893   0.00000
 1110.90   -0.38977   0.00000
 1111.00   -0.39061   0.00000
 1111.10   -0.39144   0.00000
 1111.20   -0.39228   0.00000
 1111.30   -0.39311   0.00000
 1111.40   -0.39395   0.00000
 1111.50   -0.39478   0.00000
 1111.60   -0.39561   0.00000
 1111.70   -0.39644   0.00000
 1111.80   -0.39727   0.00000
 1111.90   -0.39810   0.00000
 1112.00   -0.39893   0.00000
 1112.10   -0.39976   0.00000
 1112.20   -0.40058   0.00000
 1112.30   -0.40141   0.00000
 1112.40   -0.40224   0.00000
 1112.50   -0.40306   0.00000
 1112.60   -0.40388   0.00000
 1112.70   -0.40471   0.00000
 1112.80   -0.40553   0.00000
 1112.90   -0.40635   0.00000
 1113.00   -0.40717   0.00000
 1113.10   -0.40799   0.00000
 1113.20   -0.40880   0.00000
 1113.30   -0.40962   0.00000
 1113.40   -0.41044   0.00000
 1113.50   -0.41125   0.00000
 1113.60   -0.41207   0.00000
 1113.70   -0.41288   0.00000
 1113.80   -0.41370   0.00000
 1113.90   -0.41451   0.00000
 1114.00   -0.41532   0.00000
 1114.10   -0.41613   0.00000
 1114.20   -0.41694   0.00000
 1114.30   -0.41775   0.00000
 1114.40   -0.41856   0.00000
 1114.50   -0.41937   0.00000
 1114.60   -0.42017   0.00000
 1114.70   -0.42098   0.00000
 1114.80   -0.42178   0.00000
 1114.90   -0.42259   0.00000
 1115.00   -0.42339   0.00000
 1115.10   -0.42419   0.00000
 1115.20   -0.42499   0.00000
 1115.30   -0.42580   0.00000
 1115.40   -0.42660   0.00000
 1115.50   -0.42740   0.00000
 1115.60   -0.42819   0.00000
 1115.70   -0.42899   0.00000
 1115.80   -0.42979   0.00000
 1115.90   -0.43058   0.00000
 1116.00   -0.43138   0.00000
 1116.10   -0.43217   0.00000
 1116.20   -0.43297   0.00000
 1116.30   -0.43376   0.00000
 1116.40   -0.43455   0.00000
 1116.50   -0.43534   0.00000
 1116.60   -0.43613   0.00000
 1116.70   -0.43692   0.00000
 1116.80   -0.43771   0.00000
 1116.90   -0.43850   0.00000
 1117.00   -0.43929   0.00000
 1117.10   -0.44007   0.00000
 1117.20   -0.44086   0.00000
 1117.30   -0.44164   0.00000
 1117.40   -0.44243   0.00000
 1117.50   -0.44321   0.00000
 1117.60   -0.44399   0.00000
 1117.70   -0.44477   0.00000
 1117.80   -0.44556   0.00000
 1117.90   -0.44634   0.00000
 1118.00   -0.44711   0.00000
 1118.10   -0.44789   0.00000
 1118.20   -0.44867   0.00000
 1118.30   -0.44945   0.00000
 1118.40   -0.45022   0.00000
 1118.50   -0.45100   0.00000
 1118.60   -0.45177   0.00000
 1118.70   -0.45255   0.00000
 1118.80   -0.45332   0.00000
 1118.90   -0.45409   0.00000
 1119.00   -0.45486   0.00000
 1119.10   -0.45563   0.00000
 1119.20   -0.45640   0.00000
 1119.30   -0.45717   0.00000
 1119.40   -0.45794   0.00000
 1119.50   -0.45871   0.00000
 1119.60   -0.45948   0.00000
 1119.70   -0.46024   0.00000
 1119.80   -0.46101   0.00000
 1119.90   -0.46177   0.00000
 1120.00   -0.46254   0.00000
 1120.10   -0.46330   0.00000
 1120.20   -0.46406   0.00000
 1120.30   -0.46482   0.00000
 1120.40   -0.46558   0.00000
 1120.50   -0.46634   0.00000
 1120.60   -0.46710   0.00000
 1120.70   -0.46786   0.00000
 1120.80   -0.46862   0.00000
 1120.90   -0.46937   0.00000
 1121.00   -0.47013   0.00000
 1121.10   -0.47089   0.00000
 1121.20   -0.47164   0.00000
 1121.30   -0.47239   0.00000
 1121.40   -0.47315   0.00000
 1121.50   -0.47390   0.00000
 1121.60   -0.47465   0.00000
 1121.70   -0.47540   0.00000
 1121.80   -0.47615   0.00000
 1121.90   -0.47690   0.00000
 1122.00   -0.47765   0.00000
 1122.10   -0.47840   0.00000
 1122.20   -0.47914   0.00000
 1122.30   -0.47989   0.00000
 1122.40   -0.48064   0.00000
 1122.50   -0.48138   0.00000
 1122.60   -0.48213   0.00000
 1122.70   -0.48287   0.00000
 1122.80   -0.48361   0.00000
 1122.90   -0.48435   0.00000
 1123.00   -0.48509   0.00000
 1123.10   -0.48583   0.00000
 1123.20   -0.48657   0.00000
 1123.30   -0.48731   0.00000
 1123.40   -0.48805   0.00000
 1123.50   -0.48879   0.00000
 1123.60   -0.48953   0.00000
 1123.70   -0.49026   0.00000
 1123.80   -0.49100   0.00000
 1123.90   -0.49173   0.00000
 1124.00   -0.49247   0.00000
 1124.10   -0.49320   0.00000
 1124.20   -0.49393   0.00000
 1124.30   -0.49466   0.00000
 1124.40   -0.49539   0.00000
 1124.50   -0.49612   0.00000
 1124.60   -0.49685   0.00000
 1124.70   -0.49758   0.00000
 1124.80   -0.49831   0.00000
 1124.90   -0.49904   0.00000
 1125.00   -0.49976   0.00000
 1125.10   -0.50049   0.00000
 1125.20   -0.50121   0.00000
 1125.30   -0.50194   0.00000
 1125.40   -0.50266   0.00000
 1125.50   -0.50338   0.00000
 1125.60   -0.50411   0.00000
 1125.70   -0.50483   0.00000
 1125.80   -0.50555   0.00000
 1125.90   -0.50627   0.00000
 1126.00   -0.50699   0.00000
 1126.10   -0.50771   0.00000
 1126.20   -0.50843   0.00000
 1126.30   -0.50914   0.00000
 1126.40   -0.50986   0.00000
 1126.50   -0.51057   0.00000
 1126.60   -0.51129   0.00000
 1126.70   -0.51200   0.00000
 1126.80   -0.51272   0.00000
 1126.90   -0.51343   0.00000
 1127.00   -0.51414   0.00000
 1127.10   -0.51486   0.00000
 1127.20   -0.51557   0.00000
 1127.30   -0.51628   0.00000
 1127.40   -0.51699   0.00000
 1127.50   -0.51769   0.00000
 1127.60   -0.51840   0.00000
 1127.70   -0.51911   0.00000
 1127.80   -0.51982   0.00000
 1127.90   -0.52052   0.00000
 1128.00   -0.52123   0.00000
 1128.10   -0.52193   0.00000
 1128.20   -0.52264   0.00000
 1128.30   -0.52334   0.00000
 1128.40   -0.52404   0.00000
 1128.50   -0.52474   0.00000
 1128.60   -0.52545   0.00000
 1128.70   -0.52615   0.00000
 1128.80   -0.52685   0.00000
 1128.90   -0.52754   0.00000
 1129.00   -0.52824   0.00000
 1129.10   -0.52894   0.00000
 1129.20   -0.52964   0.00000
 1129.30   -0.53033   0.00000
 1129.40   -0.53103   0.00000
 1129.50   -0.53172   0.00000
 1129.60   -0.53242   0.00000
 1129.70   -0.53311   0.00000
 1129.80   -0.53381   0.00000
 1129.90   -0.53450   0.00000
 1130.00   -0.53519   0.00000
 1130.10   -0.53588   0.00000
 1130.20   -0.53657   0.00000
 1130.30   -0.53726   0.00000
 1130.40   -0.53795   0.00000
 1130.50   -0.53864   0.00000
 1130.60   -0.53932   0.00000
 1130.70   -0.54001   0.00000
 1130.80   -0.54070   0.00000
 1130.90   -0.54138   0.00000
 1131.00   -0.54207   0.00000
 1131.10   -0.54275   0.00000
 1131.20   -0.54344   0.00000
 1131.30   -0.54412   0.00000
 1131.40   -0.54480   0.00000
 1131.50   -0.54548   0.00000
 1131.60   -0.54616   0.00000
 1131.70   -0.54684   0.00000
 1131.80   -0.54752   0.00000
 1131.90   -0.54820   0.00000
 1132.00   -0.54888   0.00000
 1132.10   -0.54956   0.00000
 1132.20   -0.55023   0.00000
 1132.30   -0.55091   0.00000
 1132.40   -0.55159   0.00000
 1132.50   -0.55226   0.00000
 1132.60   -0.55294   0.00000
 1132.70   -0.55361   0.00000
 1132.80   -0.55428   0.00000
 1132.90   -0.55495   0.00000
 1133.00   -0.55563   0.00000
 1133.10   -0.55630   0.00000
 1133.20   -0.55697   0.00000
 1133.30   -0.55764   0.00000
 1133.40   -0.55831   0.00000
 1133.50   -0.55897   0.00000
 1133.60   -0.55964   0.00000
 1133.70   -0.56031   0.00000
 1133.80   -0.56098   0.00000
 1133.90   -0.56164   0.00000
 1134.00   -0.56231   0.00000
 1134.10   -0.56297   0.00000
 1134.20   -0.56363   0.00000
 1134.30   -0.56430   0.00000
 1134.40   -0.56496   0.00000
 1134.50   -0.56562   0.00000
 1134.60   -0.56628   0.00000
 1134.70   -0.56694   0.00000
 1134.80   -0.56760   0.00000
 1134.90   -0.56826   0.00000
 1135.00   -0.56892   0.00000
 1135.10   -0.56958   0.00000
 1135.20   -0.57024   0.00000
 1135.30   -0.57089   0.00000
 1135.40   -0.57155   0.00000
 1135.50   -0.57221   0.00000
 1135.60   -0.57286   0.00000
 1135.70   -0.57351   0.00000
 1135.80   -0.57417   0.00000
 1135.90   -0.57482   0.00000
 1136.00   -0.57547   0.00000
 1136.10   -0.57613   0.00000
 1136.20   -0.57678   0.00000
 1136.30   -0.57743   0.00000
 1136.40   -0.57808   0.00000
 1136.50   -0.57873   0.00000
 1136.60   -0.57937   0.00000
 1136.70   -0.58002   0.00000
 1136.80   -0.58067   0.00000
 1136.90   -0.58132   0.00000
 1137.00   -0.58196   0.00000
 1137.10   -0.58261   0.00000
 1137.20   -0.58325   0.00000
 1137.30   -0.58390   0.00000
 1137.40   -0.58454   0.00000
 1137.50   -0.58518   0.00000
 1137.60   -0.58583   0.00000
 1137.70   -0.58647   0.00000
 1137.80   -0.58711   0.00000
 1137.90   -0.58775   0.00000
 1138.00   -0.58839   0.00000
 1138.10   -0.58903   0.00000
 1138.20   -0.58967   0.00000
 1138.30   -0.59031   0.00000
 1138.40   -0.59094   0.00000
 1138.50   -0.59158   0.00000
 1138.60   -0.59222   0.00000
 1138.70   -0.59285   0.00000
 1138.80   -0.59349   0.00000
 1138.90   -0.59412   0.00000
 1139.00   -0.59475   0.00000
 1139.10   -0.59539   0.00000
 1139.20   -0.59602   0.00000
 1139.30   -0.59665   0.00000
 1139.40   -0.59728   0.00000
 1139.50   -0.59791   0.00000
 1139.60   -0.59854   0.00000
 1139.70   -0.59917   0.00000
 1139.80   -0.59980   0.00000
 1139.90   -0.60043   0.00000
 1140.00   -0.60106   0.00000
 1140.10   -0.60168   0.00000
 1140.20   -0.60231   0.00000
 1140.30   -0.60294   0.00000
 1140.40   -0.60356   0.00000
 1140.50   -0.60419   0.00000
 1140.60   -0.60481   0.00000
 1140.70   -0.60543   0.00000
 1140.80   -0.60606   0.00000
 1140.90   -0.60668   0.00000
 1141.00   -0.60730   0.00000
 1141.10   -0.60792   0.00000
 1141.20   -0.60854   0.00000
 1141.30   -0.60916   0.00000
 1141.40   -0.60978   0.00000
 1141.50   -0.61040   0.00000
 1141.60   -0.61102   0.00000
 1141.70   -0.61164   0.00000
 1141.80   -0.61225   0.00000
 1141.90   -0.61287   0.00000
 1142.00   -0.61349   0.00000
 1142.10   -0.61410   0.00000
 1142.20   -0.61472   0.00000
 1142.30   -0.61533   0.00000
 1142.40   -0.61594   0.00000
 1142.50   -0.61656   0.00000
 1142.60   -0.61717   0.00000
 1142.70   -0.61778   0.00000
 1142.80   -0.61839   0.00000
 1142.90   -0.61900   0.00000
 1143.00   -0.61961   0.00000
 1143.10   -0.62022   0.00000
 1143.20   -0.62083   0.00000
 1143.30   -0.62144   0.00000
 1143.40   -0.62204   0.00000
 1143.50   -0.62265   0.00000
 1143.60   -0.62326   0.00000
 1143.70   -0.62386   0.00000
 1143.80   -0.62447   0.00000
 1143.90   -0.62507   0.00000
 1144.00   -0.62568   0.00000
 1144.10   -0.62628   0.00000
 1144.20   -0.62688   0.00000
 1144.30   -0.62749   0.00000
 1144.40   -0.62809   0.00000
 1144.50   -0.62869   0.00000
 1144.60   -0.62929   0.00000
 1144.70   -0.62989   0.00000
 1144.80   -0.63049   0.00000
 1144.90   -0.63109   0.00000
 1145.00   -0.63169   0.00000
 1145.10   -0.63228   0.00000
 1145.20   -0.63288   0.00000
 1145.30   -0.63348   0.00000
 1145.40   -0.63407   0.00000
 1145.50   -0.63467   0.00000
 1145.60   -0.63526   0.00000
 1145.70   -0.63586   0.00000
 1145.80   -0.63645   0.00000
 1145.90   -0.63705   0.00000
 1146.00   -0.63764   0.00000
 1146.10   -0.63823   0.00000
 1146.20   -0.63882   0.00000
 1146.30   -0.63941   0.00000
 1146.40   -0.64000   0.00000
 1146.50   -0.64059   0.00000
 1146.60   -0.64118   0.00000
 1146.70   -0.64177   0.00000
 1146.80   -0.64236   0.00000
 1146.90   -0.64295   0.00000
 1147.00   -0.64353   0.00000
 1147.10   -0.64412   0.00000
 1147.20   -0.64471   0.00000
 1147.30   -0.64529   0.00000
 1147.40   -0.64588   0.00000
 1147.50   -0.64646   0.00000
 1147.60   -0.64705   0.00000
 1147.70   -0.64763   0.00000
 1147.80   -0.64821   0.00000
 1147.90   -0.64879   0.00000
 1148.00   -0.64938   0.00000
 1148.10   -0.64996   0.00000
 1148.20   -0.65054   0.00000
 1148.30   -0.65112   0.00000
 1148.40   -0.65170   0.00000
 1148.50   -0.65227   0.00000
 1148.60   -0.65285   0.00000
 1148.70   -0.65343   0.00000
 1148.80   -0.65401   0.00000
 1148.90   -0.65458   0.00000
 1149.00   -0.65516   0.00000
 1149.10   -0.65574   0.00000
 1149.20   -0.65631   0.00000
 1149.30   -0.65689   0.00000
 1149.40   -0.65746   0.00000
 1149.50   -0.65803   0.00000
 1149.60   -0.65861   0.00000
 1149.70   -0.65918   0.00000
 1149.80   -0.65975   0.00000
 1149.90   -0.66032   0.00000
 1150.00   -0.66089   0.00000
 1150.10   -0.66146   0.00000
 1150.20   -0.66203   0.00000
 1150.30   -0.66260   0.00000
 1150.40   -0.66317   0.00000
 1150.50   -0.66374   0.00000
 1150.60   -0.66430   0.00000
 1150.70   -0.66487   0.00000
 1150.80   -0.66544   0.00000
 1150.90   -0.66600   0.00000
 1151.00   -0.66657   0.00000
 1151.10   -0.66713   0.00000
 1151.20   -0.66770   0.00000
 1151.30   -0.66826   0.00000
 1151.40   -0.66882   0.00000
 1151.50   -0.66939   0.00000
 1151.60   -0.66995   0.00000
 1151.70   -0.67051   0.00000
 1151.80   -0.67107   0.00000
 1151.90   -0.67163   0.00000
 1152.00   -0.67219   0.00000
 1152.10   -0.67275   0.00000
 1152.20   -0.67331   0.00000
 1152.30   -0.67387   0.00000
 1152.40   -0.67443   0.00000
 1152.50   -0.67498   0.00000
 1152.60   -0.67554   0.00000
 1152.70   -0.67610   0.00000
 1152.80   -0.67665   0.00000
 1152.90   -0.67721   0.00000
 1153.00   -0.67776   0.00000
 1153.10   -0.67832   0.00000
 1153.20   -0.67887   0.00000
 1153.30   -0.67942   0.00000
 1153.40   -0.67997   0.00000
 1153.50   -0.68053   0.00000
 1153.60   -0.68108   0.00000
 1153.70   -0.68163   0.00000
 1153.80   -0.68218   0.00000
 1153.90   -0.68273   0.00000
 1154.00   -0.68328   0.00000
 1154.10   -0.68383   0.00000
 1154.20   -0.68438   0.00000
 1154.30   -0.68492   0.00000
 1154.40   -0.68547   0.00000
 1154.50   -0.68602   0.00000
 1154.60   -0.68657   0.00000
 1154.70   -0.68711   0.00000
 1154.80   -0.68766   0.00000
 1154.90   -0.68820   0.00000
 1155.00   -0.68875   0.00000
 1155.10   -0.68929   0.00000
 1155.20   -0.68983   0.00000
 1155.30   -0.69038   0.00000
 1155.40   -0.69092   0.00000
 1155.50   -0.69146   0.00000
 1155.60   -0.69200   0.00000
 1155.70   -0.69254   0.00000
 1155.80   -0.69308   0.00000
 1155.90   -0.69362   0.00000
 1156.00   -0.69416   0.00000
 1156.10   -0.69470   0.00000
 1156.20   -0.69524   0.00000
 1156.30   -0.69578   0.00000
 1156.40   -0.69631   0.00000
 1156.50   -0.69685   0.00000
 1156.60   -0.69739   0.00000
 1156.70   -0.69792   0.00000
 1156.80   -0.69846   0.00000
 1156.90   -0.69899   0.00000
 1157.00   -0.69953   0.00000
 1157.10   -0.70006   0.00000
 1157.20   -0.70059   0.00000
 1157.30   -0.70113   0.00000
 1157.40   -0.70166   0.00000
 1157.50   -0.70219   0.00000
 1157.60   -0.70272   0.00000
 1157.70   -0.70325   0.00000
 1157.80   -0.70378   0.00000
 1157.90   -0.70431   0.00000
 1158.00   -0.70484   0.00000
 1158.10   -0.70537   0.00000
 1158.20   -0.70590   0.00000
 1158.30   -0.70643   0.00000
 1158.40   -0.70695   0.00000
 1158.50   -0.70748   0.00000
 1158.60   -0.70801   0.00000
 1158.70   -0.70853   0.00000
 1158.80   -0.70906   0.00000
 1158.90   -0.70958   0.00000
 1159.00   -0.71011   0.00000
 1159.10   -0.71063   0.00000
 1159.20   -0.71115   0.00000
 1159.30   -0.71168   0.00000
 1159.40   -0.71220   0.00000
 1159.50   -0.71272   0.00000
 1159.60   -0.71324   0.00000
 1159.70   -0.71376   0.00000
 1159.80   -0.71428   0.00000
 1159.90   -0.71480   0.00000
 1160.00   -0.71532   0.00000
 1160.10   -0.71584   0.00000
 1160.20   -0.71636   0.00000
 1160.30   -0.71688   0.00000
 1160.40   -0.71740   0.00000
 1160.50   -0.71791   0.00000
 1160.60   -0.71843   0.00000
 1160.70   -0.71894   0.00000
 1160.80   -0.71946   0.00000
 1160.90   -0.71998   0.00000
 1161.00   -0.72049   0.00000
 1161.10   -0.72100   0.00000
 1161.20   -0.72152   0.00000
 1161.30   -0.72203   0.00000
 1161.40   -0.72254   0.00000
 1161.50   -0.72306   0.00000
 1161.60   -0.72357   0.00000
 1161.70   -0.72408   0.00000
 1161.80   -0.72459   0.00000
 1161.90   -0.72510   0.00000
 1162.00   -0.72561   0.00000
 1162.10   -0.72612   0.00000
 1162.20   -0.72663   0.00000
 1162.30   -0.72714   0.00000
 1162.40   -0.72764   0.00000
 1162.50   -0.72815   0.00000
 1162.60   -0.72866   0.00000
 1162.70   -0.72917   0.00000
 1162.80   -0.72967   0.00000
 1162.90   -0.73018   0.00000
 1163.00   -0.73068   0.00000
 1163.10   -0.73119   0.00000
 1163.20   -0.73169   0.00000
 1163.30   -0.73219   0.00000
 1163.40   -0.73270   0.00000
 1163.50   -0.73320   0.00000
 1163.60   -0.73370   0.00000
 1163.70   -0.73420   0.00000
 1163.80   -0.73471   0.00000
 1163.90   -0.73521   0.00000
 1164.00   -0.73571   0.00000
 1164.10   -0.73621   0.00000
 1164.20   -0.73671   0.00000
 1164.30   -0.73721   0.00000
 1164.40   -0.73770   0.00000
 1164.50   -0.73820   0.00000
 1164.60   -0.73870   0.00000
 1164.70   -0.73920   0.00000
 1164.80   -0.73969   0.00000
 1164.90   -0.74019   0.00000
 1165.00   -0.74069   0.00000
 1165.10   -0.74118   0.00000
 1165.20   -0.74168   0.00000
 1165.30   -0.74217   0.00000
 1165.40   -0.74266   0.00000
 1165.50   -0.74316   0.00000
 1165.60   -0.74365   0.00000
 1165.70   -0.74414   0.00000
 1165.80   -0.74464   0.00000
 1165.90   -0.74513   0.00000
 1166.00   -0.74562   0.00000
 1166.10   -0.74611   0.00000
 1166.20   -0.74660   0.00000
 1166.30   -0.74709   0.00000
 1166.40   -0.74758   0.00000
 1166.50   -0.74807   0.00000
 1166.60   -0.74856   0.00000
 1166.70   -0.74904   0.00000
 1166.80   -0.74953   0.00000
 1166.90   -0.75002   0.00000
 1167.00   -0.75050   0.00000
 1167.10   -0.75099   0.00000
 1167.20   -0.75148   0.00000
 1167.30   -0.75196   0.00000
 1167.40   -0.75245   0.00000
 1167.50   -0.75293   0.00000
 1167.60   -0.75342   0.00000
 1167.70   -0.75390   0.00000
 1167.80   -0.75438   0.00000
 1167.90   -0.75486   0.00000
 1168.00   -0.75535   0.00000
 1168.10   -0.75583   0.00000
 1168.20   -0.75631   0.00000
 1168.30   -0.75679   0.00000
 1168.40   -0.75727   0.00000
 1168.50   -0.75775   0.00000
 1168.60   -0.75823   0.00000
 1168.70   -0.75871   0.00000
 1168.80   -0.75919   0.00000
 1168.90   -0.75967   0.00000
 1169.00   -0.76014   0.00000
 1169.10   -0.76062   0.00000
 1169.20   -0.76110   0.00000
 1169.30   -0.76157   0.00000
 1169.40   -0.76205   0.00000
 1169.50   -0.76253   0.00000
 1169.60   -0.76300   0.00000
 1169.70   -0.76347   0.00000
 1169.80   -0.76395   0.00000
 1169.90   -0.76442   0.00000
 1170.00   -0.76490   0.00000
 1170.10   -0.76537   0.00000
 1170.20   -0.76584   0.00000
 1170.30   -0.76631   0.00000
 1170.40   -0.76678   0.00000
 1170.50   -0.76726   0.00000
 1170.60   -0.76773   0.00000
 1170.70   -0.76820   0.00000
 1170.80   -0.76867   0.00000
 1170.90   -0.76914   0.00000
 1171.00   -0.76960   0.00000
 1171.10   -0.77007   0.00000
 1171.20   -0.77054   0.00000
 1171.30   -0.77101   0.00000
 1171.40   -0.77148   0.00000
 1171.50   -0.77194   0.00000
 1171.60   -0.77241   0.00000
 1171.70   -0.77288   0.00000
 1171.80   -0.77334   0.00000
 1171.90   -0.77381   0.00000
 1172.00   -0.77427   0.00000
 1172.10   -0.77473   0.00000
 1172.20   -0.77520   0.00000
 1172.30   -0.77566   0.00000
 1172.40   -0.77612   0.00000
 1172.50   -0.77659   0.00000
 1172.60   -0.77705   0.00000
 1172.70   -0.77751   0.00000
 1172.80   -0.77797   0.00000
 1172.90   -0.77843   0.00000
 1173.00   -0.77889   0.00000
 1173.10   -0.77935   0.00000
 1173.20   -0.77981   0.00000
