   W          M2-(pi0_p)
 (MeV)       Re        Im
 1073.30    0.00004   0.00000
 1073.40    0.00010   0.00000
 1073.50    0.00016   0.00000
 1073.60    0.00022   0.00000
 1073.70    0.00028   0.00000
 1073.80    0.00034   0.00000
 1073.90    0.00040   0.00000
 1074.00    0.00046   0.00000
 1074.10    0.00052   0.00000
 1074.20    0.00058   0.00000
 1074.30    0.00065   0.00000
 1074.40    0.00071   0.00000
 1074.50    0.00077   0.00000
 1074.60    0.00083   0.00000
 1074.70    0.00089   0.00000
 1074.80    0.00095   0.00000
 1074.90    0.00102   0.00000
 1075.00    0.00108   0.00000
 1075.10    0.00114   0.00000
 1075.20    0.00120   0.00000
 1075.30    0.00126   0.00000
 1075.40    0.00133   0.00000
 1075.50    0.00139   0.00000
 1075.60    0.00145   0.00000
 1075.70    0.00152   0.00000
 1075.80    0.00158   0.00000
 1075.90    0.00164   0.00000
 1076.00    0.00171   0.00000
 1076.10    0.00177   0.00000
 1076.20    0.00183   0.00001
 1076.30    0.00190   0.00001
 1076.40    0.00196   0.00001
 1076.50    0.00202   0.00001
 1076.60    0.00209   0.00001
 1076.70    0.00215   0.00001
 1076.80    0.00222   0.00001
 1076.90    0.00228   0.00001
 1077.00    0.00234   0.00001
 1077.10    0.00241   0.00001
 1077.20    0.00247   0.00001
 1077.30    0.00254   0.00001
 1077.40    0.00260   0.00001
 1077.50    0.00267   0.00001
 1077.60    0.00273   0.00001
 1077.70    0.00280   0.00001
 1077.80    0.00286   0.00001
 1077.90    0.00293   0.00001
 1078.00    0.00299   0.00001
 1078.10    0.00306   0.00001
 1078.20    0.00313   0.00001
 1078.30    0.00319   0.00001
 1078.40    0.00326   0.00001
 1078.50    0.00332   0.00001
 1078.60    0.00339   0.00001
 1078.70    0.00346   0.00001
 1078.80    0.00352   0.00001
 1078.90    0.00359   0.00001
 1079.00    0.00366   0.00001
 1079.10    0.00372   0.00001
 1079.20    0.00379   0.00001
 1079.30    0.00386   0.00001
 1079.40    0.00393   0.00001
 1079.50    0.00399   0.00001
 1079.60    0.00406   0.00001
 1079.70    0.00413   0.00001
 1079.80    0.00420   0.00001
 1079.90    0.00426   0.00001
 1080.00    0.00433   0.00001
 1080.10    0.00440   0.00001
 1080.20    0.00447   0.00001
 1080.30    0.00454   0.00001
 1080.40    0.00461   0.00001
 1080.50    0.00468   0.00001
 1080.60    0.00474   0.00001
 1080.70    0.00481   0.00002
 1080.80    0.00488   0.00002
 1080.90    0.00495   0.00002
 1081.00    0.00502   0.00002
 1081.10    0.00509   0.00002
 1081.20    0.00516   0.00002
 1081.30    0.00523   0.00002
 1081.40    0.00530   0.00002
 1081.50    0.00537   0.00002
 1081.60    0.00544   0.00002
 1081.70    0.00551   0.00002
 1081.80    0.00558   0.00002
 1081.90    0.00565   0.00002
 1082.00    0.00572   0.00002
 1082.10    0.00579   0.00002
 1082.20    0.00586   0.00002
 1082.30    0.00593   0.00002
 1082.40    0.00600   0.00002
 1082.50    0.00607   0.00002
 1082.60    0.00615   0.00002
 1082.70    0.00622   0.00002
 1082.80    0.00629   0.00002
 1082.90    0.00636   0.00002
 1083.00    0.00643   0.00002
 1083.10    0.00650   0.00002
 1083.20    0.00658   0.00002
 1083.30    0.00665   0.00002
 1083.40    0.00672   0.00002
 1083.50    0.00679   0.00002
 1083.60    0.00686   0.00002
 1083.70    0.00694   0.00002
 1083.80    0.00701   0.00002
 1083.90    0.00708   0.00002
 1084.00    0.00716   0.00002
 1084.10    0.00723   0.00002
 1084.20    0.00730   0.00003
 1084.30    0.00738   0.00003
 1084.40    0.00745   0.00003
 1084.50    0.00752   0.00003
 1084.60    0.00760   0.00003
 1084.70    0.00767   0.00003
 1084.80    0.00774   0.00003
 1084.90    0.00782   0.00003
 1085.00    0.00789   0.00003
 1085.10    0.00797   0.00003
 1085.20    0.00804   0.00003
 1085.30    0.00812   0.00003
 1085.40    0.00819   0.00003
 1085.50    0.00827   0.00003
 1085.60    0.00834   0.00003
 1085.70    0.00842   0.00003
 1085.80    0.00849   0.00003
 1085.90    0.00857   0.00003
 1086.00    0.00864   0.00003
 1086.10    0.00872   0.00003
 1086.20    0.00879   0.00003
 1086.30    0.00887   0.00003
 1086.40    0.00895   0.00003
 1086.50    0.00902   0.00003
 1086.60    0.00910   0.00003
 1086.70    0.00918   0.00003
 1086.80    0.00925   0.00003
 1086.90    0.00933   0.00003
 1087.00    0.00941   0.00003
 1087.10    0.00948   0.00004
 1087.20    0.00956   0.00004
 1087.30    0.00964   0.00004
 1087.40    0.00971   0.00004
 1087.50    0.00979   0.00004
 1087.60    0.00987   0.00004
 1087.70    0.00995   0.00004
 1087.80    0.01003   0.00004
 1087.90    0.01010   0.00004
 1088.00    0.01018   0.00004
 1088.10    0.01026   0.00004
 1088.20    0.01034   0.00004
 1088.30    0.01042   0.00004
 1088.40    0.01050   0.00004
 1088.50    0.01057   0.00004
 1088.60    0.01065   0.00004
 1088.70    0.01073   0.00004
 1088.80    0.01081   0.00004
 1088.90    0.01089   0.00004
 1089.00    0.01097   0.00004
 1089.10    0.01105   0.00004
 1089.20    0.01113   0.00004
 1089.30    0.01121   0.00004
 1089.40    0.01129   0.00004
 1089.50    0.01137   0.00004
 1089.60    0.01145   0.00005
 1089.70    0.01153   0.00005
 1089.80    0.01161   0.00005
 1089.90    0.01169   0.00005
 1090.00    0.01177   0.00005
 1090.10    0.01185   0.00005
 1090.20    0.01193   0.00005
 1090.30    0.01201   0.00005
 1090.40    0.01210   0.00005
 1090.50    0.01218   0.00005
 1090.60    0.01226   0.00005
 1090.70    0.01234   0.00005
 1090.80    0.01242   0.00005
 1090.90    0.01250   0.00005
 1091.00    0.01259   0.00005
 1091.10    0.01267   0.00005
 1091.20    0.01275   0.00005
 1091.30    0.01283   0.00005
 1091.40    0.01292   0.00005
 1091.50    0.01300   0.00005
 1091.60    0.01308   0.00005
 1091.70    0.01317   0.00005
 1091.80    0.01325   0.00006
 1091.90    0.01333   0.00006
 1092.00    0.01342   0.00006
 1092.10    0.01350   0.00006
 1092.20    0.01358   0.00006
 1092.30    0.01367   0.00006
 1092.40    0.01375   0.00006
 1092.50    0.01383   0.00006
 1092.60    0.01392   0.00006
 1092.70    0.01400   0.00006
 1092.80    0.01409   0.00006
 1092.90    0.01417   0.00006
 1093.00    0.01426   0.00006
 1093.10    0.01434   0.00006
 1093.20    0.01443   0.00006
 1093.30    0.01451   0.00006
 1093.40    0.01460   0.00006
 1093.50    0.01468   0.00006
 1093.60    0.01477   0.00006
 1093.70    0.01485   0.00006
 1093.80    0.01494   0.00007
 1093.90    0.01503   0.00007
 1094.00    0.01511   0.00007
 1094.10    0.01520   0.00007
 1094.20    0.01528   0.00007
 1094.30    0.01537   0.00007
 1094.40    0.01546   0.00007
 1094.50    0.01554   0.00007
 1094.60    0.01563   0.00007
 1094.70    0.01572   0.00007
 1094.80    0.01581   0.00007
 1094.90    0.01589   0.00007
 1095.00    0.01598   0.00007
 1095.10    0.01607   0.00007
 1095.20    0.01616   0.00007
 1095.30    0.01624   0.00007
 1095.40    0.01633   0.00007
 1095.50    0.01642   0.00007
 1095.60    0.01651   0.00008
 1095.70    0.01660   0.00008
 1095.80    0.01669   0.00008
 1095.90    0.01677   0.00008
 1096.00    0.01686   0.00008
 1096.10    0.01695   0.00008
 1096.20    0.01704   0.00008
 1096.30    0.01713   0.00008
 1096.40    0.01722   0.00008
 1096.50    0.01731   0.00008
 1096.60    0.01740   0.00008
 1096.70    0.01749   0.00008
 1096.80    0.01758   0.00008
 1096.90    0.01767   0.00008
 1097.00    0.01776   0.00008
 1097.10    0.01785   0.00008
 1097.20    0.01794   0.00008
 1097.30    0.01803   0.00009
 1097.40    0.01812   0.00009
 1097.50    0.01821   0.00009
 1097.60    0.01830   0.00009
 1097.70    0.01840   0.00009
 1097.80    0.01849   0.00009
 1097.90    0.01858   0.00009
 1098.00    0.01867   0.00009
 1098.10    0.01876   0.00009
 1098.20    0.01885   0.00009
 1098.30    0.01895   0.00009
 1098.40    0.01904   0.00009
 1098.50    0.01913   0.00009
 1098.60    0.01922   0.00009
 1098.70    0.01932   0.00009
 1098.80    0.01941   0.00010
 1098.90    0.01950   0.00010
 1099.00    0.01959   0.00010
 1099.10    0.01969   0.00010
 1099.20    0.01978   0.00010
 1099.30    0.01987   0.00010
 1099.40    0.01997   0.00010
 1099.50    0.02006   0.00010
 1099.60    0.02016   0.00010
 1099.70    0.02025   0.00010
 1099.80    0.02034   0.00010
 1099.90    0.02044   0.00010
 1100.00    0.02053   0.00010
 1100.10    0.02063   0.00010
 1100.20    0.02072   0.00010
 1100.30    0.02082   0.00011
 1100.40    0.02091   0.00011
 1100.50    0.02101   0.00011
 1100.60    0.02110   0.00011
 1100.70    0.02120   0.00011
 1100.80    0.02129   0.00011
 1100.90    0.02139   0.00011
 1101.00    0.02148   0.00011
 1101.10    0.02158   0.00011
 1101.20    0.02168   0.00011
 1101.30    0.02177   0.00011
 1101.40    0.02187   0.00011
 1101.50    0.02197   0.00011
 1101.60    0.02206   0.00012
 1101.70    0.02216   0.00012
 1101.80    0.02226   0.00012
 1101.90    0.02235   0.00012
 1102.00    0.02245   0.00012
 1102.10    0.02255   0.00012
 1102.20    0.02265   0.00012
 1102.30    0.02274   0.00012
 1102.40    0.02284   0.00012
 1102.50    0.02294   0.00012
 1102.60    0.02304   0.00012
 1102.70    0.02314   0.00012
 1102.80    0.02324   0.00012
 1102.90    0.02333   0.00013
 1103.00    0.02343   0.00013
 1103.10    0.02353   0.00013
 1103.20    0.02363   0.00013
 1103.30    0.02373   0.00013
 1103.40    0.02383   0.00013
 1103.50    0.02393   0.00013
 1103.60    0.02403   0.00013
 1103.70    0.02413   0.00013
 1103.80    0.02423   0.00013
 1103.90    0.02433   0.00013
 1104.00    0.02443   0.00013
 1104.10    0.02453   0.00014
 1104.20    0.02463   0.00014
 1104.30    0.02473   0.00014
 1104.40    0.02483   0.00014
 1104.50    0.02493   0.00014
 1104.60    0.02503   0.00014
 1104.70    0.02513   0.00014
 1104.80    0.02524   0.00014
 1104.90    0.02534   0.00014
 1105.00    0.02544   0.00014
 1105.10    0.02554   0.00014
 1105.20    0.02564   0.00014
 1105.30    0.02574   0.00015
 1105.40    0.02585   0.00015
 1105.50    0.02595   0.00015
 1105.60    0.02605   0.00015
 1105.70    0.02615   0.00015
 1105.80    0.02626   0.00015
 1105.90    0.02636   0.00015
 1106.00    0.02646   0.00015
 1106.10    0.02657   0.00015
 1106.20    0.02667   0.00015
 1106.30    0.02677   0.00015
 1106.40    0.02688   0.00016
 1106.50    0.02698   0.00016
 1106.60    0.02708   0.00016
 1106.70    0.02719   0.00016
 1106.80    0.02729   0.00016
 1106.90    0.02740   0.00016
 1107.00    0.02750   0.00016
 1107.10    0.02761   0.00016
 1107.20    0.02771   0.00016
 1107.30    0.02782   0.00016
 1107.40    0.02792   0.00017
 1107.50    0.02803   0.00017
 1107.60    0.02813   0.00017
 1107.70    0.02824   0.00017
 1107.80    0.02834   0.00017
 1107.90    0.02845   0.00017
 1108.00    0.02856   0.00017
 1108.10    0.02866   0.00017
 1108.20    0.02877   0.00017
 1108.30    0.02888   0.00017
 1108.40    0.02898   0.00018
 1108.50    0.02909   0.00018
 1108.60    0.02920   0.00018
 1108.70    0.02930   0.00018
 1108.80    0.02941   0.00018
 1108.90    0.02952   0.00018
 1109.00    0.02963   0.00018
 1109.10    0.02973   0.00018
 1109.20    0.02984   0.00018
 1109.30    0.02995   0.00018
 1109.40    0.03006   0.00019
 1109.50    0.03017   0.00019
 1109.60    0.03027   0.00019
 1109.70    0.03038   0.00019
 1109.80    0.03049   0.00019
 1109.90    0.03060   0.00019
 1110.00    0.03071   0.00019
 1110.10    0.03082   0.00019
 1110.20    0.03093   0.00019
 1110.30    0.03104   0.00020
 1110.40    0.03115   0.00020
 1110.50    0.03126   0.00020
 1110.60    0.03137   0.00020
 1110.70    0.03148   0.00020
 1110.80    0.03159   0.00020
 1110.90    0.03170   0.00020
 1111.00    0.03181   0.00020
 1111.10    0.03192   0.00020
 1111.20    0.03203   0.00021
 1111.30    0.03214   0.00021
 1111.40    0.03225   0.00021
 1111.50    0.03236   0.00021
 1111.60    0.03248   0.00021
 1111.70    0.03259   0.00021
 1111.80    0.03270   0.00021
 1111.90    0.03281   0.00021
 1112.00    0.03292   0.00021
 1112.10    0.03304   0.00022
 1112.20    0.03315   0.00022
 1112.30    0.03326   0.00022
 1112.40    0.03337   0.00022
 1112.50    0.03349   0.00022
 1112.60    0.03360   0.00022
 1112.70    0.03371   0.00022
 1112.80    0.03383   0.00022
 1112.90    0.03394   0.00023
 1113.00    0.03405   0.00023
 1113.10    0.03417   0.00023
 1113.20    0.03428   0.00023
 1113.30    0.03439   0.00023
 1113.40    0.03451   0.00023
 1113.50    0.03462   0.00023
 1113.60    0.03474   0.00023
 1113.70    0.03485   0.00024
 1113.80    0.03497   0.00024
 1113.90    0.03508   0.00024
 1114.00    0.03520   0.00024
 1114.10    0.03531   0.00024
 1114.20    0.03543   0.00024
 1114.30    0.03554   0.00024
 1114.40    0.03566   0.00024
 1114.50    0.03578   0.00025
 1114.60    0.03589   0.00025
 1114.70    0.03601   0.00025
 1114.80    0.03612   0.00025
 1114.90    0.03624   0.00025
 1115.00    0.03636   0.00025
 1115.10    0.03647   0.00025
 1115.20    0.03659   0.00025
 1115.30    0.03671   0.00026
 1115.40    0.03683   0.00026
 1115.50    0.03694   0.00026
 1115.60    0.03706   0.00026
 1115.70    0.03718   0.00026
 1115.80    0.03730   0.00026
 1115.90    0.03741   0.00026
 1116.00    0.03753   0.00027
 1116.10    0.03765   0.00027
 1116.20    0.03777   0.00027
 1116.30    0.03789   0.00027
 1116.40    0.03801   0.00027
 1116.50    0.03813   0.00027
 1116.60    0.03825   0.00027
 1116.70    0.03837   0.00027
 1116.80    0.03848   0.00028
 1116.90    0.03860   0.00028
 1117.00    0.03872   0.00028
 1117.10    0.03884   0.00028
 1117.20    0.03896   0.00028
 1117.30    0.03908   0.00028
 1117.40    0.03920   0.00028
 1117.50    0.03933   0.00029
 1117.60    0.03945   0.00029
 1117.70    0.03957   0.00029
 1117.80    0.03969   0.00029
 1117.90    0.03981   0.00029
 1118.00    0.03993   0.00029
 1118.10    0.04005   0.00030
 1118.20    0.04017   0.00030
 1118.30    0.04030   0.00030
 1118.40    0.04042   0.00030
 1118.50    0.04054   0.00030
 1118.60    0.04066   0.00030
 1118.70    0.04079   0.00030
 1118.80    0.04091   0.00031
 1118.90    0.04103   0.00031
 1119.00    0.04115   0.00031
 1119.10    0.04128   0.00031
 1119.20    0.04140   0.00031
 1119.30    0.04152   0.00031
 1119.40    0.04165   0.00031
 1119.50    0.04177   0.00032
 1119.60    0.04189   0.00032
 1119.70    0.04202   0.00032
 1119.80    0.04214   0.00032
 1119.90    0.04227   0.00032
 1120.00    0.04239   0.00032
 1120.10    0.04252   0.00033
 1120.20    0.04264   0.00033
 1120.30    0.04277   0.00033
 1120.40    0.04289   0.00033
 1120.50    0.04302   0.00033
 1120.60    0.04314   0.00033
 1120.70    0.04327   0.00034
 1120.80    0.04339   0.00034
 1120.90    0.04352   0.00034
 1121.00    0.04365   0.00034
 1121.10    0.04377   0.00034
 1121.20    0.04390   0.00034
 1121.30    0.04403   0.00035
 1121.40    0.04415   0.00035
 1121.50    0.04428   0.00035
 1121.60    0.04441   0.00035
 1121.70    0.04453   0.00035
 1121.80    0.04466   0.00035
 1121.90    0.04479   0.00036
 1122.00    0.04492   0.00036
 1122.10    0.04504   0.00036
 1122.20    0.04517   0.00036
 1122.30    0.04530   0.00036
 1122.40    0.04543   0.00036
 1122.50    0.04556   0.00037
 1122.60    0.04569   0.00037
 1122.70    0.04581   0.00037
 1122.80    0.04594   0.00037
 1122.90    0.04607   0.00037
 1123.00    0.04620   0.00037
 1123.10    0.04633   0.00038
 1123.20    0.04646   0.00038
 1123.30    0.04659   0.00038
 1123.40    0.04672   0.00038
 1123.50    0.04685   0.00038
 1123.60    0.04698   0.00039
 1123.70    0.04711   0.00039
 1123.80    0.04724   0.00039
 1123.90    0.04737   0.00039
 1124.00    0.04750   0.00039
 1124.10    0.04764   0.00039
 1124.20    0.04777   0.00040
 1124.30    0.04790   0.00040
 1124.40    0.04803   0.00040
 1124.50    0.04816   0.00040
 1124.60    0.04829   0.00040
 1124.70    0.04843   0.00041
 1124.80    0.04856   0.00041
 1124.90    0.04869   0.00041
 1125.00    0.04882   0.00041
 1125.10    0.04896   0.00041
 1125.20    0.04909   0.00041
 1125.30    0.04922   0.00042
 1125.40    0.04935   0.00042
 1125.50    0.04949   0.00042
 1125.60    0.04962   0.00042
 1125.70    0.04976   0.00042
 1125.80    0.04989   0.00043
 1125.90    0.05002   0.00043
 1126.00    0.05016   0.00043
 1126.10    0.05029   0.00043
 1126.20    0.05043   0.00043
 1126.30    0.05056   0.00044
 1126.40    0.05070   0.00044
 1126.50    0.05083   0.00044
 1126.60    0.05097   0.00044
 1126.70    0.05110   0.00044
 1126.80    0.05124   0.00045
 1126.90    0.05137   0.00045
 1127.00    0.05151   0.00045
 1127.10    0.05164   0.00045
 1127.20    0.05178   0.00045
 1127.30    0.05192   0.00046
 1127.40    0.05205   0.00046
 1127.50    0.05219   0.00046
 1127.60    0.05233   0.00046
 1127.70    0.05246   0.00046
 1127.80    0.05260   0.00047
 1127.90    0.05274   0.00047
 1128.00    0.05288   0.00047
 1128.10    0.05301   0.00047
 1128.20    0.05315   0.00048
 1128.30    0.05329   0.00048
 1128.40    0.05343   0.00048
 1128.50    0.05357   0.00048
 1128.60    0.05370   0.00048
 1128.70    0.05384   0.00049
 1128.80    0.05398   0.00049
 1128.90    0.05412   0.00049
 1129.00    0.05426   0.00049
 1129.10    0.05440   0.00049
 1129.20    0.05454   0.00050
 1129.30    0.05468   0.00050
 1129.40    0.05482   0.00050
 1129.50    0.05496   0.00050
 1129.60    0.05510   0.00051
 1129.70    0.05524   0.00051
 1129.80    0.05538   0.00051
 1129.90    0.05552   0.00051
 1130.00    0.05566   0.00051
 1130.10    0.05580   0.00052
 1130.20    0.05594   0.00052
 1130.30    0.05608   0.00052
 1130.40    0.05622   0.00052
 1130.50    0.05637   0.00053
 1130.60    0.05651   0.00053
 1130.70    0.05665   0.00053
 1130.80    0.05679   0.00053
 1130.90    0.05693   0.00054
 1131.00    0.05708   0.00054
 1131.10    0.05722   0.00054
 1131.20    0.05736   0.00054
 1131.30    0.05750   0.00054
 1131.40    0.05765   0.00055
 1131.50    0.05779   0.00055
 1131.60    0.05793   0.00055
 1131.70    0.05808   0.00055
 1131.80    0.05822   0.00056
 1131.90    0.05837   0.00056
 1132.00    0.05851   0.00056
 1132.10    0.05865   0.00056
 1132.20    0.05880   0.00057
 1132.30    0.05894   0.00057
 1132.40    0.05909   0.00057
 1132.50    0.05923   0.00057
 1132.60    0.05938   0.00058
 1132.70    0.05952   0.00058
 1132.80    0.05967   0.00058
 1132.90    0.05981   0.00058
 1133.00    0.05996   0.00059
 1133.10    0.06011   0.00059
 1133.20    0.06025   0.00059
 1133.30    0.06040   0.00059
 1133.40    0.06055   0.00060
 1133.50    0.06069   0.00060
 1133.60    0.06084   0.00060
 1133.70    0.06099   0.00060
 1133.80    0.06113   0.00061
 1133.90    0.06128   0.00061
 1134.00    0.06143   0.00061
 1134.10    0.06158   0.00061
 1134.20    0.06172   0.00062
 1134.30    0.06187   0.00062
 1134.40    0.06202   0.00062
 1134.50    0.06217   0.00062
 1134.60    0.06232   0.00063
 1134.70    0.06247   0.00063
 1134.80    0.06261   0.00063
 1134.90    0.06276   0.00063
 1135.00    0.06291   0.00064
 1135.10    0.06306   0.00064
 1135.20    0.06321   0.00064
 1135.30    0.06336   0.00065
 1135.40    0.06351   0.00065
 1135.50    0.06366   0.00065
 1135.60    0.06381   0.00065
 1135.70    0.06396   0.00066
 1135.80    0.06411   0.00066
 1135.90    0.06426   0.00066
 1136.00    0.06441   0.00066
 1136.10    0.06456   0.00067
 1136.20    0.06472   0.00067
 1136.30    0.06487   0.00067
 1136.40    0.06502   0.00068
 1136.50    0.06517   0.00068
 1136.60    0.06532   0.00068
 1136.70    0.06547   0.00068
 1136.80    0.06563   0.00069
 1136.90    0.06578   0.00069
 1137.00    0.06593   0.00069
 1137.10    0.06608   0.00069
 1137.20    0.06624   0.00070
 1137.30    0.06639   0.00070
 1137.40    0.06654   0.00070
 1137.50    0.06670   0.00071
 1137.60    0.06685   0.00071
 1137.70    0.06700   0.00071
 1137.80    0.06716   0.00071
 1137.90    0.06731   0.00072
 1138.00    0.06747   0.00072
 1138.10    0.06762   0.00072
 1138.20    0.06778   0.00073
 1138.30    0.06793   0.00073
 1138.40    0.06809   0.00073
 1138.50    0.06824   0.00074
 1138.60    0.06840   0.00074
 1138.70    0.06855   0.00074
 1138.80    0.06871   0.00074
 1138.90    0.06886   0.00075
 1139.00    0.06902   0.00075
 1139.10    0.06918   0.00075
 1139.20    0.06933   0.00076
 1139.30    0.06949   0.00076
 1139.40    0.06964   0.00076
 1139.50    0.06980   0.00077
 1139.60    0.06996   0.00077
 1139.70    0.07012   0.00077
 1139.80    0.07027   0.00077
 1139.90    0.07043   0.00078
 1140.00    0.07059   0.00078
 1140.10    0.07075   0.00078
 1140.20    0.07090   0.00079
 1140.30    0.07106   0.00079
 1140.40    0.07122   0.00079
 1140.50    0.07138   0.00080
 1140.60    0.07154   0.00080
 1140.70    0.07170   0.00080
 1140.80    0.07186   0.00081
 1140.90    0.07202   0.00081
 1141.00    0.07218   0.00081
 1141.10    0.07234   0.00082
 1141.20    0.07249   0.00082
 1141.30    0.07265   0.00082
 1141.40    0.07282   0.00083
 1141.50    0.07298   0.00083
 1141.60    0.07314   0.00083
 1141.70    0.07330   0.00084
 1141.80    0.07346   0.00084
 1141.90    0.07362   0.00084
 1142.00    0.07378   0.00085
 1142.10    0.07394   0.00085
 1142.20    0.07410   0.00085
 1142.30    0.07426   0.00086
 1142.40    0.07443   0.00086
 1142.50    0.07459   0.00086
 1142.60    0.07475   0.00087
 1142.70    0.07491   0.00087
 1142.80    0.07508   0.00087
 1142.90    0.07524   0.00088
 1143.00    0.07540   0.00088
 1143.10    0.07556   0.00088
 1143.20    0.07573   0.00089
 1143.30    0.07589   0.00089
 1143.40    0.07606   0.00089
 1143.50    0.07622   0.00090
 1143.60    0.07638   0.00090
 1143.70    0.07655   0.00090
 1143.80    0.07671   0.00091
 1143.90    0.07688   0.00091
 1144.00    0.07704   0.00091
 1144.10    0.07721   0.00092
 1144.20    0.07737   0.00092
 1144.30    0.07754   0.00092
 1144.40    0.07770   0.00093
 1144.50    0.07787   0.00093
 1144.60    0.07803   0.00093
 1144.70    0.07820   0.00094
 1144.80    0.07836   0.00094
 1144.90    0.07853   0.00095
 1145.00    0.07870   0.00095
 1145.10    0.07886   0.00095
 1145.20    0.07903   0.00096
 1145.30    0.07920   0.00096
 1145.40    0.07937   0.00096
 1145.50    0.07953   0.00097
 1145.60    0.07970   0.00097
 1145.70    0.07987   0.00097
 1145.80    0.08004   0.00098
 1145.90    0.08020   0.00098
 1146.00    0.08037   0.00099
 1146.10    0.08054   0.00099
 1146.20    0.08071   0.00099
 1146.30    0.08088   0.00100
 1146.40    0.08105   0.00100
 1146.50    0.08122   0.00100
 1146.60    0.08139   0.00101
 1146.70    0.08155   0.00101
 1146.80    0.08172   0.00102
 1146.90    0.08189   0.00102
 1147.00    0.08206   0.00102
 1147.10    0.08223   0.00103
 1147.20    0.08240   0.00103
 1147.30    0.08258   0.00104
 1147.40    0.08275   0.00104
 1147.50    0.08292   0.00104
 1147.60    0.08309   0.00105
 1147.70    0.08326   0.00105
 1147.80    0.08343   0.00105
 1147.90    0.08360   0.00106
 1148.00    0.08377   0.00106
 1148.10    0.08395   0.00107
 1148.20    0.08412   0.00107
 1148.30    0.08429   0.00107
 1148.40    0.08446   0.00108
 1148.50    0.08464   0.00108
 1148.60    0.08481   0.00109
 1148.70    0.08498   0.00109
 1148.80    0.08515   0.00109
 1148.90    0.08533   0.00110
 1149.00    0.08550   0.00110
 1149.10    0.08568   0.00111
 1149.20    0.08585   0.00111
 1149.30    0.08602   0.00112
 1149.40    0.08620   0.00112
 1149.50    0.08637   0.00112
 1149.60    0.08655   0.00113
 1149.70    0.08672   0.00113
 1149.80    0.08690   0.00114
 1149.90    0.08707   0.00114
 1150.00    0.08725   0.00114
 1150.10    0.08742   0.00115
 1150.20    0.08760   0.00115
 1150.30    0.08777   0.00116
 1150.40    0.08795   0.00116
 1150.50    0.08813   0.00117
 1150.60    0.08830   0.00117
 1150.70    0.08848   0.00117
 1150.80    0.08866   0.00118
 1150.90    0.08883   0.00118
 1151.00    0.08901   0.00119
 1151.10    0.08919   0.00119
 1151.20    0.08937   0.00120
 1151.30    0.08954   0.00120
 1151.40    0.08972   0.00120
 1151.50    0.08990   0.00121
 1151.60    0.09008   0.00121
 1151.70    0.09026   0.00122
 1151.80    0.09043   0.00122
 1151.90    0.09061   0.00123
 1152.00    0.09079   0.00123
 1152.10    0.09097   0.00124
 1152.20    0.09115   0.00124
 1152.30    0.09133   0.00124
 1152.40    0.09151   0.00125
 1152.50    0.09169   0.00125
 1152.60    0.09187   0.00126
 1152.70    0.09205   0.00126
 1152.80    0.09223   0.00127
 1152.90    0.09241   0.00127
 1153.00    0.09259   0.00128
 1153.10    0.09277   0.00128
 1153.20    0.09295   0.00129
 1153.30    0.09314   0.00129
 1153.40    0.09332   0.00129
 1153.50    0.09350   0.00130
 1153.60    0.09368   0.00130
 1153.70    0.09386   0.00131
 1153.80    0.09404   0.00131
 1153.90    0.09423   0.00132
 1154.00    0.09441   0.00132
 1154.10    0.09459   0.00133
 1154.20    0.09478   0.00133
 1154.30    0.09496   0.00134
 1154.40    0.09514   0.00134
 1154.50    0.09533   0.00135
 1154.60    0.09551   0.00135
 1154.70    0.09569   0.00136
 1154.80    0.09588   0.00136
 1154.90    0.09606   0.00137
 1155.00    0.09625   0.00137
 1155.10    0.09643   0.00138
 1155.20    0.09662   0.00138
 1155.30    0.09680   0.00138
 1155.40    0.09699   0.00139
 1155.50    0.09717   0.00139
 1155.60    0.09736   0.00140
 1155.70    0.09754   0.00140
 1155.80    0.09773   0.00141
 1155.90    0.09791   0.00141
 1156.00    0.09810   0.00142
 1156.10    0.09829   0.00142
 1156.20    0.09847   0.00143
 1156.30    0.09866   0.00143
 1156.40    0.09885   0.00144
 1156.50    0.09903   0.00144
 1156.60    0.09922   0.00145
 1156.70    0.09941   0.00145
 1156.80    0.09960   0.00146
 1156.90    0.09978   0.00146
 1157.00    0.09997   0.00147
 1157.10    0.10016   0.00148
 1157.20    0.10035   0.00148
 1157.30    0.10054   0.00149
 1157.40    0.10073   0.00149
 1157.50    0.10092   0.00150
 1157.60    0.10110   0.00150
 1157.70    0.10129   0.00151
 1157.80    0.10148   0.00151
 1157.90    0.10167   0.00152
 1158.00    0.10186   0.00152
 1158.10    0.10205   0.00153
 1158.20    0.10224   0.00153
 1158.30    0.10243   0.00154
 1158.40    0.10262   0.00154
 1158.50    0.10282   0.00155
 1158.60    0.10301   0.00155
 1158.70    0.10320   0.00156
 1158.80    0.10339   0.00156
 1158.90    0.10358   0.00157
 1159.00    0.10377   0.00158
 1159.10    0.10396   0.00158
 1159.20    0.10416   0.00159
 1159.30    0.10435   0.00159
 1159.40    0.10454   0.00160
 1159.50    0.10473   0.00160
 1159.60    0.10493   0.00161
 1159.70    0.10512   0.00161
 1159.80    0.10531   0.00162
 1159.90    0.10551   0.00162
 1160.00    0.10570   0.00163
 1160.10    0.10589   0.00164
 1160.20    0.10609   0.00164
 1160.30    0.10628   0.00165
 1160.40    0.10648   0.00165
 1160.50    0.10667   0.00166
 1160.60    0.10687   0.00166
 1160.70    0.10706   0.00167
 1160.80    0.10726   0.00168
 1160.90    0.10745   0.00168
 1161.00    0.10765   0.00169
 1161.10    0.10784   0.00169
 1161.20    0.10804   0.00170
 1161.30    0.10823   0.00170
 1161.40    0.10843   0.00171
 1161.50    0.10863   0.00172
 1161.60    0.10882   0.00172
 1161.70    0.10902   0.00173
 1161.80    0.10922   0.00173
 1161.90    0.10941   0.00174
 1162.00    0.10961   0.00174
 1162.10    0.10981   0.00175
 1162.20    0.11001   0.00176
 1162.30    0.11020   0.00176
 1162.40    0.11040   0.00177
 1162.50    0.11060   0.00177
 1162.60    0.11080   0.00178
 1162.70    0.11100   0.00179
 1162.80    0.11120   0.00179
 1162.90    0.11140   0.00180
 1163.00    0.11159   0.00180
 1163.10    0.11179   0.00181
 1163.20    0.11199   0.00182
 1163.30    0.11219   0.00182
 1163.40    0.11239   0.00183
 1163.50    0.11259   0.00183
 1163.60    0.11279   0.00184
 1163.70    0.11299   0.00185
 1163.80    0.11320   0.00185
 1163.90    0.11340   0.00186
 1164.00    0.11360   0.00187
 1164.10    0.11380   0.00187
 1164.20    0.11400   0.00188
 1164.30    0.11420   0.00188
 1164.40    0.11440   0.00189
 1164.50    0.11461   0.00190
 1164.60    0.11481   0.00190
 1164.70    0.11501   0.00191
 1164.80    0.11521   0.00192
 1164.90    0.11541   0.00192
 1165.00    0.11562   0.00193
 1165.10    0.11582   0.00193
 1165.20    0.11602   0.00194
 1165.30    0.11623   0.00195
 1165.40    0.11643   0.00195
 1165.50    0.11664   0.00196
 1165.60    0.11684   0.00197
 1165.70    0.11704   0.00197
 1165.80    0.11725   0.00198
 1165.90    0.11745   0.00199
 1166.00    0.11766   0.00199
 1166.10    0.11786   0.00200
 1166.20    0.11807   0.00201
 1166.30    0.11827   0.00201
 1166.40    0.11848   0.00202
 1166.50    0.11868   0.00203
 1166.60    0.11889   0.00203
 1166.70    0.11910   0.00204
 1166.80    0.11930   0.00205
 1166.90    0.11951   0.00205
 1167.00    0.11972   0.00206
 1167.10    0.11992   0.00207
 1167.20    0.12013   0.00207
 1167.30    0.12034   0.00208
 1167.40    0.12055   0.00209
 1167.50    0.12075   0.00209
 1167.60    0.12096   0.00210
 1167.70    0.12117   0.00211
 1167.80    0.12138   0.00211
 1167.90    0.12159   0.00212
 1168.00    0.12179   0.00213
 1168.10    0.12200   0.00213
 1168.20    0.12221   0.00214
 1168.30    0.12242   0.00215
 1168.40    0.12263   0.00215
 1168.50    0.12284   0.00216
 1168.60    0.12305   0.00217
 1168.70    0.12326   0.00218
 1168.80    0.12347   0.00218
 1168.90    0.12368   0.00219
 1169.00    0.12389   0.00220
 1169.10    0.12410   0.00220
 1169.20    0.12431   0.00221
 1169.30    0.12452   0.00222
 1169.40    0.12473   0.00223
 1169.50    0.12495   0.00223
 1169.60    0.12516   0.00224
 1169.70    0.12537   0.00225
 1169.80    0.12558   0.00225
 1169.90    0.12579   0.00226
 1170.00    0.12601   0.00227
 1170.10    0.12622   0.00228
 1170.20    0.12643   0.00228
 1170.30    0.12664   0.00229
 1170.40    0.12686   0.00230
 1170.50    0.12707   0.00231
 1170.60    0.12728   0.00231
 1170.70    0.12750   0.00232
 1170.80    0.12771   0.00233
 1170.90    0.12793   0.00233
 1171.00    0.12814   0.00234
 1171.10    0.12836   0.00235
 1171.20    0.12857   0.00236
 1171.30    0.12879   0.00236
 1171.40    0.12900   0.00237
 1171.50    0.12922   0.00238
 1171.60    0.12943   0.00239
 1171.70    0.12965   0.00240
 1171.80    0.12986   0.00240
 1171.90    0.13008   0.00241
 1172.00    0.13030   0.00242
 1172.10    0.13051   0.00243
 1172.20    0.13073   0.00243
 1172.30    0.13095   0.00244
 1172.40    0.13116   0.00245
 1172.50    0.13138   0.00246
 1172.60    0.13160   0.00246
 1172.70    0.13181   0.00247
 1172.80    0.13203   0.00248
 1172.90    0.13225   0.00249
 1173.00    0.13247   0.00250
 1173.10    0.13269   0.00250
 1173.20    0.13291   0.00251
