   W          M2+(pi0_p)
 (MeV)       Re        Im
 1073.30   -0.00007   0.00000
 1073.40   -0.00018   0.00000
 1073.50   -0.00029   0.00000
 1073.60   -0.00040   0.00000
 1073.70   -0.00052   0.00000
 1073.80   -0.00063   0.00000
 1073.90   -0.00074   0.00000
 1074.00   -0.00085   0.00000
 1074.10   -0.00096   0.00000
 1074.20   -0.00107   0.00000
 1074.30   -0.00118   0.00000
 1074.40   -0.00130   0.00000
 1074.50   -0.00141   0.00000
 1074.60   -0.00152   0.00000
 1074.70   -0.00163   0.00000
 1074.80   -0.00174   0.00000
 1074.90   -0.00186   0.00000
 1075.00   -0.00197   0.00000
 1075.10   -0.00208   0.00000
 1075.20   -0.00219   0.00000
 1075.30   -0.00230   0.00000
 1075.40   -0.00242   0.00000
 1075.50   -0.00253   0.00000
 1075.60   -0.00264   0.00000
 1075.70   -0.00275   0.00000
 1075.80   -0.00287   0.00000
 1075.90   -0.00298   0.00000
 1076.00   -0.00309   0.00000
 1076.10   -0.00320   0.00000
 1076.20   -0.00332   0.00000
 1076.30   -0.00343   0.00000
 1076.40   -0.00354   0.00000
 1076.50   -0.00365   0.00000
 1076.60   -0.00377   0.00000
 1076.70   -0.00388   0.00000
 1076.80   -0.00399   0.00000
 1076.90   -0.00410   0.00000
 1077.00   -0.00422   0.00000
 1077.10   -0.00433   0.00000
 1077.20   -0.00444   0.00000
 1077.30   -0.00456   0.00000
 1077.40   -0.00467   0.00000
 1077.50   -0.00478   0.00000
 1077.60   -0.00490   0.00000
 1077.70   -0.00501   0.00000
 1077.80   -0.00512   0.00000
 1077.90   -0.00524   0.00000
 1078.00   -0.00535   0.00000
 1078.10   -0.00546   0.00000
 1078.20   -0.00558   0.00000
 1078.30   -0.00569   0.00000
 1078.40   -0.00580   0.00000
 1078.50   -0.00592   0.00000
 1078.60   -0.00603   0.00000
 1078.70   -0.00614   0.00000
 1078.80   -0.00626   0.00000
 1078.90   -0.00637   0.00000
 1079.00   -0.00649   0.00000
 1079.10   -0.00660   0.00000
 1079.20   -0.00671   0.00000
 1079.30   -0.00683   0.00000
 1079.40   -0.00694   0.00000
 1079.50   -0.00706   0.00000
 1079.60   -0.00717   0.00000
 1079.70   -0.00728   0.00000
 1079.80   -0.00740   0.00000
 1079.90   -0.00751   0.00000
 1080.00   -0.00763   0.00000
 1080.10   -0.00774   0.00000
 1080.20   -0.00785   0.00000
 1080.30   -0.00797   0.00000
 1080.40   -0.00808   0.00000
 1080.50   -0.00820   0.00000
 1080.60   -0.00831   0.00000
 1080.70   -0.00843   0.00000
 1080.80   -0.00854   0.00000
 1080.90   -0.00866   0.00000
 1081.00   -0.00877   0.00000
 1081.10   -0.00889   0.00000
 1081.20   -0.00900   0.00000
 1081.30   -0.00912   0.00000
 1081.40   -0.00923   0.00000
 1081.50   -0.00935   0.00000
 1081.60   -0.00946   0.00000
 1081.70   -0.00958   0.00000
 1081.80   -0.00969   0.00000
 1081.90   -0.00981   0.00000
 1082.00   -0.00992   0.00000
 1082.10   -0.01004   0.00000
 1082.20   -0.01015   0.00000
 1082.30   -0.01027   0.00000
 1082.40   -0.01038   0.00000
 1082.50   -0.01050   0.00000
 1082.60   -0.01061   0.00000
 1082.70   -0.01073   0.00000
 1082.80   -0.01085   0.00000
 1082.90   -0.01096   0.00000
 1083.00   -0.01108   0.00000
 1083.10   -0.01119   0.00000
 1083.20   -0.01131   0.00000
 1083.30   -0.01142   0.00000
 1083.40   -0.01154   0.00000
 1083.50   -0.01166   0.00000
 1083.60   -0.01177   0.00000
 1083.70   -0.01189   0.00000
 1083.80   -0.01200   0.00000
 1083.90   -0.01212   0.00000
 1084.00   -0.01224   0.00000
 1084.10   -0.01235   0.00000
 1084.20   -0.01247   0.00000
 1084.30   -0.01258   0.00000
 1084.40   -0.01270   0.00000
 1084.50   -0.01282   0.00000
 1084.60   -0.01293   0.00000
 1084.70   -0.01305   0.00000
 1084.80   -0.01317   0.00000
 1084.90   -0.01328   0.00000
 1085.00   -0.01340   0.00000
 1085.10   -0.01352   0.00000
 1085.20   -0.01363   0.00000
 1085.30   -0.01375   0.00000
 1085.40   -0.01387   0.00000
 1085.50   -0.01398   0.00000
 1085.60   -0.01410   0.00000
 1085.70   -0.01422   0.00000
 1085.80   -0.01433   0.00000
 1085.90   -0.01445   0.00000
 1086.00   -0.01457   0.00000
 1086.10   -0.01468   0.00000
 1086.20   -0.01480   0.00000
 1086.30   -0.01492   0.00000
 1086.40   -0.01504   0.00000
 1086.50   -0.01515   0.00000
 1086.60   -0.01527   0.00000
 1086.70   -0.01539   0.00000
 1086.80   -0.01550   0.00000
 1086.90   -0.01562   0.00000
 1087.00   -0.01574   0.00000
 1087.10   -0.01586   0.00000
 1087.20   -0.01597   0.00000
 1087.30   -0.01609   0.00000
 1087.40   -0.01621   0.00000
 1087.50   -0.01633   0.00000
 1087.60   -0.01645   0.00000
 1087.70   -0.01656   0.00000
 1087.80   -0.01668   0.00000
 1087.90   -0.01680   0.00000
 1088.00   -0.01692   0.00000
 1088.10   -0.01703   0.00000
 1088.20   -0.01715   0.00000
 1088.30   -0.01727   0.00000
 1088.40   -0.01739   0.00000
 1088.50   -0.01751   0.00000
 1088.60   -0.01763   0.00000
 1088.70   -0.01774   0.00000
 1088.80   -0.01786   0.00000
 1088.90   -0.01798   0.00000
 1089.00   -0.01810   0.00000
 1089.10   -0.01822   0.00000
 1089.20   -0.01833   0.00000
 1089.30   -0.01845   0.00000
 1089.40   -0.01857   0.00000
 1089.50   -0.01869   0.00000
 1089.60   -0.01881   0.00000
 1089.70   -0.01893   0.00000
 1089.80   -0.01905   0.00000
 1089.90   -0.01916   0.00000
 1090.00   -0.01928   0.00000
 1090.10   -0.01940   0.00000
 1090.20   -0.01952   0.00000
 1090.30   -0.01964   0.00000
 1090.40   -0.01976   0.00000
 1090.50   -0.01988   0.00000
 1090.60   -0.02000   0.00000
 1090.70   -0.02012   0.00000
 1090.80   -0.02024   0.00000
 1090.90   -0.02035   0.00000
 1091.00   -0.02047   0.00000
 1091.10   -0.02059   0.00000
 1091.20   -0.02071   0.00000
 1091.30   -0.02083   0.00000
 1091.40   -0.02095   0.00000
 1091.50   -0.02107   0.00000
 1091.60   -0.02119   0.00000
 1091.70   -0.02131   0.00000
 1091.80   -0.02143   0.00000
 1091.90   -0.02155   0.00000
 1092.00   -0.02167   0.00000
 1092.10   -0.02179   0.00000
 1092.20   -0.02191   0.00000
 1092.30   -0.02203   0.00000
 1092.40   -0.02215   0.00000
 1092.50   -0.02227   0.00000
 1092.60   -0.02239   0.00000
 1092.70   -0.02251   0.00000
 1092.80   -0.02263   0.00000
 1092.90   -0.02275   0.00000
 1093.00   -0.02287   0.00000
 1093.10   -0.02299   0.00000
 1093.20   -0.02311   0.00000
 1093.30   -0.02323   0.00000
 1093.40   -0.02335   0.00000
 1093.50   -0.02347   0.00000
 1093.60   -0.02359   0.00000
 1093.70   -0.02371   0.00000
 1093.80   -0.02383   0.00000
 1093.90   -0.02395   0.00000
 1094.00   -0.02407   0.00000
 1094.10   -0.02419   0.00000
 1094.20   -0.02431   0.00000
 1094.30   -0.02443   0.00000
 1094.40   -0.02455   0.00000
 1094.50   -0.02467   0.00000
 1094.60   -0.02479   0.00000
 1094.70   -0.02491   0.00000
 1094.80   -0.02503   0.00000
 1094.90   -0.02516   0.00000
 1095.00   -0.02528   0.00000
 1095.10   -0.02540   0.00000
 1095.20   -0.02552   0.00000
 1095.30   -0.02564   0.00000
 1095.40   -0.02576   0.00000
 1095.50   -0.02588   0.00000
 1095.60   -0.02600   0.00000
 1095.70   -0.02612   0.00000
 1095.80   -0.02624   0.00000
 1095.90   -0.02637   0.00000
 1096.00   -0.02649   0.00000
 1096.10   -0.02661   0.00000
 1096.20   -0.02673   0.00000
 1096.30   -0.02685   0.00000
 1096.40   -0.02697   0.00000
 1096.50   -0.02709   0.00000
 1096.60   -0.02722   0.00000
 1096.70   -0.02734   0.00000
 1096.80   -0.02746   0.00000
 1096.90   -0.02758   0.00000
 1097.00   -0.02770   0.00000
 1097.10   -0.02782   0.00000
 1097.20   -0.02795   0.00000
 1097.30   -0.02807   0.00000
 1097.40   -0.02819   0.00000
 1097.50   -0.02831   0.00000
 1097.60   -0.02843   0.00000
 1097.70   -0.02856   0.00000
 1097.80   -0.02868   0.00000
 1097.90   -0.02880   0.00000
 1098.00   -0.02892   0.00000
 1098.10   -0.02904   0.00000
 1098.20   -0.02917   0.00000
 1098.30   -0.02929   0.00000
 1098.40   -0.02941   0.00000
 1098.50   -0.02953   0.00000
 1098.60   -0.02966   0.00000
 1098.70   -0.02978   0.00000
 1098.80   -0.02990   0.00000
 1098.90   -0.03002   0.00000
 1099.00   -0.03015   0.00000
 1099.10   -0.03027   0.00000
 1099.20   -0.03039   0.00000
 1099.30   -0.03051   0.00000
 1099.40   -0.03064   0.00000
 1099.50   -0.03076   0.00000
 1099.60   -0.03088   0.00000
 1099.70   -0.03101   0.00000
 1099.80   -0.03113   0.00000
 1099.90   -0.03125   0.00000
 1100.00   -0.03137   0.00000
 1100.10   -0.03150   0.00000
 1100.20   -0.03162   0.00000
 1100.30   -0.03174   0.00000
 1100.40   -0.03187   0.00000
 1100.50   -0.03199   0.00000
 1100.60   -0.03211   0.00000
 1100.70   -0.03224   0.00000
 1100.80   -0.03236   0.00000
 1100.90   -0.03248   0.00000
 1101.00   -0.03261   0.00000
 1101.10   -0.03273   0.00000
 1101.20   -0.03285   0.00000
 1101.30   -0.03298   0.00000
 1101.40   -0.03310   0.00000
 1101.50   -0.03322   0.00000
 1101.60   -0.03335   0.00000
 1101.70   -0.03347   0.00000
 1101.80   -0.03359   0.00000
 1101.90   -0.03372   0.00000
 1102.00   -0.03384   0.00000
 1102.10   -0.03397   0.00000
 1102.20   -0.03409   0.00000
 1102.30   -0.03421   0.00000
 1102.40   -0.03434   0.00000
 1102.50   -0.03446   0.00000
 1102.60   -0.03458   0.00000
 1102.70   -0.03471   0.00000
 1102.80   -0.03483   0.00000
 1102.90   -0.03496   0.00000
 1103.00   -0.03508   0.00000
 1103.10   -0.03521   0.00000
 1103.20   -0.03533   0.00000
 1103.30   -0.03545   0.00000
 1103.40   -0.03558   0.00000
 1103.50   -0.03570   0.00000
 1103.60   -0.03583   0.00000
 1103.70   -0.03595   0.00000
 1103.80   -0.03608   0.00000
 1103.90   -0.03620   0.00000
 1104.00   -0.03633   0.00000
 1104.10   -0.03645   0.00000
 1104.20   -0.03657   0.00000
 1104.30   -0.03670   0.00000
 1104.40   -0.03682   0.00000
 1104.50   -0.03695   0.00000
 1104.60   -0.03707   0.00000
 1104.70   -0.03720   0.00000
 1104.80   -0.03732   0.00000
 1104.90   -0.03745   0.00000
 1105.00   -0.03757   0.00000
 1105.10   -0.03770   0.00000
 1105.20   -0.03782   0.00000
 1105.30   -0.03795   0.00000
 1105.40   -0.03807   0.00000
 1105.50   -0.03820   0.00000
 1105.60   -0.03832   0.00000
 1105.70   -0.03845   0.00000
 1105.80   -0.03857   0.00000
 1105.90   -0.03870   0.00000
 1106.00   -0.03882   0.00000
 1106.10   -0.03895   0.00000
 1106.20   -0.03908   0.00000
 1106.30   -0.03920   0.00000
 1106.40   -0.03933   0.00000
 1106.50   -0.03945   0.00000
 1106.60   -0.03958   0.00000
 1106.70   -0.03970   0.00000
 1106.80   -0.03983   0.00000
 1106.90   -0.03995   0.00000
 1107.00   -0.04008   0.00000
 1107.10   -0.04021   0.00000
 1107.20   -0.04033   0.00000
 1107.30   -0.04046   0.00000
 1107.40   -0.04058   0.00000
 1107.50   -0.04071   0.00000
 1107.60   -0.04084   0.00000
 1107.70   -0.04096   0.00000
 1107.80   -0.04109   0.00000
 1107.90   -0.04121   0.00000
 1108.00   -0.04134   0.00000
 1108.10   -0.04147   0.00000
 1108.20   -0.04159   0.00000
 1108.30   -0.04172   0.00000
 1108.40   -0.04185   0.00000
 1108.50   -0.04197   0.00000
 1108.60   -0.04210   0.00000
 1108.70   -0.04222   0.00000
 1108.80   -0.04235   0.00000
 1108.90   -0.04248   0.00000
 1109.00   -0.04260   0.00000
 1109.10   -0.04273   0.00000
 1109.20   -0.04286   0.00000
 1109.30   -0.04298   0.00000
 1109.40   -0.04311   0.00000
 1109.50   -0.04324   0.00000
 1109.60   -0.04336   0.00000
 1109.70   -0.04349   0.00000
 1109.80   -0.04362   0.00000
 1109.90   -0.04374   0.00000
 1110.00   -0.04387   0.00000
 1110.10   -0.04400   0.00000
 1110.20   -0.04413   0.00000
 1110.30   -0.04425   0.00000
 1110.40   -0.04438   0.00000
 1110.50   -0.04451   0.00000
 1110.60   -0.04463   0.00000
 1110.70   -0.04476   0.00000
 1110.80   -0.04489   0.00000
 1110.90   -0.04502   0.00000
 1111.00   -0.04514   0.00000
 1111.10   -0.04527   0.00000
 1111.20   -0.04540   0.00000
 1111.30   -0.04552   0.00000
 1111.40   -0.04565   0.00000
 1111.50   -0.04578   0.00000
 1111.60   -0.04591   0.00000
 1111.70   -0.04603   0.00000
 1111.80   -0.04616   0.00000
 1111.90   -0.04629   0.00000
 1112.00   -0.04642   0.00000
 1112.10   -0.04655   0.00000
 1112.20   -0.04667   0.00000
 1112.30   -0.04680   0.00000
 1112.40   -0.04693   0.00000
 1112.50   -0.04706   0.00000
 1112.60   -0.04718   0.00000
 1112.70   -0.04731   0.00000
 1112.80   -0.04744   0.00000
 1112.90   -0.04757   0.00000
 1113.00   -0.04770   0.00000
 1113.10   -0.04782   0.00000
 1113.20   -0.04795   0.00000
 1113.30   -0.04808   0.00000
 1113.40   -0.04821   0.00000
 1113.50   -0.04834   0.00000
 1113.60   -0.04847   0.00000
 1113.70   -0.04859   0.00000
 1113.80   -0.04872   0.00000
 1113.90   -0.04885   0.00000
 1114.00   -0.04898   0.00000
 1114.10   -0.04911   0.00000
 1114.20   -0.04924   0.00000
 1114.30   -0.04936   0.00000
 1114.40   -0.04949   0.00000
 1114.50   -0.04962   0.00000
 1114.60   -0.04975   0.00000
 1114.70   -0.04988   0.00000
 1114.80   -0.05001   0.00000
 1114.90   -0.05014   0.00000
 1115.00   -0.05027   0.00000
 1115.10   -0.05039   0.00000
 1115.20   -0.05052   0.00000
 1115.30   -0.05065   0.00000
 1115.40   -0.05078   0.00000
 1115.50   -0.05091   0.00000
 1115.60   -0.05104   0.00000
 1115.70   -0.05117   0.00000
 1115.80   -0.05130   0.00000
 1115.90   -0.05143   0.00000
 1116.00   -0.05156   0.00000
 1116.10   -0.05168   0.00000
 1116.20   -0.05181   0.00000
 1116.30   -0.05194   0.00000
 1116.40   -0.05207   0.00000
 1116.50   -0.05220   0.00000
 1116.60   -0.05233   0.00000
 1116.70   -0.05246   0.00000
 1116.80   -0.05259   0.00000
 1116.90   -0.05272   0.00000
 1117.00   -0.05285   0.00000
 1117.10   -0.05298   0.00000
 1117.20   -0.05311   0.00000
 1117.30   -0.05324   0.00000
 1117.40   -0.05337   0.00000
 1117.50   -0.05350   0.00000
 1117.60   -0.05363   0.00000
 1117.70   -0.05376   0.00000
 1117.80   -0.05389   0.00000
 1117.90   -0.05402   0.00000
 1118.00   -0.05415   0.00000
 1118.10   -0.05428   0.00000
 1118.20   -0.05441   0.00000
 1118.30   -0.05454   0.00000
 1118.40   -0.05467   0.00000
 1118.50   -0.05480   0.00000
 1118.60   -0.05493   0.00000
 1118.70   -0.05506   0.00000
 1118.80   -0.05519   0.00000
 1118.90   -0.05532   0.00000
 1119.00   -0.05545   0.00000
 1119.10   -0.05558   0.00000
 1119.20   -0.05571   0.00000
 1119.30   -0.05584   0.00000
 1119.40   -0.05597   0.00000
 1119.50   -0.05610   0.00000
 1119.60   -0.05623   0.00000
 1119.70   -0.05636   0.00000
 1119.80   -0.05649   0.00000
 1119.90   -0.05662   0.00000
 1120.00   -0.05675   0.00000
 1120.10   -0.05688   0.00000
 1120.20   -0.05701   0.00000
 1120.30   -0.05714   0.00000
 1120.40   -0.05727   0.00000
 1120.50   -0.05741   0.00000
 1120.60   -0.05754   0.00000
 1120.70   -0.05767   0.00000
 1120.80   -0.05780   0.00000
 1120.90   -0.05793   0.00000
 1121.00   -0.05806   0.00000
 1121.10   -0.05819   0.00000
 1121.20   -0.05832   0.00000
 1121.30   -0.05845   0.00000
 1121.40   -0.05858   0.00000
 1121.50   -0.05872   0.00000
 1121.60   -0.05885   0.00000
 1121.70   -0.05898   0.00000
 1121.80   -0.05911   0.00000
 1121.90   -0.05924   0.00000
 1122.00   -0.05937   0.00000
 1122.10   -0.05950   0.00000
 1122.20   -0.05963   0.00000
 1122.30   -0.05977   0.00000
 1122.40   -0.05990   0.00000
 1122.50   -0.06003   0.00000
 1122.60   -0.06016   0.00000
 1122.70   -0.06029   0.00000
 1122.80   -0.06042   0.00000
 1122.90   -0.06056   0.00000
 1123.00   -0.06069   0.00000
 1123.10   -0.06082   0.00000
 1123.20   -0.06095   0.00000
 1123.30   -0.06108   0.00000
 1123.40   -0.06121   0.00000
 1123.50   -0.06135   0.00000
 1123.60   -0.06148   0.00000
 1123.70   -0.06161   0.00000
 1123.80   -0.06174   0.00000
 1123.90   -0.06187   0.00000
 1124.00   -0.06201   0.00000
 1124.10   -0.06214   0.00000
 1124.20   -0.06227   0.00000
 1124.30   -0.06240   0.00000
 1124.40   -0.06253   0.00000
 1124.50   -0.06267   0.00000
 1124.60   -0.06280   0.00000
 1124.70   -0.06293   0.00000
 1124.80   -0.06306   0.00000
 1124.90   -0.06320   0.00000
 1125.00   -0.06333   0.00000
 1125.10   -0.06346   0.00000
 1125.20   -0.06359   0.00000
 1125.30   -0.06373   0.00000
 1125.40   -0.06386   0.00000
 1125.50   -0.06399   0.00000
 1125.60   -0.06412   0.00000
 1125.70   -0.06426   0.00000
 1125.80   -0.06439   0.00000
 1125.90   -0.06452   0.00000
 1126.00   -0.06465   0.00000
 1126.10   -0.06479   0.00000
 1126.20   -0.06492   0.00000
 1126.30   -0.06505   0.00000
 1126.40   -0.06519   0.00000
 1126.50   -0.06532   0.00000
 1126.60   -0.06545   0.00000
 1126.70   -0.06558   0.00000
 1126.80   -0.06572   0.00000
 1126.90   -0.06585   0.00000
 1127.00   -0.06598   0.00000
 1127.10   -0.06612   0.00000
 1127.20   -0.06625   0.00000
 1127.30   -0.06638   0.00000
 1127.40   -0.06652   0.00000
 1127.50   -0.06665   0.00000
 1127.60   -0.06678   0.00000
 1127.70   -0.06692   0.00000
 1127.80   -0.06705   0.00000
 1127.90   -0.06718   0.00000
 1128.00   -0.06732   0.00000
 1128.10   -0.06745   0.00000
 1128.20   -0.06758   0.00000
 1128.30   -0.06772   0.00000
 1128.40   -0.06785   0.00000
 1128.50   -0.06798   0.00000
 1128.60   -0.06812   0.00000
 1128.70   -0.06825   0.00000
 1128.80   -0.06838   0.00000
 1128.90   -0.06852   0.00000
 1129.00   -0.06865   0.00000
 1129.10   -0.06879   0.00000
 1129.20   -0.06892   0.00000
 1129.30   -0.06905   0.00000
 1129.40   -0.06919   0.00000
 1129.50   -0.06932   0.00000
 1129.60   -0.06946   0.00000
 1129.70   -0.06959   0.00000
 1129.80   -0.06972   0.00000
 1129.90   -0.06986   0.00000
 1130.00   -0.06999   0.00000
 1130.10   -0.07013   0.00000
 1130.20   -0.07026   0.00000
 1130.30   -0.07039   0.00000
 1130.40   -0.07053   0.00000
 1130.50   -0.07066   0.00000
 1130.60   -0.07080   0.00000
 1130.70   -0.07093   0.00000
 1130.80   -0.07107   0.00000
 1130.90   -0.07120   0.00000
 1131.00   -0.07133   0.00000
 1131.10   -0.07147   0.00000
 1131.20   -0.07160   0.00000
 1131.30   -0.07174   0.00000
 1131.40   -0.07187   0.00000
 1131.50   -0.07201   0.00000
 1131.60   -0.07214   0.00000
 1131.70   -0.07228   0.00000
 1131.80   -0.07241   0.00000
 1131.90   -0.07255   0.00000
 1132.00   -0.07268   0.00000
 1132.10   -0.07282   0.00000
 1132.20   -0.07295   0.00000
 1132.30   -0.07309   0.00000
 1132.40   -0.07322   0.00000
 1132.50   -0.07336   0.00000
 1132.60   -0.07349   0.00000
 1132.70   -0.07363   0.00000
 1132.80   -0.07376   0.00000
 1132.90   -0.07390   0.00000
 1133.00   -0.07403   0.00000
 1133.10   -0.07417   0.00000
 1133.20   -0.07430   0.00000
 1133.30   -0.07444   0.00000
 1133.40   -0.07457   0.00000
 1133.50   -0.07471   0.00000
 1133.60   -0.07484   0.00000
 1133.70   -0.07498   0.00000
 1133.80   -0.07511   0.00000
 1133.90   -0.07525   0.00000
 1134.00   -0.07538   0.00000
 1134.10   -0.07552   0.00000
 1134.20   -0.07565   0.00000
 1134.30   -0.07579   0.00000
 1134.40   -0.07593   0.00000
 1134.50   -0.07606   0.00000
 1134.60   -0.07620   0.00000
 1134.70   -0.07633   0.00000
 1134.80   -0.07647   0.00000
 1134.90   -0.07660   0.00000
 1135.00   -0.07674   0.00000
 1135.10   -0.07688   0.00000
 1135.20   -0.07701   0.00000
 1135.30   -0.07715   0.00000
 1135.40   -0.07728   0.00000
 1135.50   -0.07742   0.00000
 1135.60   -0.07756   0.00000
 1135.70   -0.07769   0.00000
 1135.80   -0.07783   0.00000
 1135.90   -0.07796   0.00000
 1136.00   -0.07810   0.00000
 1136.10   -0.07824   0.00000
 1136.20   -0.07837   0.00000
 1136.30   -0.07851   0.00000
 1136.40   -0.07864   0.00000
 1136.50   -0.07878   0.00000
 1136.60   -0.07892   0.00000
 1136.70   -0.07905   0.00000
 1136.80   -0.07919   0.00000
 1136.90   -0.07933   0.00000
 1137.00   -0.07946   0.00000
 1137.10   -0.07960   0.00000
 1137.20   -0.07974   0.00000
 1137.30   -0.07987   0.00000
 1137.40   -0.08001   0.00000
 1137.50   -0.08015   0.00000
 1137.60   -0.08028   0.00000
 1137.70   -0.08042   0.00000
 1137.80   -0.08056   0.00000
 1137.90   -0.08069   0.00000
 1138.00   -0.08083   0.00000
 1138.10   -0.08097   0.00000
 1138.20   -0.08110   0.00000
 1138.30   -0.08124   0.00000
 1138.40   -0.08138   0.00000
 1138.50   -0.08151   0.00000
 1138.60   -0.08165   0.00000
 1138.70   -0.08179   0.00000
 1138.80   -0.08192   0.00000
 1138.90   -0.08206   0.00000
 1139.00   -0.08220   0.00000
 1139.10   -0.08233   0.00000
 1139.20   -0.08247   0.00000
 1139.30   -0.08261   0.00000
 1139.40   -0.08275   0.00000
 1139.50   -0.08288   0.00000
 1139.60   -0.08302   0.00000
 1139.70   -0.08316   0.00000
 1139.80   -0.08330   0.00000
 1139.90   -0.08343   0.00000
 1140.00   -0.08357   0.00000
 1140.10   -0.08371   0.00000
 1140.20   -0.08385   0.00000
 1140.30   -0.08398   0.00000
 1140.40   -0.08412   0.00000
 1140.50   -0.08426   0.00000
 1140.60   -0.08440   0.00000
 1140.70   -0.08453   0.00000
 1140.80   -0.08467   0.00000
 1140.90   -0.08481   0.00000
 1141.00   -0.08495   0.00000
 1141.10   -0.08508   0.00000
 1141.20   -0.08522   0.00000
 1141.30   -0.08536   0.00000
 1141.40   -0.08550   0.00000
 1141.50   -0.08563   0.00000
 1141.60   -0.08577   0.00000
 1141.70   -0.08591   0.00000
 1141.80   -0.08605   0.00000
 1141.90   -0.08619   0.00000
 1142.00   -0.08632   0.00000
 1142.10   -0.08646   0.00000
 1142.20   -0.08660   0.00000
 1142.30   -0.08674   0.00000
 1142.40   -0.08688   0.00000
 1142.50   -0.08701   0.00000
 1142.60   -0.08715   0.00000
 1142.70   -0.08729   0.00000
 1142.80   -0.08743   0.00000
 1142.90   -0.08757   0.00000
 1143.00   -0.08771   0.00000
 1143.10   -0.08784   0.00000
 1143.20   -0.08798   0.00000
 1143.30   -0.08812   0.00000
 1143.40   -0.08826   0.00000
 1143.50   -0.08840   0.00000
 1143.60   -0.08854   0.00000
 1143.70   -0.08868   0.00000
 1143.80   -0.08881   0.00000
 1143.90   -0.08895   0.00000
 1144.00   -0.08909   0.00000
 1144.10   -0.08923   0.00000
 1144.20   -0.08937   0.00000
 1144.30   -0.08951   0.00000
 1144.40   -0.08965   0.00000
 1144.50   -0.08978   0.00000
 1144.60   -0.08992   0.00000
 1144.70   -0.09006   0.00000
 1144.80   -0.09020   0.00000
 1144.90   -0.09034   0.00000
 1145.00   -0.09048   0.00000
 1145.10   -0.09062   0.00000
 1145.20   -0.09076   0.00000
 1145.30   -0.09090   0.00000
 1145.40   -0.09104   0.00000
 1145.50   -0.09117   0.00000
 1145.60   -0.09131   0.00000
 1145.70   -0.09145   0.00000
 1145.80   -0.09159   0.00000
 1145.90   -0.09173   0.00000
 1146.00   -0.09187   0.00000
 1146.10   -0.09201   0.00000
 1146.20   -0.09215   0.00000
 1146.30   -0.09229   0.00000
 1146.40   -0.09243   0.00000
 1146.50   -0.09257   0.00000
 1146.60   -0.09271   0.00000
 1146.70   -0.09285   0.00000
 1146.80   -0.09299   0.00000
 1146.90   -0.09312   0.00000
 1147.00   -0.09326   0.00000
 1147.10   -0.09340   0.00000
 1147.20   -0.09354   0.00000
 1147.30   -0.09368   0.00000
 1147.40   -0.09382   0.00000
 1147.50   -0.09396   0.00000
 1147.60   -0.09410   0.00000
 1147.70   -0.09424   0.00000
 1147.80   -0.09438   0.00000
 1147.90   -0.09452   0.00000
 1148.00   -0.09466   0.00000
 1148.10   -0.09480   0.00000
 1148.20   -0.09494   0.00000
 1148.30   -0.09508   0.00000
 1148.40   -0.09522   0.00000
 1148.50   -0.09536   0.00000
 1148.60   -0.09550   0.00000
 1148.70   -0.09564   0.00000
 1148.80   -0.09578   0.00000
 1148.90   -0.09592   0.00000
 1149.00   -0.09606   0.00000
 1149.10   -0.09620   0.00000
 1149.20   -0.09634   0.00000
 1149.30   -0.09648   0.00000
 1149.40   -0.09662   0.00000
 1149.50   -0.09676   0.00000
 1149.60   -0.09690   0.00000
 1149.70   -0.09704   0.00000
 1149.80   -0.09718   0.00000
 1149.90   -0.09732   0.00000
 1150.00   -0.09746   0.00000
 1150.10   -0.09761   0.00000
 1150.20   -0.09775   0.00000
 1150.30   -0.09789   0.00000
 1150.40   -0.09803   0.00000
 1150.50   -0.09817   0.00000
 1150.60   -0.09831   0.00000
 1150.70   -0.09845   0.00000
 1150.80   -0.09859   0.00000
 1150.90   -0.09873   0.00000
 1151.00   -0.09887   0.00000
 1151.10   -0.09901   0.00000
 1151.20   -0.09915   0.00000
 1151.30   -0.09929   0.00000
 1151.40   -0.09943   0.00000
 1151.50   -0.09958   0.00000
 1151.60   -0.09972   0.00000
 1151.70   -0.09986   0.00000
 1151.80   -0.10000   0.00000
 1151.90   -0.10014   0.00000
 1152.00   -0.10028   0.00000
 1152.10   -0.10042   0.00000
 1152.20   -0.10056   0.00000
 1152.30   -0.10070   0.00000
 1152.40   -0.10084   0.00000
 1152.50   -0.10099   0.00000
 1152.60   -0.10113   0.00000
 1152.70   -0.10127   0.00000
 1152.80   -0.10141   0.00000
 1152.90   -0.10155   0.00000
 1153.00   -0.10169   0.00000
 1153.10   -0.10183   0.00000
 1153.20   -0.10197   0.00000
 1153.30   -0.10212   0.00000
 1153.40   -0.10226   0.00000
 1153.50   -0.10240   0.00000
 1153.60   -0.10254   0.00000
 1153.70   -0.10268   0.00000
 1153.80   -0.10282   0.00000
 1153.90   -0.10297   0.00000
 1154.00   -0.10311   0.00000
 1154.10   -0.10325   0.00000
 1154.20   -0.10339   0.00000
 1154.30   -0.10353   0.00000
 1154.40   -0.10367   0.00000
 1154.50   -0.10382   0.00000
 1154.60   -0.10396   0.00000
 1154.70   -0.10410   0.00000
 1154.80   -0.10424   0.00000
 1154.90   -0.10438   0.00000
 1155.00   -0.10452   0.00000
 1155.10   -0.10467   0.00000
 1155.20   -0.10481   0.00000
 1155.30   -0.10495   0.00000
 1155.40   -0.10509   0.00000
 1155.50   -0.10523   0.00000
 1155.60   -0.10538   0.00000
 1155.70   -0.10552   0.00000
 1155.80   -0.10566   0.00000
 1155.90   -0.10580   0.00000
 1156.00   -0.10595   0.00000
 1156.10   -0.10609   0.00000
 1156.20   -0.10623   0.00000
 1156.30   -0.10637   0.00000
 1156.40   -0.10651   0.00000
 1156.50   -0.10666   0.00000
 1156.60   -0.10680   0.00000
 1156.70   -0.10694   0.00000
 1156.80   -0.10708   0.00000
 1156.90   -0.10723   0.00000
 1157.00   -0.10737   0.00000
 1157.10   -0.10751   0.00000
 1157.20   -0.10765   0.00000
 1157.30   -0.10780   0.00000
 1157.40   -0.10794   0.00000
 1157.50   -0.10808   0.00000
 1157.60   -0.10822   0.00000
 1157.70   -0.10837   0.00000
 1157.80   -0.10851   0.00000
 1157.90   -0.10865   0.00000
 1158.00   -0.10879   0.00000
 1158.10   -0.10894   0.00000
 1158.20   -0.10908   0.00000
 1158.30   -0.10922   0.00000
 1158.40   -0.10937   0.00000
 1158.50   -0.10951   0.00000
 1158.60   -0.10965   0.00000
 1158.70   -0.10979   0.00000
 1158.80   -0.10994   0.00000
 1158.90   -0.11008   0.00000
 1159.00   -0.11022   0.00000
 1159.10   -0.11037   0.00000
 1159.20   -0.11051   0.00000
 1159.30   -0.11065   0.00000
 1159.40   -0.11080   0.00000
 1159.50   -0.11094   0.00000
 1159.60   -0.11108   0.00000
 1159.70   -0.11123   0.00000
 1159.80   -0.11137   0.00000
 1159.90   -0.11151   0.00000
 1160.00   -0.11166   0.00000
 1160.10   -0.11180   0.00000
 1160.20   -0.11194   0.00000
 1160.30   -0.11209   0.00000
 1160.40   -0.11223   0.00000
 1160.50   -0.11237   0.00000
 1160.60   -0.11252   0.00000
 1160.70   -0.11266   0.00000
 1160.80   -0.11280   0.00000
 1160.90   -0.11295   0.00000
 1161.00   -0.11309   0.00000
 1161.10   -0.11323   0.00000
 1161.20   -0.11338   0.00000
 1161.30   -0.11352   0.00000
 1161.40   -0.11367   0.00000
 1161.50   -0.11381   0.00000
 1161.60   -0.11395   0.00000
 1161.70   -0.11410   0.00000
 1161.80   -0.11424   0.00000
 1161.90   -0.11438   0.00000
 1162.00   -0.11453   0.00000
 1162.10   -0.11467   0.00000
 1162.20   -0.11482   0.00000
 1162.30   -0.11496   0.00000
 1162.40   -0.11510   0.00000
 1162.50   -0.11525   0.00000
 1162.60   -0.11539   0.00000
 1162.70   -0.11554   0.00000
 1162.80   -0.11568   0.00000
 1162.90   -0.11582   0.00000
 1163.00   -0.11597   0.00000
 1163.10   -0.11611   0.00000
 1163.20   -0.11626   0.00000
 1163.30   -0.11640   0.00000
 1163.40   -0.11654   0.00000
 1163.50   -0.11669   0.00000
 1163.60   -0.11683   0.00000
 1163.70   -0.11698   0.00000
 1163.80   -0.11712   0.00000
 1163.90   -0.11727   0.00000
 1164.00   -0.11741   0.00000
 1164.10   -0.11756   0.00000
 1164.20   -0.11770   0.00000
 1164.30   -0.11784   0.00000
 1164.40   -0.11799   0.00000
 1164.50   -0.11813   0.00000
 1164.60   -0.11828   0.00000
 1164.70   -0.11842   0.00000
 1164.80   -0.11857   0.00000
 1164.90   -0.11871   0.00000
 1165.00   -0.11886   0.00000
 1165.10   -0.11900   0.00000
 1165.20   -0.11915   0.00000
 1165.30   -0.11929   0.00000
 1165.40   -0.11944   0.00000
 1165.50   -0.11958   0.00000
 1165.60   -0.11973   0.00000
 1165.70   -0.11987   0.00000
 1165.80   -0.12001   0.00000
 1165.90   -0.12016   0.00000
 1166.00   -0.12030   0.00000
 1166.10   -0.12045   0.00000
 1166.20   -0.12059   0.00000
 1166.30   -0.12074   0.00000
 1166.40   -0.12088   0.00000
 1166.50   -0.12103   0.00000
 1166.60   -0.12117   0.00000
 1166.70   -0.12132   0.00000
 1166.80   -0.12147   0.00000
 1166.90   -0.12161   0.00000
 1167.00   -0.12176   0.00000
 1167.10   -0.12190   0.00000
 1167.20   -0.12205   0.00000
 1167.30   -0.12219   0.00000
 1167.40   -0.12234   0.00000
 1167.50   -0.12248   0.00000
 1167.60   -0.12263   0.00000
 1167.70   -0.12277   0.00000
 1167.80   -0.12292   0.00000
 1167.90   -0.12306   0.00000
 1168.00   -0.12321   0.00000
 1168.10   -0.12335   0.00000
 1168.20   -0.12350   0.00000
 1168.30   -0.12365   0.00000
 1168.40   -0.12379   0.00000
 1168.50   -0.12394   0.00000
 1168.60   -0.12408   0.00000
 1168.70   -0.12423   0.00000
 1168.80   -0.12437   0.00000
 1168.90   -0.12452   0.00000
 1169.00   -0.12467   0.00000
 1169.10   -0.12481   0.00000
 1169.20   -0.12496   0.00000
 1169.30   -0.12510   0.00000
 1169.40   -0.12525   0.00000
 1169.50   -0.12539   0.00000
 1169.60   -0.12554   0.00000
 1169.70   -0.12569   0.00000
 1169.80   -0.12583   0.00000
 1169.90   -0.12598   0.00000
 1170.00   -0.12612   0.00000
 1170.10   -0.12627   0.00000
 1170.20   -0.12642   0.00000
 1170.30   -0.12656   0.00000
 1170.40   -0.12671   0.00000
 1170.50   -0.12685   0.00000
 1170.60   -0.12700   0.00000
 1170.70   -0.12715   0.00000
 1170.80   -0.12729   0.00000
 1170.90   -0.12744   0.00000
 1171.00   -0.12759   0.00000
 1171.10   -0.12773   0.00000
 1171.20   -0.12788   0.00000
 1171.30   -0.12802   0.00000
 1171.40   -0.12817   0.00000
 1171.50   -0.12832   0.00000
 1171.60   -0.12846   0.00000
 1171.70   -0.12861   0.00000
 1171.80   -0.12876   0.00000
 1171.90   -0.12890   0.00000
 1172.00   -0.12905   0.00000
 1172.10   -0.12920   0.00000
 1172.20   -0.12934   0.00000
 1172.30   -0.12949   0.00000
 1172.40   -0.12964   0.00000
 1172.50   -0.12978   0.00000
 1172.60   -0.12993   0.00000
 1172.70   -0.13008   0.00000
 1172.80   -0.13022   0.00000
 1172.90   -0.13037   0.00000
 1173.00   -0.13052   0.00000
 1173.10   -0.13066   0.00000
 1173.20   -0.13081   0.00000
