E =  715.0 MeV, E_lo =  710.0 MeV, E_hi =  720.0 MeV
Systematic = 0.05, Preliminary = 0, rebinned
 156.45   0.70873E-02   0.71548E-01
 138.59  -0.39922E-01   0.64524E-01
 125.68  -0.79163E-03   0.55593E-01
 114.63   0.23770E-01   0.56671E-01
 104.48   0.27114E-03   0.56331E-01
  94.78   0.62748E-01   0.56718E-01
  85.22  -0.18842E-01   0.55685E-01
  75.52   0.36698E-01   0.55075E-01
  65.37   0.10064E-01   0.56133E-01
  54.32  -0.16174E-02   0.55182E-01
  41.41   0.17969E-01   0.69348E-01
  23.55  -0.26019E-01   0.83541E-01
------------------------------------
E =  725.0 MeV, E_lo =  720.0 MeV, E_hi =  730.0 MeV
Systematic = 0.05, Preliminary = 0, rebinned_T_54x12
 156.45   0.23600E-01   0.45719E-01
 138.59   0.33000E-02   0.41333E-01
 125.68   0.34500E-01   0.35725E-01
 114.63   0.53000E-01   0.36563E-01
 104.48   0.37800E-01   0.36521E-01
  94.78   0.77800E-01   0.36991E-01
  85.22   0.21800E-01   0.36580E-01
  75.52   0.55000E-01   0.36501E-01
  65.37   0.33300E-01   0.37606E-01
  54.32   0.20600E-01   0.37468E-01
  41.41   0.27600E-01   0.47886E-01
  23.55  -0.89000E-02   0.58937E-01
------------------------------------
E =  735.0 MeV, E_lo =  730.0 MeV, E_hi =  740.0 MeV
Systematic = 0.05, Preliminary = 0, rebinned_T_54x12
 156.45   0.35651E-01   0.35737E-01
 138.59   0.28554E-01   0.32362E-01
 125.68   0.57877E-01   0.28034E-01
 114.63   0.74307E-01   0.28770E-01
 104.48   0.61920E-01   0.28835E-01
  94.78   0.92660E-01   0.29330E-01
  85.22   0.45264E-01   0.29157E-01
  75.52   0.68734E-01   0.29287E-01
  65.37   0.47368E-01   0.30433E-01
  54.32   0.32623E-01   0.30665E-01
  41.41   0.33267E-01   0.39794E-01
  23.55  -0.20367E-02   0.50042E-01
------------------------------------
E =  745.0 MeV, E_lo =  740.0 MeV, E_hi =  750.0 MeV
Systematic = 0.05, Preliminary = 0, rebinned_T_54x12
 156.45   0.95553E-02   0.45547E-01
 138.59  -0.34951E-02   0.36510E-01
 125.68   0.75061E-01   0.34479E-01
 114.63   0.91627E-01   0.34958E-01
 104.48   0.10512E+00   0.38503E-01
  94.78   0.85908E-01   0.36826E-01
  85.22   0.72303E-01   0.36665E-01
  75.52   0.55541E-01   0.43113E-01
  65.37   0.83285E-01   0.42427E-01
  54.32   0.96161E-01   0.45357E-01
  41.41   0.73278E-01   0.42998E-01
  23.55   0.39340E-01   0.54216E-01
------------------------------------
E =  755.0 MeV, E_lo =  750.0 MeV, E_hi =  760.0 MeV
Systematic = 0.05, Preliminary = 0, rebinned_T_54x12
 156.45   0.22000E-01   0.40407E-01
 138.59   0.16900E-01   0.32452E-01
 125.68   0.92300E-01   0.30715E-01
 114.63   0.10820E+00   0.31221E-01
 104.48   0.12000E+00   0.34487E-01
  94.78   0.10070E+00   0.33096E-01
  85.22   0.85900E-01   0.33086E-01
  75.52   0.67600E-01   0.39103E-01
  65.37   0.90200E-01   0.38743E-01
  54.32   0.98800E-01   0.41818E-01
  41.41   0.73900E-01   0.40231E-01
  23.55   0.38700E-01   0.52001E-01
------------------------------------
E =  765.0 MeV, E_lo =  760.0 MeV, E_hi =  770.0 MeV
Systematic = 0.05, Preliminary = 0, rebinned_T_54x12
 156.45   0.32755E-01   0.36967E-01
 138.59   0.33723E-01   0.29753E-01
 125.68   0.10809E+00   0.28228E-01
 114.63   0.12354E+00   0.28769E-01
 104.48   0.13404E+00   0.31868E-01
  94.78   0.11403E+00   0.30681E-01
  85.22   0.97813E-01   0.30784E-01
  75.52   0.77789E-01   0.36547E-01
  65.37   0.96903E-01   0.36429E-01
  54.32   0.10241E+00   0.39665E-01
  41.41   0.75345E-01   0.38704E-01
  23.55   0.38472E-01   0.51353E-01
------------------------------------
E =  775.0 MeV, E_lo =  770.0 MeV, E_hi =  780.0 MeV
Systematic = 0.05, Preliminary = 0, rebinned_T_54x12
 156.45   0.69463E-01   0.48997E-01
 138.59   0.90504E-01   0.35113E-01
 125.68   0.12139E+00   0.35017E-01
 114.63   0.16769E+00   0.39600E-01
 104.48   0.11572E+00   0.49185E-01
  94.78   0.15838E+00   0.50306E-01
  85.22   0.13533E+00   0.52136E-01
  75.52   0.13551E+00   0.52164E-01
  65.37   0.68508E-01   0.54106E-01
  54.32   0.64796E-01   0.53288E-01
  41.41   0.86331E-01   0.38964E-01
  23.55  -0.32666E-01   0.48337E-01
------------------------------------
E =  785.0 MeV, E_lo =  780.0 MeV, E_hi =  790.0 MeV
Systematic = 0.05, Preliminary = 0, rebinned_T_54x12
 156.45   0.78400E-01   0.46620E-01
 138.59   0.10320E+00   0.33492E-01
 125.68   0.13500E+00   0.33487E-01
 114.63   0.18110E+00   0.37970E-01
 104.48   0.12800E+00   0.47287E-01
  94.78   0.16970E+00   0.48495E-01
  85.22   0.14520E+00   0.50397E-01
  75.52   0.14400E+00   0.50579E-01
  65.37   0.74600E-01   0.52668E-01
  54.32   0.69100E-01   0.52176E-01
  41.41   0.89500E-01   0.38559E-01
  23.55  -0.34300E-01   0.49010E-01
------------------------------------
E =  795.0 MeV, E_lo =  790.0 MeV, E_hi =  800.0 MeV
Systematic = 0.05, Preliminary = 0, rebinned_T_54x12
 156.45   0.86949E-01   0.44942E-01
 138.59   0.11489E+00   0.32368E-01
 125.68   0.14756E+00   0.32449E-01
 114.63   0.19393E+00   0.36890E-01
 104.48   0.13898E+00   0.46058E-01
  94.78   0.18054E+00   0.47347E-01
  85.22   0.15460E+00   0.49314E-01
  75.52   0.15252E+00   0.49602E-01
  65.37   0.80267E-01   0.51786E-01
  54.32   0.73523E-01   0.51505E-01
  41.41   0.93721E-01   0.38359E-01
  23.55  -0.36611E-01   0.49734E-01
------------------------------------
E =  805.0 MeV, E_lo =  800.0 MeV, E_hi =  810.0 MeV
Systematic = 0.05, Preliminary = 0, rebinned_T_54x12
 156.45   0.64112E-01   0.44293E-01
 138.59   0.13342E+00   0.37659E-01
 125.68   0.17600E+00   0.38359E-01
 114.63   0.17682E+00   0.43806E-01
 104.48   0.80095E-01   0.47660E-01
  94.78   0.70733E-01   0.44592E-01
  85.22   0.74938E-01   0.42730E-01
  75.52   0.65985E-01   0.44531E-01
  65.37   0.59507E-01   0.47320E-01
  54.32  -0.81124E-02   0.82839E-01
  41.41   0.54160E-01   0.50856E-01
  23.55   0.29940E-01   0.57896E-01
------------------------------------
E =  815.0 MeV, E_lo =  810.0 MeV, E_hi =  820.0 MeV
Systematic = 0.05, Preliminary = 0, rebinned_T_54x12
 156.45   0.70673E-01   0.43481E-01
 138.59   0.14349E+00   0.37066E-01
 125.68   0.18710E+00   0.37857E-01
 114.63   0.18716E+00   0.43343E-01
 104.48   0.86154E-01   0.47262E-01
  94.78   0.75762E-01   0.44301E-01
  85.22   0.79743E-01   0.42502E-01
  75.52   0.70278E-01   0.44319E-01
  65.37   0.63543E-01   0.47095E-01
  54.32  -0.76911E-02   0.82434E-01
  41.41   0.57976E-01   0.50654E-01
  23.55   0.31976E-01   0.58031E-01
------------------------------------
E =  825.0 MeV, E_lo =  820.0 MeV, E_hi =  830.0 MeV
Systematic = 0.05, Preliminary = 0, rebinned_T_54x12
 156.45   0.76600E-01   0.42952E-01
 138.59   0.15270E+00   0.36714E-01
 125.68   0.19730E+00   0.37599E-01
 114.63   0.19650E+00   0.43158E-01
 104.48   0.90600E-01   0.47164E-01
  94.78   0.79300E-01   0.44279E-01
  85.22   0.83400E-01   0.42515E-01
  75.52   0.73800E-01   0.44325E-01
  65.37   0.67300E-01   0.47047E-01
  54.32  -0.75999E-02   0.82190E-01
  41.41   0.62600E-01   0.50394E-01
  23.55   0.34800E-01   0.57696E-01
------------------------------------
E =  835.0 MeV, E_lo =  830.0 MeV, E_hi =  840.0 MeV
Systematic = 0.05, Preliminary = 0, rebinned_T_54x12
 156.45   0.81997E-01   0.42637E-01
 138.59   0.16117E+00   0.36546E-01
 125.68   0.20671E+00   0.37531E-01
 114.63   0.20493E+00   0.43192E-01
 104.48   0.93582E-01   0.47302E-01
  94.78   0.81465E-01   0.44472E-01
  85.22   0.86003E-01   0.42718E-01
  75.52   0.76630E-01   0.44499E-01
  65.37   0.70853E-01   0.47128E-01
  54.32  -0.77100E-02   0.82033E-01
  41.41   0.68141E-01   0.50047E-01
  23.55   0.38529E-01   0.56903E-01
------------------------------------
E =  845.0 MeV, E_lo =  840.0 MeV, E_hi =  850.0 MeV
Systematic = 0.05, Preliminary = 0, rebinned_T_54x12
 156.45   0.86909E-01   0.42492E-01
 138.59   0.16896E+00   0.36526E-01
 125.68   0.21537E+00   0.37619E-01
 114.63   0.21250E+00   0.43408E-01
 104.48   0.95143E-01   0.47642E-01
  94.78   0.82276E-01   0.44851E-01
  85.22   0.87544E-01   0.43087E-01
  75.52   0.78747E-01   0.44821E-01
  65.37   0.74184E-01   0.47318E-01
  54.32  -0.80206E-02   0.81950E-01
  41.41   0.74644E-01   0.49636E-01
  23.55   0.43244E-01   0.55783E-01
------------------------------------
E =  855.0 MeV, E_lo =  850.0 MeV, E_hi =  860.0 MeV
Systematic = 0.05, Preliminary = 0, rebinned_T_54x12
 156.45   0.87200E-01   0.50904E-01
 138.59   0.19329E+00   0.43097E-01
 125.68   0.21205E+00   0.46305E-01
 114.63   0.20229E+00   0.51878E-01
 104.48   0.18216E+00   0.48381E-01
  94.78   0.18717E+00   0.45671E-01
  85.22   0.16781E+00   0.46143E-01
  75.52   0.19697E+00   0.48567E-01
  65.37   0.96544E-01   0.52149E-01
  54.32   0.11668E+00   0.67663E-01
  41.41   0.13115E+00   0.14371E+00
  23.55   0.77274E-01   0.74521E-01
------------------------------------
E =  865.0 MeV, E_lo =  860.0 MeV, E_hi =  870.0 MeV
Systematic = 0.05, Preliminary = 0, rebinned_T_54x12
 156.45   0.90965E-01   0.51040E-01
 138.59   0.20063E+00   0.43347E-01
 125.68   0.21866E+00   0.46723E-01
 114.63   0.20723E+00   0.52502E-01
 104.48   0.18554E+00   0.49080E-01
  94.78   0.19112E+00   0.46390E-01
  85.22   0.17181E+00   0.46857E-01
  75.52   0.20487E+00   0.49198E-01
  65.37   0.10062E+00   0.52578E-01
  54.32   0.12518E+00   0.67734E-01
  41.41   0.14393E+00   0.14243E+00
  23.55   0.87099E-01   0.72692E-01
------------------------------------
E =  875.0 MeV, E_lo =  870.0 MeV, E_hi =  880.0 MeV
Systematic = 0.05, Preliminary = 0, rebinned_T_54x12
 156.45   0.94300E-01   0.51304E-01
 138.59   0.20750E+00   0.43716E-01
 125.68   0.22460E+00   0.47280E-01
 114.63   0.21130E+00   0.53298E-01
 104.48   0.18790E+00   0.49951E-01
  94.78   0.19420E+00   0.47276E-01
  85.22   0.17510E+00   0.47729E-01
  75.52   0.21270E+00   0.49971E-01
  65.37   0.10450E+00   0.53116E-01
  54.32   0.13440E+00   0.67881E-01
  41.41   0.15850E+00   0.14121E+00
  23.55   0.98800E-01   0.70889E-01
------------------------------------
E =  885.0 MeV, E_lo =  880.0 MeV, E_hi =  890.0 MeV
Systematic = 0.05, Preliminary = 0, rebinned_T_54x12
 156.45   0.97188E-01   0.51697E-01
 138.59   0.21392E+00   0.44205E-01
 125.68   0.22988E+00   0.47984E-01
 114.63   0.21448E+00   0.54280E-01
 104.48   0.18921E+00   0.51013E-01
  94.78   0.19638E+00   0.48350E-01
  85.22   0.17763E+00   0.48781E-01
  75.52   0.22048E+00   0.50904E-01
  65.37   0.10813E+00   0.53775E-01
  54.32   0.14444E+00   0.68125E-01
  41.41   0.17518E+00   0.14013E+00
  23.55   0.11277E+00   0.69208E-01
------------------------------------
E =  895.0 MeV, E_lo =  890.0 MeV, E_hi =  900.0 MeV
Systematic = 0.05, Preliminary = 0, rebinned_T_54x12
 156.45   0.99553E-01   0.52236E-01
 138.59   0.21989E+00   0.44835E-01
 125.68   0.23448E+00   0.48861E-01
 114.63   0.21673E+00   0.55480E-01
 104.48   0.18938E+00   0.52301E-01
  94.78   0.19760E+00   0.49647E-01
  85.22   0.17936E+00   0.50046E-01
  75.52   0.22836E+00   0.52022E-01
  65.37   0.11148E+00   0.54578E-01
  54.32   0.15547E+00   0.68491E-01
  41.41   0.19447E+00   0.13926E+00
  23.55   0.12962E+00   0.67722E-01
------------------------------------
E =  905.0 MeV, E_lo =  900.0 MeV, E_hi =  910.0 MeV
Systematic = 0.05, Preliminary = 0, rebinned_T_54x12
 156.45   0.12760E+00   0.60702E-01
 138.59   0.20857E+00   0.53945E-01
 125.68   0.24094E+00   0.60104E-01
 114.63   0.22002E+00   0.65098E-01
 104.48   0.17468E+00   0.54107E-01
  94.78   0.16274E+00   0.57067E-01
  85.22   0.17031E+00   0.59317E-01
  75.52   0.96299E-01   0.64142E-01
  65.37   0.11197E+00   0.67952E-01
  54.32   0.13543E+00   0.79953E-01
  41.41   0.10368E+00   0.14424E+00
  23.55   0.24334E+00   0.16371E+00
------------------------------------
E =  915.0 MeV, E_lo =  910.0 MeV, E_hi =  920.0 MeV
Systematic = 0.05, Preliminary = 0, rebinned_T_54x12
 156.45   0.13294E+00   0.61979E-01
 138.59   0.21681E+00   0.55274E-01
 125.68   0.24972E+00   0.61822E-01
 114.63   0.22545E+00   0.67212E-01
 104.48   0.17536E+00   0.56033E-01
  94.78   0.16320E+00   0.59174E-01
  85.22   0.17389E+00   0.61411E-01
  75.52   0.94940E-01   0.66083E-01
  65.37   0.11685E+00   0.69472E-01
  54.32   0.14873E+00   0.81004E-01
  41.41   0.11828E+00   0.14487E+00
  23.55   0.29032E+00   0.16321E+00
------------------------------------
E =  925.0 MeV, E_lo =  920.0 MeV, E_hi =  930.0 MeV
Systematic = 0.05, Preliminary = 0, rebinned_T_54x12
 156.45   0.14060E+00   0.62478E-01
 138.59   0.22710E+00   0.55963E-01
 125.68   0.25960E+00   0.62886E-01
 114.63   0.23140E+00   0.68692E-01
 104.48   0.17630E+00   0.57500E-01
  94.78   0.16330E+00   0.60858E-01
  85.22   0.17640E+00   0.63105E-01
  75.52   0.93500E-01   0.67597E-01
  65.37   0.12140E+00   0.70528E-01
  54.32   0.16150E+00   0.81508E-01
  41.41   0.13310E+00   0.14460E+00
  23.55   0.33660E+00   0.16202E+00
------------------------------------
E =  935.0 MeV, E_lo =  930.0 MeV, E_hi =  940.0 MeV
Systematic = 0.05, Preliminary = 0, rebinned_T_54x12
 156.45   0.14755E+00   0.63076E-01
 138.59   0.23598E+00   0.56781E-01
 125.68   0.26763E+00   0.64145E-01
 114.63   0.23511E+00   0.70443E-01
 104.48   0.17470E+00   0.59234E-01
  94.78   0.16095E+00   0.62839E-01
  85.22   0.17694E+00   0.65069E-01
  75.52   0.90367E-01   0.69306E-01
  65.37   0.12534E+00   0.71666E-01
  54.32   0.17508E+00   0.82014E-01
  41.41   0.14979E+00   0.14431E+00
  23.55   0.39153E+00   0.16098E+00
------------------------------------
E =  945.0 MeV, E_lo =  940.0 MeV, E_hi =  950.0 MeV
Systematic = 0.05, Preliminary = 0, rebinned_T_54x12
 156.45   0.15450E+00   0.63831E-01
 138.59   0.24469E+00   0.57774E-01
 125.68   0.27535E+00   0.65642E-01
 114.63   0.23798E+00   0.72503E-01
 104.48   0.17162E+00   0.61259E-01
  94.78   0.15722E+00   0.65131E-01
  85.22   0.17677E+00   0.67297E-01
  75.52   0.86206E-01   0.71184E-01
  65.37   0.12952E+00   0.72874E-01
  54.32   0.19056E+00   0.82560E-01
  41.41   0.16902E+00   0.14423E+00
  23.55   0.45954E+00   0.16072E+00
------------------------------------
E =  955.0 MeV, E_lo =  950.0 MeV, E_hi =  960.0 MeV
Systematic = 0.05, Preliminary = 0, rebinned_T_54x12
 156.45   0.12614E+00   0.84086E-01
 138.59   0.24621E+00   0.73548E-01
 125.68   0.29024E+00   0.83177E-01
 114.63   0.25542E+00   0.89779E-01
 104.48   0.21406E+00   0.93242E-01
  94.78   0.23319E+00   0.82105E-01
  85.22   0.18166E+00   0.86857E-01
  75.52   0.12840E+00   0.95001E-01
  65.37   0.19163E+00   0.99081E-01
  54.32   0.12675E+00   0.10940E+00
  41.41   0.12722E+00   0.18459E+00
  23.55   0.20410E+00   0.18342E+00
------------------------------------
E =  965.0 MeV, E_lo =  960.0 MeV, E_hi =  970.0 MeV
Systematic = 0.05, Preliminary = 0, rebinned_T_54x12
 156.45   0.13091E+00   0.85476E-01
 138.59   0.25621E+00   0.75211E-01
 125.68   0.30088E+00   0.85572E-01
 114.63   0.26066E+00   0.92904E-01
 104.48   0.21479E+00   0.96918E-01
  94.78   0.23723E+00   0.85420E-01
  85.22   0.18340E+00   0.89953E-01
  75.52   0.12913E+00   0.97453E-01
  65.37   0.20497E+00   0.10051E+00
  54.32   0.13857E+00   0.11003E+00
  41.41   0.14318E+00   0.18525E+00
  23.55   0.23878E+00   0.18628E+00
------------------------------------
E =  975.0 MeV, E_lo =  970.0 MeV, E_hi =  980.0 MeV
Systematic = 0.05, Preliminary = 0, rebinned_T_54x12
 156.45   0.13650E+00   0.87011E-01
 138.59   0.26850E+00   0.77015E-01
 125.68   0.31450E+00   0.88119E-01
 114.63   0.26830E+00   0.96160E-01
 104.48   0.21750E+00   0.10066E+00
  94.78   0.24430E+00   0.88664E-01
  85.22   0.18790E+00   0.92794E-01
  75.52   0.13240E+00   0.99488E-01
  65.37   0.22230E+00   0.10153E+00
  54.32   0.15300E+00   0.11043E+00
  41.41   0.15970E+00   0.18628E+00
  23.55   0.27340E+00   0.19157E+00
------------------------------------
E =  985.0 MeV, E_lo =  980.0 MeV, E_hi =  990.0 MeV
Systematic = 0.05, Preliminary = 0, rebinned_T_54x12
 156.45   0.14342E+00   0.88600E-01
 138.59   0.28402E+00   0.78854E-01
 125.68   0.33233E+00   0.90643E-01
 114.63   0.27969E+00   0.99274E-01
 104.48   0.22374E+00   0.10406E+00
  94.78   0.25608E+00   0.91410E-01
  85.22   0.19694E+00   0.94922E-01
  75.52   0.14004E+00   0.10070E+00
  65.37   0.24460E+00   0.10186E+00
  54.32   0.17039E+00   0.11040E+00
  41.41   0.17482E+00   0.18755E+00
  23.55   0.29795E+00   0.20020E+00
------------------------------------
E =  995.0 MeV, E_lo =  990.0 MeV, E_hi = 1000.0 MeV
Systematic = 0.05, Preliminary = 0, rebinned_T_54x12
 156.45   0.15234E+00   0.90142E-01
 138.59   0.30396E+00   0.80587E-01
 125.68   0.35580E+00   0.92903E-01
 114.63   0.29640E+00   0.10187E+00
 104.48   0.23523E+00   0.10663E+00
  94.78   0.27405E+00   0.93173E-01
  85.22   0.21200E+00   0.95898E-01
  75.52   0.15350E+00   0.10079E+00
  65.37   0.27139E+00   0.10132E+00
  54.32   0.18986E+00   0.10982E+00
  41.41   0.18525E+00   0.18886E+00
  23.55   0.29721E+00   0.21327E+00
------------------------------------
E = 1005.0 MeV, E_lo = 1000.0 MeV, E_hi = 1010.0 MeV
Systematic = 0.05, Preliminary = 0, rebinned_T_54x12
 156.45   0.21288E+00   0.10852E+00
 138.59   0.33314E+00   0.11511E+00
 125.68   0.24088E+00   0.13354E+00
 114.63   0.21843E+00   0.10509E+00
 104.48   0.26436E+00   0.12970E+00
  94.78   0.23468E+00   0.15238E+00
  85.22   0.18394E+00   0.14321E+00
  75.52   0.24753E+00   0.14046E+00
  65.37   0.20132E+00   0.12155E+00
  54.32   0.23555E+00   0.12316E+00
  41.41   0.20177E+00   0.23140E+00
  23.55   0.19808E+00   0.20061E+00
------------------------------------
E = 1015.0 MeV, E_lo = 1010.0 MeV, E_hi = 1020.0 MeV
Systematic = 0.05, Preliminary = 0, rebinned_T_54x12
 156.45   0.23259E+00   0.10989E+00
 138.59   0.36148E+00   0.11670E+00
 125.68   0.25785E+00   0.13507E+00
 114.63   0.23577E+00   0.10572E+00
 104.48   0.28920E+00   0.12943E+00
  94.78   0.25979E+00   0.15061E+00
  85.22   0.20831E+00   0.14038E+00
  75.52   0.27645E+00   0.13708E+00
  65.37   0.22686E+00   0.11866E+00
  54.32   0.25337E+00   0.12099E+00
  41.41   0.19632E+00   0.23199E+00
  23.55   0.14170E+00   0.22575E+00
------------------------------------
E = 1025.0 MeV, E_lo = 1020.0 MeV, E_hi = 1030.0 MeV
Systematic = 0.05, Preliminary = 0, rebinned_T_54x12
 156.45   0.25290E+00   0.11099E+00
 138.59   0.39080E+00   0.11773E+00
 125.68   0.27780E+00   0.13557E+00
 114.63   0.25760E+00   0.10522E+00
 104.48   0.31760E+00   0.12748E+00
  94.78   0.28840E+00   0.14687E+00
  85.22   0.23630E+00   0.13600E+00
  75.52   0.30460E+00   0.13258E+00
  65.37   0.25080E+00   0.11508E+00
  54.32   0.26540E+00   0.11823E+00
  41.41   0.18480E+00   0.23157E+00
  23.55   0.85400E-01   0.26461E+00
------------------------------------
E = 1035.0 MeV, E_lo = 1030.0 MeV, E_hi = 1040.0 MeV
Systematic = 0.05, Preliminary = 0, rebinned_T_54x12
 156.45   0.27203E+00   0.11176E+00
 138.59   0.41875E+00   0.11810E+00
 125.68   0.29990E+00   0.13491E+00
 114.63   0.28279E+00   0.10358E+00
 104.48   0.34687E+00   0.12405E+00
  94.78   0.31731E+00   0.14160E+00
  85.22   0.26449E+00   0.13057E+00
  75.52   0.32824E+00   0.12739E+00
  65.37   0.27021E+00   0.11105E+00
  54.32   0.27124E+00   0.11500E+00
  41.41   0.17149E+00   0.22977E+00
  23.55   0.41602E-01   0.32881E+00
------------------------------------
E = 1045.0 MeV, E_lo = 1040.0 MeV, E_hi = 1050.0 MeV
Systematic = 0.05, Preliminary = 0, rebinned_T_54x12
 156.45   0.28557E+00   0.11011E+00
 138.59   0.43245E+00   0.11605E+00
 125.68   0.31508E+00   0.13184E+00
 114.63   0.29745E+00   0.10054E+00
 104.48   0.35571E+00   0.11967E+00
  94.78   0.32524E+00   0.13604E+00
  85.22   0.27449E+00   0.12528E+00
  75.52   0.33104E+00   0.12233E+00
  65.37   0.27623E+00   0.10681E+00
  54.32   0.27115E+00   0.11083E+00
  41.41   0.16781E+00   0.22277E+00
  23.55   0.26534E-01   0.36242E+00
------------------------------------
E = 1055.0 MeV, E_lo = 1050.0 MeV, E_hi = 1060.0 MeV
Systematic = 0.05, Preliminary = 0, rebinned_T_54x12
 156.45   0.30529E+00   0.16341E+00
 138.59   0.37008E+00   0.12547E+00
 125.68   0.31670E+00   0.15251E+00
 114.63   0.30231E+00   0.16342E+00
 104.48   0.23146E+00   0.14776E+00
  94.78   0.42905E+00   0.14908E+00
  85.22   0.29609E+00   0.13354E+00
  75.52   0.34535E+00   0.13754E+00
  65.37   0.42907E+00   0.11733E+00
  54.32   0.50153E+00   0.13687E+00
  41.41   0.31732E+00   0.17847E+00
  23.55   0.15885E+00   0.10835E+00
------------------------------------
E = 1065.0 MeV, E_lo = 1060.0 MeV, E_hi = 1070.0 MeV
Systematic = 0.05, Preliminary = 0, rebinned_T_54x12
 156.45   0.29539E+00   0.16718E+00
 138.59   0.36023E+00   0.12799E+00
 125.68   0.30926E+00   0.15463E+00
 114.63   0.29937E+00   0.16444E+00
 104.48   0.23221E+00   0.14756E+00
  94.78   0.43065E+00   0.14793E+00
  85.22   0.30083E+00   0.13191E+00
  75.52   0.35045E+00   0.13549E+00
  65.37   0.43258E+00   0.11543E+00
  54.32   0.50042E+00   0.13466E+00
  41.41   0.31279E+00   0.17644E+00
  23.55   0.14176E+00   0.13638E+00
------------------------------------
E = 1075.0 MeV, E_lo = 1070.0 MeV, E_hi = 1080.0 MeV
Systematic = 0.05, Preliminary = 0, rebinned_T_54x12
 156.45   0.28280E+00   0.17194E+00
 138.59   0.34900E+00   0.13100E+00
 125.68   0.30190E+00   0.15702E+00
 114.63   0.29770E+00   0.16553E+00
 104.48   0.23430E+00   0.14736E+00
  94.78   0.43480E+00   0.14683E+00
  85.22   0.30690E+00   0.13044E+00
  75.52   0.35680E+00   0.13372E+00
  65.37   0.43770E+00   0.11383E+00
  54.32   0.50180E+00   0.13283E+00
  41.41   0.31030E+00   0.17475E+00
  23.55   0.12800E+00   0.20250E+00
------------------------------------
E = 1085.0 MeV, E_lo = 1080.0 MeV, E_hi = 1090.0 MeV
Systematic = 0.05, Preliminary = 0, rebinned_T_54x12
 156.45   0.26826E+00   0.17735E+00
 138.59   0.33710E+00   0.13423E+00
 125.68   0.29497E+00   0.15944E+00
 114.63   0.29700E+00   0.16656E+00
 104.48   0.23716E+00   0.14715E+00
  94.78   0.44008E+00   0.14583E+00
  85.22   0.31330E+00   0.12916E+00
  75.52   0.36342E+00   0.13223E+00
  65.37   0.44352E+00   0.11249E+00
  54.32   0.50483E+00   0.13127E+00
  41.41   0.30969E+00   0.17319E+00
  23.55   0.11748E+00   0.22797E+01
------------------------------------
E = 1095.0 MeV, E_lo = 1090.0 MeV, E_hi = 1100.0 MeV
Systematic = 0.05, Preliminary = 0, rebinned_T_54x12
 156.45   0.25245E+00   0.18313E+00
 138.59   0.32509E+00   0.13752E+00
 125.68   0.28865E+00   0.16177E+00
 114.63   0.29695E+00   0.16749E+00
 104.48   0.24025E+00   0.14695E+00
  94.78   0.44561E+00   0.14498E+00
  85.22   0.31935E+00   0.12811E+00
  75.52   0.36975E+00   0.13102E+00
  65.37   0.44952E+00   0.11140E+00
  54.32   0.50899E+00   0.12994E+00
  41.41   0.31069E+00   0.17169E+00
  23.55   0.10977E+00   0.22725E+00
------------------------------------
E = 1110.0 MeV, E_lo = 1100.0 MeV, E_hi = 1120.0 MeV
Systematic = 0.05, Preliminary = 0, rebinned_T_54x12
 156.45   0.25965E+00   0.12824E+00
 138.59   0.29753E+00   0.13787E+00
 125.68   0.45180E+00   0.13991E+00
 114.63   0.44824E+00   0.11253E+00
 104.48   0.39828E+00   0.10029E+00
  94.78   0.32918E+00   0.98046E-01
  85.22   0.40479E+00   0.10390E+00
  75.52   0.46811E+00   0.11309E+00
  65.37   0.33985E+00   0.94843E-01
  54.32   0.40248E+00   0.90959E-01
  41.41   0.31556E+00   0.12533E+00
  23.55   0.34890E+00   0.28306E+00
------------------------------------
E = 1130.0 MeV, E_lo = 1120.0 MeV, E_hi = 1140.0 MeV
Systematic = 0.05, Preliminary = 0, rebinned_T_54x12
 156.45   0.23018E+00   0.13594E+00
 138.59   0.27553E+00   0.14343E+00
 125.68   0.45098E+00   0.14306E+00
 114.63   0.45265E+00   0.11363E+00
 104.48   0.40366E+00   0.10050E+00
  94.78   0.33439E+00   0.97868E-01
  85.22   0.41121E+00   0.10350E+00
  75.52   0.47609E+00   0.11246E+00
  65.37   0.34907E+00   0.94093E-01
  54.32   0.41321E+00   0.89937E-01
  41.41   0.32284E+00   0.12353E+00
  23.55   0.34111E+00   0.23872E+00
------------------------------------
E = 1150.0 MeV, E_lo = 1140.0 MeV, E_hi = 1160.0 MeV
Systematic = 0.05, Preliminary = 0, rebinned_T_54x12
 156.45   0.20210E+00   0.14295E+00
 138.59   0.25560E+00   0.14827E+00
 125.68   0.44900E+00   0.14593E+00
 114.63   0.45370E+00   0.11500E+00
 104.48   0.40420E+00   0.10131E+00
  94.78   0.33390E+00   0.98490E-01
  85.22   0.41240E+00   0.10402E+00
  75.52   0.48000E+00   0.11276E+00
  65.37   0.35440E+00   0.94006E-01
  54.32   0.42220E+00   0.89435E-01
  41.41   0.33030E+00   0.12224E+00
  23.55   0.33770E+00   0.21662E+00
------------------------------------
E = 1170.0 MeV, E_lo = 1160.0 MeV, E_hi = 1180.0 MeV
Systematic = 0.05, Preliminary = 0, rebinned_T_54x12
 156.45   0.17570E+00   0.14925E+00
 138.59   0.23658E+00   0.15265E+00
 125.68   0.44450E+00   0.14887E+00
 114.63   0.45032E+00   0.11684E+00
 104.48   0.39920E+00   0.10283E+00
  94.78   0.32732E+00   0.99951E-01
  85.22   0.40811E+00   0.10542E+00
  75.52   0.47949E+00   0.11391E+00
  65.37   0.35557E+00   0.94503E-01
  54.32   0.42853E+00   0.89396E-01
  41.41   0.33620E+00   0.12152E+00
  23.55   0.33497E+00   0.19786E+00
------------------------------------
E = 1190.0 MeV, E_lo = 1180.0 MeV, E_hi = 1200.0 MeV
Systematic = 0.05, Preliminary = 0, rebinned_T_54x12
 156.45   0.15049E+00   0.15503E+00
 138.59   0.21726E+00   0.15686E+00
 125.68   0.43697E+00   0.15214E+00
 114.63   0.44236E+00   0.11928E+00
 104.48   0.38875E+00   0.10511E+00
  94.78   0.31495E+00   0.10225E+00
  85.22   0.39861E+00   0.10767E+00
  75.52   0.47468E+00   0.11583E+00
  65.37   0.35274E+00   0.95506E-01
  54.32   0.43190E+00   0.89749E-01
  41.41   0.33979E+00   0.12132E+00
  23.55   0.33106E+00   0.17976E+00
------------------------------------
E = 1210.0 MeV, E_lo = 1200.0 MeV, E_hi = 1220.0 MeV
Systematic = 0.05, Preliminary = 0, rebinned_T_54x12
 156.45   0.20581E+00   0.18159E+00
 138.59   0.36227E+00   0.20590E+00
 125.68   0.33711E+00   0.17258E+00
 114.63   0.57136E+00   0.17425E+00
 104.48   0.47914E+00   0.12067E+00
  94.78   0.52931E+00   0.11483E+00
  85.22   0.53482E+00   0.11698E+00
  75.52   0.30769E+00   0.12098E+00
  65.37   0.36630E+00   0.12222E+00
  54.32   0.31898E+00   0.10229E+00
  41.41   0.27826E+00   0.14066E+00
  23.55   0.32819E+00   0.35159E+00
------------------------------------
E = 1230.0 MeV, E_lo = 1220.0 MeV, E_hi = 1240.0 MeV
Systematic = 0.05, Preliminary = 0, rebinned_T_54x12
 156.45   0.18588E+00   0.18781E+00
 138.59   0.34843E+00   0.21165E+00
 125.68   0.32111E+00   0.17728E+00
 114.63   0.56003E+00   0.17961E+00
 104.48   0.46244E+00   0.12495E+00
  94.78   0.51310E+00   0.11917E+00
  85.22   0.52040E+00   0.12107E+00
  75.52   0.29143E+00   0.12432E+00
  65.37   0.35725E+00   0.12450E+00
  54.32   0.31492E+00   0.10335E+00
  41.41   0.27689E+00   0.14133E+00
  23.55   0.32075E+00   0.32018E+00
------------------------------------
E = 1250.0 MeV, E_lo = 1240.0 MeV, E_hi = 1260.0 MeV
Systematic = 0.05, Preliminary = 0, rebinned_T_54x12
 156.45   0.16580E+00   0.19415E+00
 138.59   0.33420E+00   0.21767E+00
 125.68   0.30330E+00   0.18251E+00
 114.63   0.54640E+00   0.18589E+00
 104.48   0.44260E+00   0.13013E+00
  94.78   0.49360E+00   0.12449E+00
  85.22   0.50280E+00   0.12604E+00
  75.52   0.27200E+00   0.12831E+00
  65.37   0.34560E+00   0.12721E+00
  54.32   0.30870E+00   0.10468E+00
  41.41   0.27380E+00   0.14234E+00
  23.55   0.31200E+00   0.29357E+00
------------------------------------
E = 1270.0 MeV, E_lo = 1260.0 MeV, E_hi = 1280.0 MeV
Systematic = 0.05, Preliminary = 0, rebinned_T_54x12
 156.45   0.14566E+00   0.20059E+00
 138.59   0.32017E+00   0.22386E+00
 125.68   0.28434E+00   0.18817E+00
 114.63   0.53103E+00   0.19304E+00
 104.48   0.42014E+00   0.13629E+00
  94.78   0.47123E+00   0.13094E+00
  85.22   0.48234E+00   0.13205E+00
  75.52   0.24961E+00   0.13303E+00
  65.37   0.33153E+00   0.13039E+00
  54.32   0.30063E+00   0.10625E+00
  41.41   0.26919E+00   0.14374E+00
  23.55   0.30237E+00   0.27082E+00
------------------------------------
E = 1290.0 MeV, E_lo = 1280.0 MeV, E_hi = 1300.0 MeV
Systematic = 0.05, Preliminary = 0, rebinned_T_54x12
 156.45   0.12520E+00   0.20724E+00
 138.59   0.30708E+00   0.23019E+00
 125.68   0.26519E+00   0.19416E+00
 114.63   0.51525E+00   0.20099E+00
 104.48   0.39630E+00   0.14344E+00
  94.78   0.44714E+00   0.13860E+00
  85.22   0.46002E+00   0.13913E+00
  75.52   0.22517E+00   0.13845E+00
  65.37   0.31575E+00   0.13396E+00
  54.32   0.29087E+00   0.10809E+00
  41.41   0.26358E+00   0.14539E+00
  23.55   0.29218E+00   0.25215E+00
------------------------------------
E = 1310.0 MeV, E_lo = 1300.0 MeV, E_hi = 1320.0 MeV
Systematic = 0.05, Preliminary = 0, rebinned_T_54x12
 156.45   0.30547E-01   0.24320E+00
 138.59   0.37900E+00   0.21549E+00
 125.68   0.23268E+00   0.21709E+00
 114.63   0.34548E+00   0.17923E+00
 104.48   0.41433E+00   0.14885E+00
  94.78   0.26847E+00   0.14152E+00
  85.22   0.25372E+00   0.12724E+00
  75.52   0.25762E+00   0.13233E+00
  65.37   0.32509E+00   0.14420E+00
  54.32   0.32041E+00   0.13248E+00
  41.41   0.25543E+00   0.15959E+00
  23.55  -0.62500E-02   0.28445E+00
------------------------------------
E = 1330.0 MeV, E_lo = 1320.0 MeV, E_hi = 1340.0 MeV
Systematic = 0.05, Preliminary = 0, rebinned_T_54x12
 156.45   0.22842E-02   0.25069E+00
 138.59   0.37308E+00   0.22119E+00
 125.68   0.21280E+00   0.22416E+00
 114.63   0.32368E+00   0.18768E+00
 104.48   0.38943E+00   0.15875E+00
  94.78   0.23671E+00   0.15273E+00
  85.22   0.22226E+00   0.13648E+00
  75.52   0.22999E+00   0.13938E+00
  65.37   0.30612E+00   0.14927E+00
  54.32   0.30856E+00   0.13553E+00
  41.41   0.24768E+00   0.16237E+00
  23.55  -0.15135E-01   0.26803E+00
------------------------------------
E = 1350.0 MeV, E_lo = 1340.0 MeV, E_hi = 1360.0 MeV
Systematic = 0.05, Preliminary = 0, rebinned_T_54x12
 156.45  -0.28800E-01   0.25815E+00
 138.59   0.36820E+00   0.22696E+00
 125.68   0.19250E+00   0.23165E+00
 114.63   0.30160E+00   0.19723E+00
 104.48   0.36410E+00   0.17083E+00
  94.78   0.20340E+00   0.16719E+00
  85.22   0.18880E+00   0.14827E+00
  75.52   0.20010E+00   0.14793E+00
  65.37   0.28540E+00   0.15523E+00
  54.32   0.29540E+00   0.13909E+00
  41.41   0.23920E+00   0.16566E+00
  23.55  -0.23800E-01   0.25434E+00
------------------------------------
E = 1370.0 MeV, E_lo = 1360.0 MeV, E_hi = 1380.0 MeV
Systematic = 0.05, Preliminary = 0, rebinned_T_54x12
 156.45  -0.64370E-01   0.26572E+00
 138.59   0.36356E+00   0.23298E+00
 125.68   0.17128E+00   0.23973E+00
 114.63   0.27936E+00   0.20816E+00
 104.48   0.33884E+00   0.18592E+00
  94.78   0.16880E+00   0.18654E+00
  85.22   0.15356E+00   0.16376E+00
  75.52   0.16813E+00   0.15843E+00
  65.37   0.26318E+00   0.16217E+00
  54.32   0.28118E+00   0.14319E+00
  41.41   0.23024E+00   0.16944E+00
  23.55  -0.31933E-01   0.24308E+00
------------------------------------
E = 1390.0 MeV, E_lo = 1380.0 MeV, E_hi = 1400.0 MeV
Systematic = 0.05, Preliminary = 0, rebinned_T_54x12
 156.45  -0.10625E+00   0.27355E+00
 138.59   0.35840E+00   0.23939E+00
 125.68   0.14878E+00   0.24849E+00
 114.63   0.25722E+00   0.22070E+00
 104.48   0.31426E+00   0.20516E+00
  94.78   0.13327E+00   0.21372E+00
  85.22   0.11689E+00   0.18487E+00
  75.52   0.13438E+00   0.17134E+00
  65.37   0.23982E+00   0.17017E+00
  54.32   0.26614E+00   0.14781E+00
  41.41   0.22098E+00   0.17364E+00
  23.55  -0.39355E-01   0.23386E+00
------------------------------------
