E =  932.500 MeV, E_lo =  920.000 MeV, E_hi =  945.000 MeV
Systematic = 0.050000, Preliminary = 0, PSEUDO_RPR2011
161.805     0.097515     0.015264
148.212     0.104734     0.015156
138.590     0.109390     0.015051
130.542     0.102085     0.014952
123.367     0.099493     0.014856
116.744     0.105003     0.014766
110.487     0.097905     0.014676
104.478     0.104556     0.014592
 98.627     0.096872     0.014514
 92.866     0.098674     0.014436
 87.134     0.100483     0.014364
 81.373     0.097659     0.014298
 75.522     0.099005     0.014235
 69.513     0.090863     0.014175
 63.256     0.089206     0.014121
 56.633     0.103640     0.014073
 49.458     0.096088     0.014031
 41.410     0.093701     0.013992
 31.788     0.092992     0.013962
 18.195     0.087464     0.013941
----------------------------------------------------------
E =  957.500 MeV, E_lo =  945.000 MeV, E_hi =  970.000 MeV
Systematic = 0.050000, Preliminary = 0, PSEUDO_RPR2011
161.805     0.123820     0.018381
148.212     0.127735     0.018144
138.590     0.120038     0.017922
130.542     0.127419     0.017718
123.367     0.116060     0.017532
116.744     0.103705     0.017364
110.487     0.113639     0.017217
104.478     0.118095     0.017082
 98.627     0.117820     0.016968
 92.866     0.116383     0.016872
 87.134     0.114333     0.016791
 81.373     0.110694     0.016728
 75.522     0.116417     0.016680
 69.513     0.107833     0.016653
 63.256     0.114173     0.016641
 56.633     0.104869     0.016650
 49.458     0.110147     0.016677
 41.410     0.113670     0.016728
 31.788     0.108150     0.016803
 18.195     0.108429     0.016908
----------------------------------------------------------
E =  982.500 MeV, E_lo =  970.000 MeV, E_hi =  995.000 MeV
Systematic = 0.050000, Preliminary = 0, PSEUDO_RPR2011
161.805     0.119651     0.018411
148.212     0.107485     0.018081
138.590     0.111263     0.017793
130.542     0.119697     0.017547
123.367     0.108869     0.017346
116.744     0.122515     0.017190
110.487     0.118909     0.017076
104.478     0.117343     0.017007
 98.627     0.103663     0.016980
 92.866     0.114341     0.016995
 87.134     0.107212     0.017055
 81.373     0.107536     0.017154
 75.522     0.125005     0.017295
 69.513     0.109415     0.017475
 63.256     0.122166     0.017694
 56.633     0.130856     0.017952
 49.458     0.127344     0.018252
 41.410     0.130726     0.018594
 31.788     0.125376     0.018987
 18.195     0.140998     0.019440
----------------------------------------------------------
E = 1007.500 MeV, E_lo =  995.000 MeV, E_hi = 1020.000 MeV
Systematic = 0.050000, Preliminary = 0, PSEUDO_RPR2011
161.805     0.112822     0.017316
148.212     0.117587     0.016989
138.590     0.115596     0.016722
130.542     0.101975     0.016524
123.367     0.103983     0.016401
116.744     0.116346     0.016353
110.487     0.112975     0.016386
104.478     0.105427     0.016500
 98.627     0.109446     0.016698
 92.866     0.112022     0.016974
 87.134     0.121705     0.017328
 81.373     0.120989     0.017760
 75.522     0.136465     0.018267
 69.513     0.115527     0.018843
 63.256     0.119318     0.019485
 56.633     0.141980     0.020193
 49.458     0.136145     0.020964
 41.410     0.138150     0.021804
 31.788     0.142946     0.022722
 18.195     0.160360     0.023739
----------------------------------------------------------
E = 1032.500 MeV, E_lo = 1020.000 MeV, E_hi = 1045.000 MeV
Systematic = 0.050000, Preliminary = 0, PSEUDO_RPR2011
161.805     0.100136     0.016092
148.212     0.107141     0.015906
138.590     0.103709     0.015765
130.542     0.110469     0.015696
123.367     0.102581     0.015720
116.744     0.100298     0.015852
110.487     0.113261     0.016104
104.478     0.105310     0.016482
 98.627     0.128922     0.016989
 92.866     0.118026     0.017622
 87.134     0.115708     0.018381
 81.373     0.130784     0.019257
 75.522     0.123317     0.020247
 69.513     0.137348     0.021339
 63.256     0.148550     0.022527
 56.633     0.167196     0.023802
 49.458     0.163333     0.025167
 41.410     0.193737     0.026622
 31.788     0.186553     0.028185
 18.195     0.198705     0.029892
----------------------------------------------------------
E = 1057.500 MeV, E_lo = 1045.000 MeV, E_hi = 1070.000 MeV
Systematic = 0.050000, Preliminary = 0, PSEUDO_RPR2011
161.805     0.093903     0.015198
148.212     0.101894     0.015321
138.590     0.103523     0.015402
130.542     0.098486     0.015513
123.367     0.101156     0.015711
116.744     0.109193     0.016038
110.487     0.117056     0.016518
104.478     0.117541     0.017172
 98.627     0.122953     0.018006
 92.866     0.125977     0.019020
 87.134     0.127249     0.020208
 81.373     0.144541     0.021558
 75.522     0.157481     0.023058
 69.513     0.150977     0.024687
 63.256     0.178088     0.026439
 56.633     0.199699     0.028296
 49.458     0.200281     0.030258
 41.410     0.205613     0.032337
 31.788     0.253369     0.034560
 18.195     0.249430     0.037005
----------------------------------------------------------
E = 1082.500 MeV, E_lo = 1070.000 MeV, E_hi = 1095.000 MeV
Systematic = 0.050000, Preliminary = 0, PSEUDO_RPR2011
161.805     0.105540     0.014733
148.212     0.101090     0.015345
138.590     0.111215     0.015732
130.542     0.111781     0.016041
123.367     0.109227     0.016395
116.744     0.108509     0.016875
110.487     0.114833     0.017541
104.478     0.117413     0.018426
 98.627     0.135220     0.019548
 92.866     0.148183     0.020904
 87.134     0.142984     0.022485
 81.373     0.165303     0.024267
 75.522     0.170961     0.026229
 69.513     0.180452     0.028341
 63.256     0.193102     0.030585
 56.633     0.205786     0.032949
 49.458     0.234037     0.035433
 41.410     0.246939     0.038064
 31.788     0.259906     0.040914
 18.195     0.276499     0.044121
----------------------------------------------------------
E = 1107.500 MeV, E_lo = 1095.000 MeV, E_hi = 1120.000 MeV
Systematic = 0.050000, Preliminary = 0, PSEUDO_RPR2011
161.805     0.101317     0.014613
148.212     0.102264     0.015873
138.590     0.104162     0.016617
130.542     0.100054     0.017118
123.367     0.122079     0.017577
116.744     0.120891     0.018147
110.487     0.132053     0.018927
104.478     0.146239     0.019977
 98.627     0.135932     0.021318
 92.866     0.149882     0.022950
 87.134     0.169611     0.024852
 81.373     0.195131     0.026988
 75.522     0.207031     0.029316
 69.513     0.217923     0.031806
 63.256     0.240956     0.034425
 56.633     0.258074     0.037170
 49.458     0.273902     0.040056
 41.410     0.293798     0.043152
 31.788     0.300860     0.046593
 18.195     0.328410     0.050631
----------------------------------------------------------
E = 1132.500 MeV, E_lo = 1120.000 MeV, E_hi = 1145.000 MeV
Systematic = 0.050000, Preliminary = 0, PSEUDO_RPR2011
161.805     0.100170     0.014688
148.212     0.110031     0.016680
138.590     0.128915     0.017799
130.542     0.118092     0.018453
123.367     0.133046     0.018966
116.744     0.139399     0.019563
110.487     0.125093     0.020391
104.478     0.138210     0.021537
 98.627     0.148600     0.023034
 92.866     0.174903     0.024870
 87.134     0.181065     0.027012
 81.373     0.181642     0.029406
 75.522     0.217222     0.031998
 69.513     0.233956     0.034737
 63.256     0.246401     0.037599
 56.633     0.265963     0.040584
 49.458     0.290617     0.043752
 41.410     0.304805     0.047226
 31.788     0.354215     0.051249
 18.195     0.402655     0.056244
----------------------------------------------------------
E = 1157.500 MeV, E_lo = 1145.000 MeV, E_hi = 1170.000 MeV
Systematic = 0.050000, Preliminary = 0, PSEUDO_RPR2011
161.805     0.091017     0.014802
148.212     0.105338     0.017508
138.590     0.126233     0.018957
130.542     0.128053     0.019722
123.367     0.133528     0.020241
116.744     0.134057     0.020817
110.487     0.153272     0.021651
104.478     0.152642     0.022851
 98.627     0.158315     0.024453
 92.866     0.171948     0.026439
 87.134     0.188681     0.028749
 81.373     0.215618     0.031314
 75.522     0.212043     0.034059
 69.513     0.247581     0.036927
 63.256     0.283636     0.039897
 56.633     0.279879     0.042996
 49.458     0.324278     0.046335
 41.410     0.324887     0.050124
 31.788     0.370345     0.054744
 18.195     0.425395     0.060852
----------------------------------------------------------
E = 1182.500 MeV, E_lo = 1170.000 MeV, E_hi = 1195.000 MeV
Systematic = 0.050000, Preliminary = 0, PSEUDO_RPR2011
161.805     0.099895     0.014817
148.212     0.117023     0.018108
138.590     0.122333     0.019806
130.542     0.144006     0.020631
123.367     0.145391     0.021123
116.744     0.132326     0.021660
110.487     0.159111     0.022485
104.478     0.151842     0.023724
 98.627     0.159505     0.025407
 92.866     0.174748     0.027501
 87.134     0.213118     0.029928
 81.373     0.234849     0.032589
 75.522     0.235324     0.035400
 69.513     0.257331     0.038295
 63.256     0.285929     0.041265
 56.633     0.274756     0.044373
 49.458     0.337343     0.047796
 41.410     0.335785     0.051852
 31.788     0.357079     0.057090
 18.195     0.458650     0.064437
----------------------------------------------------------
E = 1207.500 MeV, E_lo = 1195.000 MeV, E_hi = 1220.000 MeV
Systematic = 0.050000, Preliminary = 0, PSEUDO_RPR2011
161.805     0.092250     0.014637
148.212     0.123388     0.018318
138.590     0.136586     0.020154
130.542     0.140584     0.020985
123.367     0.137836     0.021438
116.744     0.155672     0.021942
110.487     0.148117     0.022770
104.478     0.158608     0.024051
 98.627     0.159746     0.025809
 92.866     0.178589     0.027993
 87.134     0.209990     0.030498
 81.373     0.246444     0.033207
 75.522     0.244477     0.036018
 69.513     0.272494     0.038865
 63.256     0.289838     0.041757
 56.633     0.283493     0.044805
 49.458     0.317453     0.048252
 41.410     0.370210     0.052536
 31.788     0.384016     0.058389
 18.195     0.427522     0.067044
----------------------------------------------------------
E = 1232.500 MeV, E_lo = 1220.000 MeV, E_hi = 1245.000 MeV
Systematic = 0.050000, Preliminary = 0, PSEUDO_RPR2011
161.805     0.107676     0.014223
148.212     0.114794     0.018078
138.590     0.128995     0.019944
130.542     0.140657     0.020739
123.367     0.129972     0.021150
116.744     0.150620     0.021636
110.487     0.138829     0.022488
104.478     0.160760     0.023829
 98.627     0.159819     0.025668
 92.866     0.170838     0.027933
 87.134     0.191659     0.030495
 81.373     0.212009     0.033222
 75.522     0.225147     0.035991
 69.513     0.271436     0.038748
 63.256     0.272576     0.041520
 56.633     0.292073     0.044463
 49.458     0.341063     0.047898
 41.410     0.354654     0.052374
 31.788     0.366863     0.058806
 18.195     0.394896     0.068751
----------------------------------------------------------
E = 1257.500 MeV, E_lo = 1245.000 MeV, E_hi = 1270.000 MeV
Systematic = 0.050000, Preliminary = 0, PSEUDO_RPR2011
161.805     0.087979     0.013581
148.212     0.121244     0.017421
138.590     0.127346     0.019224
130.542     0.135390     0.019953
123.367     0.129909     0.020325
116.744     0.143722     0.020817
110.487     0.148389     0.021711
104.478     0.161456     0.023130
 98.627     0.168363     0.025059
 92.866     0.184412     0.027402
 87.134     0.188429     0.030012
 81.373     0.233561     0.032739
 75.522     0.247504     0.035454
 69.513     0.274090     0.038106
 63.256     0.287062     0.040743
 56.633     0.299961     0.043563
 49.458     0.311178     0.046962
 41.410     0.319230     0.051591
 31.788     0.347865     0.058536
 18.195     0.462895     0.069666
----------------------------------------------------------
E = 1282.500 MeV, E_lo = 1270.000 MeV, E_hi = 1295.000 MeV
Systematic = 0.050000, Preliminary = 0, PSEUDO_RPR2011
161.805     0.077036     0.012753
148.212     0.114193     0.016434
138.590     0.117011     0.018108
130.542     0.127013     0.018756
123.367     0.133571     0.019098
116.744     0.132876     0.019608
110.487     0.142511     0.020565
104.478     0.148883     0.022065
 98.627     0.180669     0.024087
 92.866     0.171932     0.026508
 87.134     0.207445     0.029166
 81.373     0.208353     0.031890
 75.522     0.234618     0.034548
 69.513     0.266314     0.037098
 63.256     0.269225     0.039609
 56.633     0.270111     0.042312
 49.458     0.292391     0.045660
 41.410     0.323118     0.050403
 31.788     0.367318     0.057768
 18.195     0.472987     0.069918
----------------------------------------------------------
E = 1307.500 MeV, E_lo = 1295.000 MeV, E_hi = 1320.000 MeV
Systematic = 0.050000, Preliminary = 0, PSEUDO_RPR2011
161.805     0.074325     0.011790
148.212     0.106687     0.015225
138.590     0.112923     0.016740
130.542     0.116048     0.017304
123.367     0.107505     0.017622
116.744     0.112564     0.018162
110.487     0.126280     0.019182
104.478     0.122500     0.020766
 98.627     0.154533     0.022875
 92.866     0.180260     0.025371
 87.134     0.215208     0.028071
 81.373     0.206119     0.030795
 75.522     0.228627     0.033411
 69.513     0.245746     0.035877
 63.256     0.244552     0.038280
 56.633     0.287628     0.040881
 49.458     0.264843     0.044178
 41.410     0.355186     0.048990
 31.788     0.376777     0.056667
 18.195     0.480991     0.069648
----------------------------------------------------------
E = 1332.500 MeV, E_lo = 1320.000 MeV, E_hi = 1345.000 MeV
Systematic = 0.050000, Preliminary = 0, PSEUDO_RPR2011
161.805     0.072113     0.010746
148.212     0.097919     0.013905
138.590     0.098772     0.015255
130.542     0.112022     0.015738
123.367     0.106836     0.016038
116.744     0.099342     0.016605
110.487     0.117294     0.017685
104.478     0.132624     0.019347
 98.627     0.141728     0.021531
 92.866     0.148113     0.024090
 87.134     0.175970     0.026832
 81.373     0.197240     0.029565
 75.522     0.215663     0.032157
 69.513     0.214086     0.034563
 63.256     0.240451     0.036885
 56.633     0.263340     0.039408
 49.458     0.266412     0.042657
 41.410     0.330152     0.047502
 31.788     0.380797     0.055389
 18.195     0.456404     0.068997
----------------------------------------------------------
E = 1357.500 MeV, E_lo = 1345.000 MeV, E_hi = 1370.000 MeV
Systematic = 0.050000, Preliminary = 0, PSEUDO_RPR2011
161.805     0.066816     0.009678
148.212     0.081894     0.012564
138.590     0.090601     0.013761
130.542     0.093490     0.014175
123.367     0.093560     0.014460
116.744     0.093029     0.015054
110.487     0.109004     0.016179
104.478     0.117286     0.017901
 98.627     0.135547     0.020145
 92.866     0.135871     0.022758
 87.134     0.168755     0.025536
 81.373     0.205795     0.028284
 75.522     0.207175     0.030867
 69.513     0.216625     0.033240
 63.256     0.241321     0.035517
 56.633     0.249093     0.037989
 49.458     0.278313     0.041202
 41.410     0.306860     0.046053
 31.788     0.343952     0.054060
 18.195     0.475476     0.068118
----------------------------------------------------------
E = 1382.500 MeV, E_lo = 1370.000 MeV, E_hi = 1395.000 MeV
Systematic = 0.050000, Preliminary = 0, PSEUDO_RPR2011
161.805     0.057921     0.008631
148.212     0.075448     0.011274
138.590     0.084046     0.012342
130.542     0.084801     0.012699
123.367     0.088351     0.012975
116.744     0.083441     0.013581
110.487     0.094663     0.014736
104.478     0.117909     0.016494
 98.627     0.127638     0.018783
 92.866     0.147847     0.021432
 87.134     0.142866     0.024243
 81.373     0.192505     0.027012
 75.522     0.188053     0.029604
 69.513     0.221782     0.031977
 63.256     0.230772     0.034239
 56.633     0.244831     0.036690
 49.458     0.269483     0.039882
 41.410     0.296320     0.044730
 31.788     0.327950     0.052794
 18.195     0.460773     0.067158
----------------------------------------------------------
E = 1407.500 MeV, E_lo = 1395.000 MeV, E_hi = 1420.000 MeV
Systematic = 0.050000, Preliminary = 0, PSEUDO_RPR2011
161.805     0.049038     0.007647
148.212     0.064330     0.010092
138.590     0.074384     0.011058
130.542     0.079206     0.011373
123.367     0.080785     0.011634
116.744     0.081973     0.012240
110.487     0.087849     0.013407
104.478     0.108805     0.015180
 98.627     0.119415     0.017487
 92.866     0.124427     0.020160
 87.134     0.154756     0.022995
 81.373     0.173083     0.025794
 75.522     0.167433     0.028410
 69.513     0.203795     0.030807
 63.256     0.227991     0.033087
 56.633     0.245353     0.035556
 49.458     0.269546     0.038754
 41.410     0.285148     0.043599
 31.788     0.340984     0.051678
 18.195     0.456248     0.066234
----------------------------------------------------------
E = 1432.500 MeV, E_lo = 1420.000 MeV, E_hi = 1445.000 MeV
Systematic = 0.050000, Preliminary = 0, PSEUDO_RPR2011
161.805     0.044144     0.006753
148.212     0.060612     0.009048
138.590     0.056801     0.009945
130.542     0.066664     0.010227
123.367     0.065988     0.010470
116.744     0.073931     0.011064
110.487     0.081241     0.012216
104.478     0.095125     0.013983
 98.627     0.103944     0.016287
 92.866     0.119576     0.018966
 87.134     0.152264     0.021819
 81.373     0.162645     0.024648
 75.522     0.180352     0.027306
 69.513     0.200750     0.029751
 63.256     0.210742     0.032085
 56.633     0.231312     0.034602
 49.458     0.251816     0.037839
 41.410     0.270165     0.042696
 31.788     0.342699     0.050769
 18.195     0.482526     0.065445
----------------------------------------------------------
E = 1457.500 MeV, E_lo = 1445.000 MeV, E_hi = 1470.000 MeV
Systematic = 0.050000, Preliminary = 0, PSEUDO_RPR2011
161.805     0.036252     0.005976
148.212     0.051054     0.008169
138.590     0.059293     0.009021
130.542     0.059989     0.009273
123.367     0.064536     0.009492
116.744     0.064753     0.010056
110.487     0.067752     0.011175
104.478     0.089279     0.012906
 98.627     0.100019     0.015186
 92.866     0.116421     0.017859
 87.134     0.143341     0.020721
 81.373     0.158825     0.023583
 75.522     0.191394     0.026295
 69.513     0.198756     0.028812
 63.256     0.207043     0.031233
 56.633     0.231898     0.033834
 49.458     0.255435     0.037143
 41.410     0.263227     0.042033
 31.788     0.354620     0.050094
 18.195     0.429659     0.064818
----------------------------------------------------------
E = 1482.500 MeV, E_lo = 1470.000 MeV, E_hi = 1495.000 MeV
Systematic = 0.050000, Preliminary = 0, PSEUDO_RPR2011
161.805     0.032776     0.005325
148.212     0.050092     0.007461
138.590     0.054633     0.008286
130.542     0.055240     0.008514
123.367     0.062337     0.008697
116.744     0.056244     0.009210
110.487     0.068446     0.010269
104.478     0.085055     0.011946
 98.627     0.091983     0.014184
 92.866     0.111666     0.016833
 87.134     0.129663     0.019704
 81.373     0.146462     0.022602
 75.522     0.169708     0.025383
 69.513     0.197127     0.027993
 63.256     0.213984     0.030525
 56.633     0.207766     0.033246
 49.458     0.249047     0.036654
 41.410     0.266417     0.041595
 31.788     0.342668     0.049635
 18.195     0.464595     0.064344
----------------------------------------------------------
E = 1507.500 MeV, E_lo = 1495.000 MeV, E_hi = 1520.000 MeV
Systematic = 0.050000, Preliminary = 0, PSEUDO_RPR2011
161.805     0.031813     0.004800
148.212     0.048575     0.006918
138.590     0.058591     0.007731
130.542     0.053272     0.007935
123.367     0.054890     0.008064
116.744     0.055446     0.008508
110.487     0.061068     0.009489
104.478     0.073943     0.011088
 98.627     0.092964     0.013263
 92.866     0.111147     0.015882
 87.134     0.127547     0.018756
 81.373     0.141161     0.021696
 75.522     0.181181     0.024558
 69.513     0.182894     0.027282
 63.256     0.201394     0.029949
 56.633     0.228196     0.032811
 49.458     0.251302     0.036342
 41.410     0.279572     0.041352
 31.788     0.354204     0.049353
 18.195     0.422053     0.063963
----------------------------------------------------------
E = 1532.500 MeV, E_lo = 1520.000 MeV, E_hi = 1545.000 MeV
Systematic = 0.050000, Preliminary = 0, PSEUDO_RPR2011
161.805     0.028048     0.004398
148.212     0.044231     0.006531
138.590     0.049210     0.007347
130.542     0.046776     0.007515
123.367     0.051338     0.007581
116.744     0.049810     0.007932
110.487     0.058258     0.008811
104.478     0.068869     0.010314
 98.627     0.081056     0.012417
 92.866     0.100110     0.014994
 87.134     0.120629     0.017871
 81.373     0.136388     0.020862
 75.522     0.151652     0.023814
 69.513     0.172029     0.026667
 63.256     0.199239     0.029490
 56.633     0.229280     0.032511
 49.458     0.255177     0.036183
 41.410     0.280056     0.041259
 31.788     0.326291     0.049197
 18.195     0.407282     0.063621
----------------------------------------------------------
E = 1557.500 MeV, E_lo = 1545.000 MeV, E_hi = 1570.000 MeV
Systematic = 0.050000, Preliminary = 0, PSEUDO_RPR2011
161.805     0.028808     0.004104
148.212     0.042204     0.006291
138.590     0.049054     0.007113
130.542     0.040162     0.007242
123.367     0.045727     0.007224
116.744     0.052664     0.007464
110.487     0.056873     0.008220
104.478     0.065345     0.009612
 98.627     0.074569     0.011628
 92.866     0.096917     0.014163
 87.134     0.109733     0.017043
 81.373     0.131352     0.020088
 75.522     0.150059     0.023145
 69.513     0.174705     0.026139
 63.256     0.183441     0.029130
 56.633     0.224795     0.032325
 49.458     0.236742     0.036138
 41.410     0.256147     0.041280
 31.788     0.333027     0.049125
 18.195     0.423808     0.063273
----------------------------------------------------------
E = 1582.500 MeV, E_lo = 1570.000 MeV, E_hi = 1595.000 MeV
Systematic = 0.050000, Preliminary = 0, PSEUDO_RPR2011
161.805     0.026292     0.003906
148.212     0.038138     0.006177
138.590     0.049766     0.007014
130.542     0.048955     0.007095
123.367     0.046239     0.006978
116.744     0.052305     0.007089
110.487     0.050755     0.007704
104.478     0.057814     0.008970
 98.627     0.070937     0.010890
 92.866     0.085959     0.013377
 87.134     0.102110     0.016263
 81.373     0.137734     0.019371
 75.522     0.135054     0.022536
 69.513     0.167969     0.025683
 63.256     0.191701     0.028848
 56.633     0.210423     0.032220
 49.458     0.241217     0.036177
 41.410     0.274951     0.041373
 31.788     0.309255     0.049101
 18.195     0.438457     0.062889
----------------------------------------------------------
E = 1607.500 MeV, E_lo = 1595.000 MeV, E_hi = 1620.000 MeV
Systematic = 0.050000, Preliminary = 0, PSEUDO_RPR2011
161.805     0.024854     0.003798
148.212     0.042892     0.006177
138.590     0.047203     0.007038
130.542     0.050561     0.007062
123.367     0.047361     0.006828
116.744     0.048075     0.006789
110.487     0.049977     0.007251
104.478     0.055147     0.008376
 98.627     0.066297     0.010194
 92.866     0.087509     0.012630
 87.134     0.106641     0.015525
 81.373     0.129971     0.018696
 75.522     0.140295     0.021981
 69.513     0.169234     0.025284
 63.256     0.182135     0.028623
 56.633     0.218709     0.032169
 49.458     0.245011     0.036264
 41.410     0.280811     0.041505
 31.788     0.326860     0.049089
 18.195     0.414909     0.062466
----------------------------------------------------------
E = 1632.500 MeV, E_lo = 1620.000 MeV, E_hi = 1645.000 MeV
Systematic = 0.050000, Preliminary = 0, PSEUDO_RPR2011
161.805     0.023288     0.003756
148.212     0.042014     0.006270
138.590     0.045821     0.007152
130.542     0.046084     0.007113
123.367     0.044574     0.006756
116.744     0.042588     0.006555
110.487     0.043684     0.006849
104.478     0.054463     0.007824
 98.627     0.059820     0.009534
 92.866     0.077413     0.011916
 87.134     0.097284     0.014820
 81.373     0.117041     0.018057
 75.522     0.137104     0.021459
 69.513     0.163361     0.024915
 63.256     0.184253     0.028428
 56.633     0.225721     0.032139
 49.458     0.268841     0.036357
 41.410     0.274254     0.041631
 31.788     0.332784     0.049059
 18.195     0.404363     0.062004
----------------------------------------------------------
E = 1657.500 MeV, E_lo = 1645.000 MeV, E_hi = 1670.000 MeV
Systematic = 0.050000, Preliminary = 0, PSEUDO_RPR2011
161.805     0.025889     0.003765
148.212     0.040344     0.006420
138.590     0.051249     0.007332
130.542     0.045643     0.007227
123.367     0.043642     0.006738
116.744     0.048254     0.006369
110.487     0.043057     0.006486
104.478     0.047988     0.007308
 98.627     0.060429     0.008907
 92.866     0.078040     0.011229
 87.134     0.094716     0.014136
 81.373     0.117323     0.017439
 75.522     0.141965     0.020955
 69.513     0.151962     0.024558
 63.256     0.192726     0.028227
 56.633     0.211141     0.032088
 49.458     0.222398     0.036417
 41.410     0.248512     0.041709
 31.788     0.308158     0.048981
 18.195     0.403101     0.061512
----------------------------------------------------------
E = 1682.500 MeV, E_lo = 1670.000 MeV, E_hi = 1695.000 MeV
Systematic = 0.050000, Preliminary = 0, PSEUDO_RPR2011
161.805     0.025850     0.003804
148.212     0.045252     0.006600
138.590     0.050017     0.007539
130.542     0.049414     0.007368
123.367     0.047564     0.006747
116.744     0.040537     0.006213
110.487     0.039680     0.006156
104.478     0.041966     0.006822
 98.627     0.052475     0.008304
 92.866     0.064170     0.010566
 87.134     0.085462     0.013473
 81.373     0.110823     0.016830
 75.522     0.133241     0.020448
 69.513     0.150545     0.024180
 63.256     0.183060     0.027993
 56.633     0.208722     0.031983
 49.458     0.257187     0.036402
 41.410     0.284252     0.041703
 31.788     0.344849     0.048825
 18.195     0.406689     0.060990
----------------------------------------------------------
E = 1707.500 MeV, E_lo = 1695.000 MeV, E_hi = 1720.000 MeV
Systematic = 0.050000, Preliminary = 0, PSEUDO_RPR2011
161.805     0.023085     0.003852
148.212     0.047025     0.006771
138.590     0.050888     0.007731
130.542     0.047343     0.007503
123.367     0.043340     0.006762
116.744     0.039146     0.006069
110.487     0.038857     0.005844
104.478     0.043585     0.006360
 98.627     0.051061     0.007725
 92.866     0.064613     0.009921
 87.134     0.087864     0.012816
 81.373     0.116530     0.016218
 75.522     0.124923     0.019920
 69.513     0.148629     0.023763
 63.256     0.184373     0.027693
 56.633     0.223678     0.031788
 49.458     0.243002     0.036276
 41.410     0.289864     0.041571
 31.788     0.341908     0.048564
 18.195     0.412902     0.060447
----------------------------------------------------------
E = 1732.500 MeV, E_lo = 1720.000 MeV, E_hi = 1745.000 MeV
Systematic = 0.050000, Preliminary = 0, PSEUDO_RPR2011
161.805     0.025360     0.003894
148.212     0.045722     0.006903
138.590     0.051478     0.007878
130.542     0.049868     0.007599
123.367     0.045244     0.006753
116.744     0.038558     0.005922
110.487     0.037675     0.005547
104.478     0.041547     0.005919
 98.627     0.049065     0.007173
 92.866     0.059732     0.009297
 87.134     0.074240     0.012168
 81.373     0.112157     0.015594
 75.522     0.131357     0.019359
 69.513     0.153645     0.023286
 63.256     0.177965     0.027309
 56.633     0.197875     0.031482
 49.458     0.261605     0.036015
 41.410     0.292577     0.041301
 31.788     0.324626     0.048186
 18.195     0.403924     0.059880
----------------------------------------------------------
E = 1757.500 MeV, E_lo = 1745.000 MeV, E_hi = 1770.000 MeV
Systematic = 0.050000, Preliminary = 0, PSEUDO_RPR2011
161.805     0.025951     0.003909
148.212     0.048410     0.006966
138.590     0.055443     0.007950
130.542     0.051395     0.007632
123.367     0.044241     0.006708
116.744     0.041279     0.005766
110.487     0.030734     0.005262
104.478     0.036947     0.005505
 98.627     0.046942     0.006645
 92.866     0.058748     0.008691
 87.134     0.075468     0.011526
 81.373     0.096656     0.014955
 75.522     0.130480     0.018756
 69.513     0.156214     0.022743
 63.256     0.176669     0.026829
 56.633     0.206603     0.031053
 49.458     0.247131     0.035610
 41.410     0.297488     0.040878
 31.788     0.339615     0.047685
 18.195     0.400122     0.059295
----------------------------------------------------------
E = 1782.500 MeV, E_lo = 1770.000 MeV, E_hi = 1795.000 MeV
Systematic = 0.050000, Preliminary = 0, PSEUDO_RPR2011
161.805     0.026051     0.003897
148.212     0.042862     0.006951
138.590     0.054565     0.007932
130.542     0.053538     0.007590
123.367     0.041850     0.006615
116.744     0.034657     0.005589
110.487     0.035421     0.004983
104.478     0.038873     0.005112
 98.627     0.039734     0.006150
 92.866     0.052031     0.008112
 87.134     0.071941     0.010893
 81.373     0.092986     0.014301
 75.522     0.120392     0.018111
 69.513     0.142147     0.022131
 63.256     0.173089     0.026253
 56.633     0.194072     0.030507
 49.458     0.234375     0.035073
 41.410     0.248040     0.040320
 31.788     0.306572     0.047073
 18.195     0.404187     0.058695
----------------------------------------------------------
E = 1807.500 MeV, E_lo = 1795.000 MeV, E_hi = 1820.000 MeV
Systematic = 0.050000, Preliminary = 0, PSEUDO_RPR2011
161.805     0.027500     0.003849
148.212     0.044213     0.006855
138.590     0.051894     0.007824
130.542     0.051681     0.007476
123.367     0.049755     0.006474
116.744     0.038696     0.005400
110.487     0.032934     0.004716
104.478     0.033099     0.004749
 98.627     0.036658     0.005685
 92.866     0.047701     0.007557
 87.134     0.070950     0.010269
 81.373     0.091622     0.013635
 75.522     0.117531     0.017433
 69.513     0.147183     0.021456
 63.256     0.170066     0.025593
 56.633     0.205812     0.029856
 49.458     0.250447     0.034422
 41.410     0.273519     0.039648
 31.788     0.294996     0.046365
 18.195     0.369801     0.058080
----------------------------------------------------------
E = 1832.500 MeV, E_lo = 1820.000 MeV, E_hi = 1845.000 MeV
Systematic = 0.050000, Preliminary = 0, PSEUDO_RPR2011
161.805     0.023304     0.003774
148.212     0.045842     0.006690
138.590     0.054489     0.007635
130.542     0.050282     0.007293
123.367     0.040119     0.006297
116.744     0.033110     0.005202
110.487     0.028148     0.004464
104.478     0.027382     0.004416
 98.627     0.036816     0.005256
 92.866     0.047522     0.007032
 87.134     0.068938     0.009660
 81.373     0.079184     0.012966
 75.522     0.109550     0.016725
 69.513     0.131165     0.020736
 63.256     0.157106     0.024870
 56.633     0.188684     0.029130
 49.458     0.244702     0.033687
 41.410     0.235984     0.038892
 31.788     0.341373     0.045594
 18.195     0.365155     0.057456
----------------------------------------------------------
E = 1857.500 MeV, E_lo = 1845.000 MeV, E_hi = 1870.000 MeV
Systematic = 0.050000, Preliminary = 0, PSEUDO_RPR2011
161.805     0.026275     0.003678
148.212     0.044299     0.006465
138.590     0.050732     0.007383
130.542     0.049267     0.007062
123.367     0.041961     0.006090
116.744     0.032025     0.004998
110.487     0.027554     0.004227
104.478     0.028489     0.004116
 98.627     0.031867     0.004866
 92.866     0.043244     0.006537
 87.134     0.060676     0.009069
 81.373     0.085143     0.012297
 75.522     0.111984     0.016005
 69.513     0.129760     0.019983
 63.256     0.164586     0.024099
 56.633     0.191449     0.028353
 49.458     0.196647     0.032895
 41.410     0.238741     0.038082
 31.788     0.285609     0.044778
 18.195     0.382567     0.056829
----------------------------------------------------------
E = 1882.500 MeV, E_lo = 1870.000 MeV, E_hi = 1895.000 MeV
Systematic = 0.050000, Preliminary = 0, PSEUDO_RPR2011
161.805     0.025048     0.003564
148.212     0.041717     0.006198
138.590     0.048962     0.007083
130.542     0.046105     0.006792
123.367     0.038106     0.005865
116.744     0.034906     0.004794
110.487     0.026634     0.004014
104.478     0.026266     0.003849
 98.627     0.030458     0.004509
 92.866     0.038538     0.006078
 87.134     0.056507     0.008505
 81.373     0.081398     0.011640
 75.522     0.101209     0.015279
 69.513     0.122209     0.019215
 63.256     0.143872     0.023307
 56.633     0.170704     0.027546
 49.458     0.204379     0.032076
 41.410     0.253457     0.037245
 31.788     0.314127     0.043947
 18.195     0.367739     0.056199
----------------------------------------------------------
E = 1907.500 MeV, E_lo = 1895.000 MeV, E_hi = 1920.000 MeV
Systematic = 0.050000, Preliminary = 0, PSEUDO_RPR2011
161.805     0.023762     0.003444
148.212     0.038729     0.005907
138.590     0.045025     0.006759
130.542     0.043290     0.006504
123.367     0.035556     0.005631
116.744     0.029538     0.004602
110.487     0.025149     0.003822
104.478     0.022463     0.003612
 98.627     0.031631     0.004191
 92.866     0.037629     0.005652
 87.134     0.053137     0.007965
 81.373     0.075369     0.011001
 75.522     0.094998     0.014562
 69.513     0.133426     0.018444
 63.256     0.155141     0.022509
 56.633     0.165554     0.026730
 49.458     0.228741     0.031251
 41.410     0.241703     0.036411
 31.788     0.296286     0.043119
 18.195     0.396016     0.055569
----------------------------------------------------------
E = 1932.500 MeV, E_lo = 1920.000 MeV, E_hi = 1945.000 MeV
Systematic = 0.050000, Preliminary = 0, PSEUDO_RPR2011
161.805     0.021692     0.003321
148.212     0.036749     0.005607
138.590     0.043152     0.006423
130.542     0.042691     0.006207
123.367     0.037369     0.005400
116.744     0.027151     0.004422
110.487     0.026306     0.003651
104.478     0.022285     0.003408
 98.627     0.025756     0.003906
 92.866     0.033450     0.005259
 87.134     0.051466     0.007455
 81.373     0.072630     0.010383
 75.522     0.091440     0.013857
 69.513     0.111620     0.017682
 63.256     0.136434     0.021714
 56.633     0.179963     0.025923
 49.458     0.198030     0.030438
 41.410     0.238204     0.035592
 31.788     0.294449     0.042306
 18.195     0.349245     0.054942
----------------------------------------------------------
E = 1957.500 MeV, E_lo = 1945.000 MeV, E_hi = 1970.000 MeV
Systematic = 0.050000, Preliminary = 0, PSEUDO_RPR2011
161.805     0.021019     0.003201
148.212     0.036343     0.005310
138.590     0.039053     0.006084
130.542     0.037757     0.005913
123.367     0.033052     0.005175
116.744     0.030887     0.004254
110.487     0.024693     0.003504
104.478     0.022039     0.003228
 98.627     0.024247     0.003654
 92.866     0.033736     0.004899
 87.134     0.045501     0.006975
 81.373     0.066430     0.009789
 75.522     0.087699     0.013170
 69.513     0.121188     0.016938
 63.256     0.131293     0.020937
 56.633     0.159193     0.025137
 49.458     0.206873     0.029649
 41.410     0.234652     0.034803
 31.788     0.290024     0.041523
 18.195     0.350140     0.054321
----------------------------------------------------------
E = 1982.500 MeV, E_lo = 1970.000 MeV, E_hi = 1995.000 MeV
Systematic = 0.050000, Preliminary = 0, PSEUDO_RPR2011
161.805     0.020181     0.003084
148.212     0.032528     0.005019
138.590     0.038352     0.005757
130.542     0.038210     0.005628
123.367     0.031173     0.004962
116.744     0.026766     0.004104
110.487     0.022160     0.003378
104.478     0.019205     0.003075
 98.627     0.022858     0.003429
 92.866     0.029751     0.004569
 87.134     0.044782     0.006522
 81.373     0.058994     0.009222
 75.522     0.083899     0.012510
 69.513     0.099597     0.016212
 63.256     0.120735     0.020184
 56.633     0.149204     0.024375
 49.458     0.195511     0.028890
 41.410     0.237253     0.034047
 31.788     0.302784     0.040767
 18.195     0.315137     0.053703
----------------------------------------------------------
E = 2007.500 MeV, E_lo = 1995.000 MeV, E_hi = 2020.000 MeV
Systematic = 0.050000, Preliminary = 0, PSEUDO_RPR2011
161.805     0.019877     0.002973
148.212     0.031299     0.004743
138.590     0.034882     0.005442
130.542     0.035331     0.005355
123.367     0.029365     0.004761
116.744     0.025294     0.003966
110.487     0.021098     0.003267
104.478     0.019865     0.002946
 98.627     0.022946     0.003228
 92.866     0.027407     0.004266
 87.134     0.042936     0.006099
 81.373     0.057634     0.008682
 75.522     0.081133     0.011877
 69.513     0.108655     0.015516
 63.256     0.114781     0.019455
 56.633     0.148307     0.023640
 49.458     0.174710     0.028161
 41.410     0.218746     0.033327
 31.788     0.266076     0.040050
 18.195     0.356770     0.053091
----------------------------------------------------------
E = 2032.500 MeV, E_lo = 2020.000 MeV, E_hi = 2045.000 MeV
Systematic = 0.050000, Preliminary = 0, PSEUDO_RPR2011
161.805     0.017432     0.002868
148.212     0.029182     0.004479
138.590     0.034829     0.005148
130.542     0.034010     0.005097
123.367     0.030782     0.004575
116.744     0.025528     0.003840
110.487     0.020124     0.003171
104.478     0.021057     0.002832
 98.627     0.019582     0.003054
 92.866     0.026693     0.003990
 87.134     0.037670     0.005706
 81.373     0.055080     0.008172
 75.522     0.075484     0.011268
 69.513     0.097158     0.014844
 63.256     0.126034     0.018753
 56.633     0.161432     0.022932
 49.458     0.183428     0.027468
 41.410     0.209861     0.032640
 31.788     0.265712     0.039363
 18.195     0.364826     0.052488
----------------------------------------------------------
E = 2057.500 MeV, E_lo = 2045.000 MeV, E_hi = 2070.000 MeV
Systematic = 0.050000, Preliminary = 0, PSEUDO_RPR2011
161.805     0.017949     0.002766
148.212     0.027872     0.004233
138.590     0.032839     0.004869
130.542     0.031551     0.004854
123.367     0.027745     0.004398
116.744     0.024044     0.003726
110.487     0.020968     0.003087
104.478     0.018072     0.002736
 98.627     0.017295     0.002898
 92.866     0.026658     0.003735
 87.134     0.036810     0.005337
 81.373     0.050324     0.007686
 75.522     0.067600     0.010689
 69.513     0.083520     0.014199
 63.256     0.114448     0.018075
 56.633     0.142718     0.022254
 49.458     0.175760     0.026802
 41.410     0.219181     0.031989
 31.788     0.275080     0.038709
 18.195     0.333208     0.051888
----------------------------------------------------------
E = 2082.500 MeV, E_lo = 2070.000 MeV, E_hi = 2095.000 MeV
Systematic = 0.050000, Preliminary = 0, PSEUDO_RPR2011
161.805     0.018774     0.002667
148.212     0.026543     0.004005
138.590     0.030126     0.004608
130.542     0.034533     0.004626
123.367     0.028035     0.004233
116.744     0.023679     0.003621
110.487     0.021039     0.003015
104.478     0.017706     0.002652
 98.627     0.019226     0.002757
 92.866     0.025092     0.003504
 87.134     0.034022     0.004992
 81.373     0.045416     0.007230
 75.522     0.073294     0.010137
 69.513     0.085035     0.013581
 63.256     0.128335     0.017424
 56.633     0.131830     0.021603
 49.458     0.188685     0.026163
 41.410     0.213328     0.031368
 31.788     0.265399     0.038085
 18.195     0.313831     0.051297
----------------------------------------------------------
E = 2107.500 MeV, E_lo = 2095.000 MeV, E_hi = 2120.000 MeV
Systematic = 0.050000, Preliminary = 0, PSEUDO_RPR2011
161.805     0.018186     0.002571
148.212     0.024855     0.003789
138.590     0.031226     0.004362
130.542     0.030710     0.004413
123.367     0.027041     0.004077
116.744     0.023072     0.003522
110.487     0.020561     0.002949
104.478     0.017218     0.002580
 98.627     0.017611     0.002634
 92.866     0.022374     0.003294
 87.134     0.030269     0.004674
 81.373     0.046388     0.006798
 75.522     0.063418     0.009609
 69.513     0.087510     0.012987
 63.256     0.116081     0.016800
 56.633     0.143639     0.020973
 49.458     0.170302     0.025551
 41.410     0.206183     0.030774
 31.788     0.259321     0.037488
 18.195     0.313393     0.050712
----------------------------------------------------------
E = 2132.500 MeV, E_lo = 2120.000 MeV, E_hi = 2145.000 MeV
Systematic = 0.050000, Preliminary = 0, PSEUDO_RPR2011
161.805     0.016956     0.002475
148.212     0.023492     0.003585
138.590     0.027452     0.004131
130.542     0.030879     0.004209
123.367     0.025622     0.003930
116.744     0.024213     0.003432
110.487     0.019860     0.002892
104.478     0.016814     0.002517
 98.627     0.017179     0.002526
 92.866     0.019323     0.003102
 87.134     0.029394     0.004377
 81.373     0.043051     0.006393
 75.522     0.060375     0.009108
 69.513     0.073957     0.012417
 63.256     0.113500     0.016194
 56.633     0.140571     0.020364
 49.458     0.139376     0.024960
 41.410     0.213814     0.030204
 31.788     0.220556     0.036915
 18.195     0.301357     0.050133
----------------------------------------------------------
E = 2157.500 MeV, E_lo = 2145.000 MeV, E_hi = 2170.000 MeV
Systematic = 0.050000, Preliminary = 0, PSEUDO_RPR2011
161.805     0.015372     0.002376
148.212     0.021389     0.003393
138.590     0.024701     0.003915
130.542     0.025935     0.004020
123.367     0.026565     0.003789
116.744     0.022428     0.003342
110.487     0.017599     0.002835
104.478     0.016372     0.002460
 98.627     0.016604     0.002427
 92.866     0.019427     0.002928
 87.134     0.029020     0.004101
 81.373     0.041994     0.006009
 75.522     0.059733     0.008631
 69.513     0.082296     0.011871
 63.256     0.105467     0.015612
 56.633     0.133109     0.019776
 49.458     0.165069     0.024390
 41.410     0.200269     0.029655
 31.788     0.225358     0.036363
 18.195     0.329295     0.049560
----------------------------------------------------------
E = 2182.500 MeV, E_lo = 2170.000 MeV, E_hi = 2195.000 MeV
Systematic = 0.050000, Preliminary = 0, PSEUDO_RPR2011
161.805     0.014389     0.002280
148.212     0.021714     0.003213
138.590     0.027039     0.003711
130.542     0.027910     0.003837
123.367     0.024850     0.003654
116.744     0.023540     0.003258
110.487     0.018148     0.002784
104.478     0.017533     0.002412
 98.627     0.015706     0.002340
 92.866     0.019114     0.002769
 87.134     0.027251     0.003843
 81.373     0.040115     0.005649
 75.522     0.056341     0.008175
 69.513     0.079888     0.011346
 63.256     0.104717     0.015048
 56.633     0.131401     0.019209
 49.458     0.162010     0.023838
 41.410     0.190496     0.029124
 31.788     0.246775     0.035832
 18.195     0.311317     0.048996
----------------------------------------------------------
E = 2207.500 MeV, E_lo = 2195.000 MeV, E_hi = 2220.000 MeV
Systematic = 0.050000, Preliminary = 0, PSEUDO_RPR2011
161.805     0.014156     0.002178
148.212     0.019446     0.003036
138.590     0.023370     0.003513
130.542     0.026149     0.003660
123.367     0.023755     0.003525
116.744     0.019274     0.003177
110.487     0.016259     0.002736
104.478     0.016222     0.002364
 98.627     0.015356     0.002262
 92.866     0.017717     0.002622
 87.134     0.024487     0.003606
 81.373     0.035777     0.005310
 75.522     0.053675     0.007743
 69.513     0.070567     0.010842
 63.256     0.112417     0.014505
 56.633     0.125294     0.018654
 49.458     0.149817     0.023298
 41.410     0.196122     0.028611
 31.788     0.250484     0.035316
 18.195     0.317706     0.048438
----------------------------------------------------------
E = 2232.500 MeV, E_lo = 2220.000 MeV, E_hi = 2245.000 MeV
Systematic = 0.050000, Preliminary = 0, PSEUDO_RPR2011
161.805     0.013747     0.002076
148.212     0.019945     0.002871
138.590     0.022431     0.003327
130.542     0.023544     0.003492
123.367     0.023881     0.003396
116.744     0.019655     0.003093
110.487     0.018672     0.002685
104.478     0.015570     0.002322
 98.627     0.014553     0.002193
 92.866     0.017499     0.002490
 87.134     0.020985     0.003387
 81.373     0.035613     0.004989
 75.522     0.049001     0.007329
 69.513     0.065454     0.010356
 63.256     0.088965     0.013977
 56.633     0.116691     0.018117
 49.458     0.149247     0.022773
 41.410     0.178812     0.028104
 31.788     0.219545     0.034818
 18.195     0.307298     0.047889
----------------------------------------------------------
E = 2257.500 MeV, E_lo = 2245.000 MeV, E_hi = 2270.000 MeV
Systematic = 0.050000, Preliminary = 0, PSEUDO_RPR2011
161.805     0.013800     0.001971
148.212     0.019148     0.002709
138.590     0.021354     0.003150
130.542     0.024347     0.003330
123.367     0.020838     0.003270
116.744     0.019900     0.003012
110.487     0.019058     0.002637
104.478     0.015394     0.002283
 98.627     0.014571     0.002130
 92.866     0.014940     0.002370
 87.134     0.021567     0.003183
 81.373     0.029273     0.004689
 75.522     0.046324     0.006939
 69.513     0.067214     0.009891
 63.256     0.085195     0.013467
 56.633     0.111588     0.017592
 49.458     0.152890     0.022260
 41.410     0.171535     0.027621
 31.788     0.221783     0.034335
 18.195     0.332110     0.047346
----------------------------------------------------------
E = 2282.500 MeV, E_lo = 2270.000 MeV, E_hi = 2295.000 MeV
Systematic = 0.050000, Preliminary = 0, PSEUDO_RPR2011
161.805     0.012043     0.001863
148.212     0.017018     0.002550
138.590     0.018671     0.002979
130.542     0.021345     0.003171
123.367     0.021957     0.003147
116.744     0.019780     0.002931
110.487     0.018203     0.002589
104.478     0.014935     0.002247
 98.627     0.013135     0.002070
 92.866     0.015285     0.002259
 87.134     0.018022     0.002994
 81.373     0.027778     0.004410
 75.522     0.041949     0.006567
 69.513     0.069141     0.009447
 63.256     0.077978     0.012975
 56.633     0.115805     0.017079
 49.458     0.150637     0.021759
 41.410     0.188727     0.027144
 31.788     0.235739     0.033861
 18.195     0.314574     0.046809
----------------------------------------------------------
E = 2307.500 MeV, E_lo = 2295.000 MeV, E_hi = 2320.000 MeV
Systematic = 0.050000, Preliminary = 0, PSEUDO_RPR2011
161.805     0.011893     0.001752
148.212     0.016749     0.002400
138.590     0.019081     0.002811
130.542     0.019605     0.003018
123.367     0.019660     0.003027
116.744     0.017793     0.002847
110.487     0.016266     0.002541
104.478     0.013638     0.002211
 98.627     0.013365     0.002019
 92.866     0.013553     0.002160
 87.134     0.018523     0.002817
 81.373     0.026473     0.004146
 75.522     0.042458     0.006213
 69.513     0.059691     0.009018
 63.256     0.092380     0.012495
 56.633     0.116952     0.016581
 49.458     0.159779     0.021267
 41.410     0.196381     0.026676
 31.788     0.226974     0.033402
 18.195     0.295522     0.046281
----------------------------------------------------------
E = 2332.500 MeV, E_lo = 2320.000 MeV, E_hi = 2345.000 MeV
Systematic = 0.050000, Preliminary = 0, PSEUDO_RPR2011
161.805     0.011324     0.001641
148.212     0.015039     0.002253
138.590     0.018255     0.002652
130.542     0.020713     0.002871
123.367     0.018697     0.002907
116.744     0.019343     0.002766
110.487     0.017671     0.002490
104.478     0.015216     0.002175
 98.627     0.013730     0.001971
 92.866     0.013565     0.002067
 87.134     0.018550     0.002658
 81.373     0.027505     0.003897
 75.522     0.038245     0.005877
 69.513     0.054723     0.008604
 63.256     0.075134     0.012033
 56.633     0.119683     0.016095
 49.458     0.146972     0.020784
 41.410     0.181316     0.026214
 31.788     0.237373     0.032952
 18.195     0.301584     0.045762
----------------------------------------------------------
E = 2357.500 MeV, E_lo = 2345.000 MeV, E_hi = 2370.000 MeV
Systematic = 0.050000, Preliminary = 0, PSEUDO_RPR2011
161.805     0.009863     0.001530
148.212     0.014597     0.002109
138.590     0.016523     0.002496
130.542     0.018037     0.002724
123.367     0.018251     0.002787
116.744     0.017534     0.002679
110.487     0.016855     0.002436
104.478     0.014714     0.002139
 98.627     0.012787     0.001926
 92.866     0.013727     0.001983
 87.134     0.015801     0.002508
 81.373     0.024680     0.003666
 75.522     0.035458     0.005559
 69.513     0.055078     0.008211
 63.256     0.079256     0.011583
 56.633     0.111240     0.015618
 49.458     0.147568     0.020310
 41.410     0.170367     0.025764
 31.788     0.232664     0.032514
 18.195     0.300247     0.045249
----------------------------------------------------------
E = 2382.500 MeV, E_lo = 2370.000 MeV, E_hi = 2395.000 MeV
Systematic = 0.050000, Preliminary = 0, PSEUDO_RPR2011
161.805     0.009797     0.001416
148.212     0.012431     0.001968
138.590     0.016645     0.002346
130.542     0.018493     0.002583
123.367     0.018005     0.002667
116.744     0.017890     0.002595
110.487     0.015166     0.002382
104.478     0.014464     0.002103
 98.627     0.011929     0.001884
 92.866     0.012571     0.001908
 87.134     0.016221     0.002370
 81.373     0.022476     0.003447
 75.522     0.034452     0.005256
 69.513     0.047968     0.007830
 63.256     0.071010     0.011148
 56.633     0.108206     0.015153
 49.458     0.126717     0.019845
 41.410     0.181554     0.025320
 31.788     0.200929     0.032082
 18.195     0.300722     0.044745
----------------------------------------------------------
E = 2407.500 MeV, E_lo = 2395.000 MeV, E_hi = 2420.000 MeV
Systematic = 0.050000, Preliminary = 0, PSEUDO_RPR2011
161.805     0.008753     0.001305
148.212     0.012054     0.001833
138.590     0.015609     0.002202
130.542     0.015810     0.002445
123.367     0.016286     0.002550
116.744     0.017931     0.002508
110.487     0.016059     0.002328
104.478     0.014326     0.002064
 98.627     0.012767     0.001845
 92.866     0.011653     0.001839
 87.134     0.015228     0.002244
 81.373     0.022481     0.003243
 75.522     0.031398     0.004968
 69.513     0.051517     0.007467
 63.256     0.074587     0.010725
 56.633     0.096536     0.014700
 49.458     0.131202     0.019386
 41.410     0.158610     0.024885
 31.788     0.238705     0.031662
 18.195     0.290769     0.044250
----------------------------------------------------------
E = 2432.500 MeV, E_lo = 2420.000 MeV, E_hi = 2445.000 MeV
Systematic = 0.050000, Preliminary = 0, PSEUDO_RPR2011
161.805     0.008078     0.001197
148.212     0.011105     0.001701
138.590     0.012786     0.002061
130.542     0.016535     0.002310
123.367     0.016913     0.002436
116.744     0.016839     0.002421
110.487     0.015091     0.002268
104.478     0.015400     0.002028
 98.627     0.012161     0.001809
 92.866     0.011449     0.001776
 87.134     0.014254     0.002127
 81.373     0.020240     0.003054
 75.522     0.031735     0.004695
 69.513     0.048955     0.007116
 63.256     0.063236     0.010314
 56.633     0.092881     0.014256
 49.458     0.127989     0.018939
 41.410     0.184544     0.024453
 31.788     0.202128     0.031248
 18.195     0.328084     0.043761
----------------------------------------------------------
E = 2457.500 MeV, E_lo = 2445.000 MeV, E_hi = 2470.000 MeV
Systematic = 0.050000, Preliminary = 0, PSEUDO_RPR2011
161.805     0.006662     0.001089
148.212     0.010700     0.001575
138.590     0.013526     0.001926
130.542     0.014111     0.002178
123.367     0.014446     0.002319
116.744     0.013723     0.002334
110.487     0.015685     0.002211
104.478     0.013228     0.001989
 98.627     0.010765     0.001773
 92.866     0.010853     0.001716
 87.134     0.012528     0.002019
 81.373     0.021482     0.002877
 75.522     0.030495     0.004437
 69.513     0.044829     0.006783
 63.256     0.070634     0.009918
 56.633     0.086670     0.013824
 49.458     0.126160     0.018495
 41.410     0.153586     0.024030
 31.788     0.199443     0.030840
 18.195     0.308603     0.043278
----------------------------------------------------------
E = 2482.500 MeV, E_lo = 2470.000 MeV, E_hi = 2495.000 MeV
Systematic = 0.050000, Preliminary = 0, PSEUDO_RPR2011
161.805     0.006580     0.000987
148.212     0.009403     0.001455
138.590     0.011137     0.001797
130.542     0.012990     0.002049
123.367     0.014721     0.002205
116.744     0.015408     0.002244
110.487     0.014923     0.002148
104.478     0.013054     0.001950
 98.627     0.011827     0.001737
 92.866     0.010949     0.001662
 87.134     0.013012     0.001920
 81.373     0.017699     0.002712
 75.522     0.026727     0.004194
 69.513     0.044909     0.006462
 63.256     0.063983     0.009537
 56.633     0.082842     0.013401
 49.458     0.126458     0.018063
 41.410     0.157634     0.023613
 31.788     0.187897     0.030441
 18.195     0.284705     0.042804
----------------------------------------------------------
E = 2507.500 MeV, E_lo = 2495.000 MeV, E_hi = 2520.000 MeV
Systematic = 0.050000, Preliminary = 0, PSEUDO_RPR2011
161.805     0.006329     0.000888
148.212     0.008570     0.001338
138.590     0.011157     0.001671
130.542     0.013004     0.001926
123.367     0.012676     0.002094
116.744     0.015404     0.002154
110.487     0.014792     0.002085
104.478     0.012158     0.001908
 98.627     0.010603     0.001704
 92.866     0.011096     0.001614
 87.134     0.012519     0.001830
 81.373     0.016861     0.002556
 75.522     0.023166     0.003963
 69.513     0.038290     0.006153
 63.256     0.060783     0.009165
 56.633     0.088109     0.012987
 49.458     0.123579     0.017637
 41.410     0.153197     0.023199
 31.788     0.198255     0.030051
 18.195     0.274093     0.042339
----------------------------------------------------------
E = 2532.500 MeV, E_lo = 2520.000 MeV, E_hi = 2545.000 MeV
Systematic = 0.050000, Preliminary = 0, PSEUDO_RPR2011
161.805     0.005240     0.000792
148.212     0.007886     0.001227
138.590     0.011148     0.001551
130.542     0.011245     0.001806
123.367     0.013933     0.001986
116.744     0.013405     0.002064
110.487     0.014712     0.002022
104.478     0.012729     0.001866
 98.627     0.010709     0.001671
 92.866     0.010054     0.001566
 87.134     0.011807     0.001746
 81.373     0.015765     0.002412
 75.522     0.024764     0.003744
 69.513     0.040580     0.005859
 63.256     0.058923     0.008805
 56.633     0.080190     0.012585
 49.458     0.122025     0.017217
 41.410     0.146599     0.022794
 31.788     0.196406     0.029664
 18.195     0.277004     0.041880
----------------------------------------------------------
E = 2557.500 MeV, E_lo = 2545.000 MeV, E_hi = 2570.000 MeV
Systematic = 0.050000, Preliminary = 0, PSEUDO_RPR2011
161.805     0.004365     0.000702
148.212     0.007125     0.001122
138.590     0.009613     0.001437
130.542     0.011709     0.001689
123.367     0.012624     0.001878
116.744     0.013660     0.001977
110.487     0.013644     0.001956
104.478     0.011923     0.001824
 98.627     0.010933     0.001638
 92.866     0.009545     0.001524
 87.134     0.011286     0.001668
 81.373     0.014667     0.002277
 75.522     0.023987     0.003537
 69.513     0.036280     0.005577
 63.256     0.054977     0.008457
 56.633     0.078169     0.012192
 49.458     0.106887     0.016806
 41.410     0.147479     0.022392
 31.788     0.187369     0.029286
 18.195     0.261919     0.041430
----------------------------------------------------------
E = 2582.500 MeV, E_lo = 2570.000 MeV, E_hi = 2595.000 MeV
Systematic = 0.050000, Preliminary = 0, PSEUDO_RPR2011
161.805     0.004214     0.000618
148.212     0.007251     0.001023
138.590     0.008531     0.001329
130.542     0.011241     0.001578
123.367     0.011952     0.001773
116.744     0.012267     0.001887
110.487     0.012869     0.001890
104.478     0.012339     0.001779
 98.627     0.010758     0.001605
 92.866     0.010358     0.001485
 87.134     0.010627     0.001599
 81.373     0.015051     0.002154
 75.522     0.021220     0.003342
 69.513     0.036437     0.005310
 63.256     0.059158     0.008124
 56.633     0.081092     0.011808
 49.458     0.110434     0.016401
 41.410     0.145759     0.021999
 31.788     0.185112     0.028914
 18.195     0.260893     0.040986
----------------------------------------------------------
E = 2607.500 MeV, E_lo = 2595.000 MeV, E_hi = 2620.000 MeV
Systematic = 0.050000, Preliminary = 0, PSEUDO_RPR2011
161.805     0.003963     0.000543
148.212     0.005933     0.000930
138.590     0.007558     0.001227
130.542     0.009824     0.001470
123.367     0.010562     0.001671
116.744     0.012146     0.001800
110.487     0.012406     0.001824
104.478     0.011514     0.001734
 98.627     0.010093     0.001572
 92.866     0.009382     0.001446
 87.134     0.010555     0.001533
 81.373     0.013670     0.002037
 75.522     0.021295     0.003159
 69.513     0.033206     0.005052
 63.256     0.054511     0.007797
 56.633     0.074023     0.011436
 49.458     0.116767     0.016002
 41.410     0.133775     0.021609
 31.788     0.200514     0.028545
 18.195     0.280802     0.040551
----------------------------------------------------------
E = 2632.500 MeV, E_lo = 2620.000 MeV, E_hi = 2645.000 MeV
Systematic = 0.050000, Preliminary = 0, PSEUDO_RPR2011
161.805     0.003320     0.000471
148.212     0.005903     0.000843
138.590     0.007504     0.001128
130.542     0.009674     0.001368
123.367     0.010569     0.001572
116.744     0.011300     0.001710
110.487     0.011415     0.001755
104.478     0.011533     0.001686
 98.627     0.010660     0.001536
 92.866     0.009972     0.001410
 87.134     0.010862     0.001470
 81.373     0.012991     0.001929
 75.522     0.020300     0.002985
 69.513     0.031025     0.004806
 63.256     0.049093     0.007485
 56.633     0.068470     0.011070
 49.458     0.097000     0.015612
 41.410     0.146755     0.021225
 31.788     0.192312     0.028185
 18.195     0.244812     0.040122
----------------------------------------------------------
E = 2657.500 MeV, E_lo = 2645.000 MeV, E_hi = 2670.000 MeV
Systematic = 0.050000, Preliminary = 0, PSEUDO_RPR2011
161.805     0.002211     0.000408
148.212     0.005352     0.000762
138.590     0.007278     0.001038
130.542     0.008416     0.001272
123.367     0.009951     0.001473
116.744     0.010907     0.001626
110.487     0.010891     0.001686
104.478     0.010898     0.001638
 98.627     0.009645     0.001503
 92.866     0.009155     0.001377
 87.134     0.009410     0.001416
 81.373     0.012854     0.001827
 75.522     0.019650     0.002820
 69.513     0.029104     0.004569
 63.256     0.046756     0.007182
 56.633     0.072236     0.010716
 49.458     0.101294     0.015231
 41.410     0.147112     0.020844
 31.788     0.181694     0.027828
 18.195     0.271966     0.039702
----------------------------------------------------------
E = 2682.500 MeV, E_lo = 2670.000 MeV, E_hi = 2695.000 MeV
Systematic = 0.050000, Preliminary = 0, PSEUDO_RPR2011
161.805     0.002211     0.000348
148.212     0.004605     0.000687
138.590     0.005753     0.000951
130.542     0.007711     0.001179
123.367     0.009741     0.001380
116.744     0.010814     0.001539
110.487     0.009743     0.001617
104.478     0.010883     0.001590
 98.627     0.009269     0.001470
 92.866     0.008515     0.001344
 87.134     0.009412     0.001362
 81.373     0.011187     0.001734
 75.522     0.018498     0.002667
 69.513     0.027182     0.004347
 63.256     0.047722     0.006891
 56.633     0.074141     0.010368
 49.458     0.104150     0.014853
 41.410     0.131210     0.020469
 31.788     0.186787     0.027480
 18.195     0.261508     0.039288
----------------------------------------------------------
E = 2707.500 MeV, E_lo = 2695.000 MeV, E_hi = 2720.000 MeV
Systematic = 0.050000, Preliminary = 0, PSEUDO_RPR2011
161.805     0.001979     0.000300
148.212     0.004169     0.000621
138.590     0.005943     0.000870
130.542     0.006807     0.001089
123.367     0.008892     0.001293
116.744     0.009686     0.001458
110.487     0.010631     0.001551
104.478     0.009949     0.001539
 98.627     0.009813     0.001434
 92.866     0.008782     0.001311
 87.134     0.009211     0.001314
 81.373     0.010521     0.001647
 75.522     0.015269     0.002523
 69.513     0.026367     0.004131
 63.256     0.043118     0.006609
 56.633     0.070741     0.010032
 49.458     0.098060     0.014484
 41.410     0.128465     0.020100
 31.788     0.193328     0.027132
 18.195     0.281373     0.038880
----------------------------------------------------------
E = 2732.500 MeV, E_lo = 2720.000 MeV, E_hi = 2745.000 MeV
Systematic = 0.050000, Preliminary = 0, PSEUDO_RPR2011
161.805     0.001843     0.000255
148.212     0.003388     0.000558
138.590     0.005491     0.000798
130.542     0.006656     0.001008
123.367     0.008761     0.001206
116.744     0.009387     0.001377
110.487     0.010830     0.001482
104.478     0.010225     0.001488
 98.627     0.009552     0.001398
 92.866     0.008307     0.001281
 87.134     0.008733     0.001269
 81.373     0.010202     0.001566
 75.522     0.015208     0.002385
 69.513     0.024875     0.003927
 63.256     0.039904     0.006336
 56.633     0.061182     0.009705
 49.458     0.089603     0.014124
 41.410     0.136453     0.019737
 31.788     0.190420     0.026793
 18.195     0.244413     0.038481
----------------------------------------------------------
E = 2757.500 MeV, E_lo = 2745.000 MeV, E_hi = 2770.000 MeV
Systematic = 0.050000, Preliminary = 0, PSEUDO_RPR2011
161.805     0.001448     0.000219
148.212     0.003482     0.000504
138.590     0.005093     0.000729
130.542     0.006259     0.000930
123.367     0.008037     0.001125
116.744     0.009164     0.001296
110.487     0.009325     0.001413
104.478     0.009824     0.001437
 98.627     0.009076     0.001365
 92.866     0.008771     0.001251
 87.134     0.008012     0.001227
 81.373     0.010288     0.001488
 75.522     0.015851     0.002256
 69.513     0.023218     0.003735
 63.256     0.041270     0.006075
 56.633     0.063693     0.009384
 49.458     0.083465     0.013767
 41.410     0.128270     0.019377
 31.788     0.176390     0.026457
 18.195     0.277693     0.038088
----------------------------------------------------------
E = 2782.500 MeV, E_lo = 2770.000 MeV, E_hi = 2795.000 MeV
Systematic = 0.050000, Preliminary = 0, PSEUDO_RPR2011
161.805     0.001216     0.000186
148.212     0.003162     0.000453
138.590     0.004639     0.000666
130.542     0.005444     0.000858
123.367     0.006763     0.001047
116.744     0.008639     0.001221
110.487     0.009264     0.001347
104.478     0.008114     0.001386
 98.627     0.008847     0.001326
 92.866     0.008336     0.001221
 87.134     0.007686     0.001188
 81.373     0.009274     0.001419
 75.522     0.014251     0.002136
 69.513     0.024503     0.003549
 63.256     0.044388     0.005823
 56.633     0.060642     0.009075
 49.458     0.094606     0.013419
 41.410     0.131831     0.019023
 31.788     0.163315     0.026127
 18.195     0.228869     0.037701
----------------------------------------------------------
E = 2807.500 MeV, E_lo = 2795.000 MeV, E_hi = 2820.000 MeV
Systematic = 0.050000, Preliminary = 0, PSEUDO_RPR2011
161.805     0.001023     0.000162
148.212     0.002665     0.000411
138.590     0.003937     0.000609
130.542     0.005471     0.000789
123.367     0.006696     0.000972
116.744     0.007886     0.001146
110.487     0.008121     0.001281
104.478     0.009312     0.001335
 98.627     0.009335     0.001290
 92.866     0.008002     0.001191
 87.134     0.007656     0.001152
 81.373     0.009579     0.001353
 75.522     0.013653     0.002022
 69.513     0.022979     0.003372
 63.256     0.039151     0.005580
 56.633     0.059238     0.008772
 49.458     0.090607     0.013080
 41.410     0.116974     0.018675
 31.788     0.161269     0.025800
 18.195     0.261892     0.037323
----------------------------------------------------------
E = 2832.500 MeV, E_lo = 2820.000 MeV, E_hi = 2845.000 MeV
Systematic = 0.050000, Preliminary = 0, PSEUDO_RPR2011
161.805     0.001005     0.000141
148.212     0.002836     0.000372
138.590     0.003741     0.000558
130.542     0.004824     0.000726
123.367     0.005799     0.000900
116.744     0.007296     0.001074
110.487     0.007738     0.001215
104.478     0.008267     0.001281
 98.627     0.009099     0.001254
 92.866     0.007488     0.001164
 87.134     0.008073     0.001116
 81.373     0.008794     0.001293
 75.522     0.013098     0.001914
 69.513     0.021359     0.003204
 63.256     0.034628     0.005346
 56.633     0.060327     0.008478
 49.458     0.082362     0.012744
 41.410     0.126871     0.018330
 31.788     0.177623     0.025479
 18.195     0.248111     0.036951
----------------------------------------------------------
E = 2857.500 MeV, E_lo = 2845.000 MeV, E_hi = 2870.000 MeV
Systematic = 0.050000, Preliminary = 0, PSEUDO_RPR2011
161.805     0.000878     0.000129
148.212     0.002328     0.000339
138.590     0.003691     0.000510
130.542     0.004171     0.000669
123.367     0.005543     0.000834
116.744     0.007421     0.001005
110.487     0.007310     0.001152
104.478     0.007973     0.001230
 98.627     0.008358     0.001215
 92.866     0.007884     0.001134
 87.134     0.007426     0.001083
 81.373     0.008085     0.001236
 75.522     0.012833     0.001815
 69.513     0.021032     0.003045
 63.256     0.033712     0.005121
 56.633     0.053138     0.008193
 49.458     0.081847     0.012417
 41.410     0.119362     0.017991
 31.788     0.173963     0.025161
 18.195     0.227121     0.036585
----------------------------------------------------------
