  1080.00      0.74929223E-07     -0.42542330E-06
  1085.00      0.20064094E-06     -0.98304572E-06
  1090.00      0.39322749E-06     -0.16680865E-05
  1095.00      0.66281949E-06     -0.24362177E-05
  1100.00      0.10195162E-05     -0.32440276E-05
  1105.00      0.14734788E-05     -0.40440745E-05
  1110.00      0.20339783E-05     -0.47842283E-05
  1115.00      0.27100785E-05     -0.54054076E-05
  1120.00      0.35086829E-05     -0.58442091E-05
  1125.00      0.44369132E-05     -0.60278099E-05
  1130.00      0.54984374E-05     -0.58807535E-05
  1135.00      0.66969407E-05     -0.53179537E-05
  1140.00      0.80335255E-05     -0.42489280E-05
  1145.00      0.95057444E-05     -0.25804862E-05
  1150.00      0.11110301E-04     -0.21075176E-06
  1155.00      0.12841180E-04      0.29670080E-05
  1160.00      0.14688473E-04      0.70621913E-05
  1165.00      0.16640436E-04      0.12190228E-04
  1170.00      0.18681117E-04      0.18468212E-04
  1175.00      0.20792165E-04      0.26017788E-04
  1180.00      0.22950877E-04      0.34961106E-04
  1185.00      0.25131312E-04      0.45423034E-04
  1190.00      0.27305469E-04      0.57532689E-04
  1195.00      0.29437696E-04      0.71410905E-04
  1200.00      0.31490721E-04      0.87182912E-04
  1205.00      0.33424236E-04      0.10497508E-03
  1210.00      0.35192460E-04      0.12490815E-03
  1215.00      0.36745464E-04      0.14710002E-03
  1220.00      0.38031198E-04      0.17166771E-03
  1225.00      0.38989187E-04      0.19871604E-03
  1230.00      0.39559663E-04      0.22835356E-03
  1235.00      0.39674559E-04      0.26067376E-03
  1240.00      0.39265872E-04      0.29577190E-03
  1245.00      0.38259709E-04      0.33373338E-03
  1250.00      0.36577571E-04      0.37463035E-03
  1255.00      0.34133926E-04      0.41850895E-03
  1260.00      0.30832762E-04      0.46536384E-03
  1265.00      0.26172700E-04      0.51305556E-03
  1270.00      0.21808040E-04      0.57085531E-03
  1275.00      0.15095505E-04      0.62531285E-03
  1280.00      0.76737434E-05      0.68558886E-03
  1285.00     -0.11594259E-05      0.74853100E-03
  1290.00     -0.11561239E-04      0.81379106E-03
  1295.00     -0.23304239E-04      0.88313001E-03
  1300.00     -0.36567609E-04      0.95609391E-03
  1305.00     -0.52030820E-04      0.10295949E-02
  1310.00     -0.68917291E-04      0.11082252E-02
  1315.00     -0.87795523E-04      0.11894767E-02
  1320.00     -0.10863277E-03      0.12739625E-02
  1325.00     -0.13210425E-03      0.13586281E-02
  1330.00     -0.15738834E-03      0.14481436E-02
  1335.00     -0.18512891E-03      0.15395696E-02
  1340.00     -0.21535422E-03      0.16331293E-02
  1345.00     -0.24814171E-03      0.17287520E-02
  1350.00     -0.28430468E-03      0.18226760E-02
  1355.00     -0.32201735E-03      0.19242925E-02
  1360.00     -0.36313797E-03      0.20245371E-02
  1365.00     -0.40722992E-03      0.21257783E-02
  1370.00     -0.45437197E-03      0.22277882E-02
  1375.00     -0.50463946E-03      0.23302934E-02
  1380.00     -0.55811190E-03      0.24329627E-02
  1385.00     -0.61491642E-03      0.25351287E-02
  1390.00     -0.67485853E-03      0.26379559E-02
  1395.00     -0.73831497E-03      0.27392366E-02
  1400.00     -0.80519177E-03      0.28394115E-02
  1405.00     -0.87553582E-03      0.29380655E-02
  1410.00     -0.94938282E-03      0.30347823E-02
  1415.00     -0.10267587E-02      0.31291592E-02
  1420.00     -0.11076697E-02      0.32207918E-02
  1425.00     -0.11921287E-02      0.33092094E-02
  1430.00     -0.12801488E-02      0.33938928E-02
  1435.00     -0.13724922E-02      0.34703635E-02
  1440.00     -0.14664869E-02      0.35517603E-02
  1445.00     -0.15649760E-02      0.36228073E-02
  1450.00     -0.16668335E-02      0.36885468E-02
  1455.00     -0.17720223E-02      0.37483765E-02
  1460.00     -0.18804757E-02      0.38017636E-02
  1465.00     -0.19921059E-02      0.38482022E-02
  1470.00     -0.21068088E-02      0.38872251E-02
  1475.00     -0.22244833E-02      0.39183010E-02
  1480.00     -0.23450028E-02      0.39409103E-02
  1485.00     -0.24682236E-02      0.39545570E-02
  1490.00     -0.25940042E-02      0.39587032E-02
  1495.00     -0.27221887E-02      0.39528093E-02
  1500.00     -0.28526200E-02      0.39362230E-02
  1505.00     -0.29844025E-02      0.39119368E-02
  1510.00     -0.31190430E-02      0.38710546E-02
  1515.00     -0.32549111E-02      0.38200071E-02
  1520.00     -0.33921178E-02      0.37565726E-02
  1525.00     -0.35304627E-02      0.36801279E-02
  1530.00     -0.36696880E-02      0.35901722E-02
  1535.00     -0.38095250E-02      0.34862310E-02
  1540.00     -0.39496938E-02      0.33677954E-02
  1545.00     -0.40899137E-02      0.32343959E-02
  1550.00     -0.42298801E-02      0.30855796E-02
  1555.00     -0.43692848E-02      0.29208674E-02
  1560.00     -0.45077956E-02      0.27398270E-02
  1565.00     -0.46450877E-02      0.25419975E-02
  1570.00     -0.47808067E-02      0.23269862E-02
  1575.00     -0.49146108E-02      0.20943293E-02
  1580.00     -0.50461193E-02      0.18436650E-02
  1585.00     -0.51749800E-02      0.15745444E-02
  1590.00     -0.53008018E-02      0.12865977E-02
  1595.00     -0.54231929E-02      0.97942371E-03
  1600.00     -0.55418237E-02      0.65240365E-03
  1605.00     -0.56558729E-02      0.30701277E-03
  1610.00     -0.57656193E-02     -0.60226680E-04
  1615.00     -0.58702168E-02     -0.44773229E-03
  1620.00     -0.59692832E-02     -0.85605619E-03
  1625.00     -0.60624036E-02     -0.12856091E-02
  1630.00     -0.61491204E-02     -0.17366567E-02
  1635.00     -0.62289830E-02     -0.22095246E-02
  1640.00     -0.63015154E-02     -0.27044933E-02
  1645.00     -0.63662559E-02     -0.32218503E-02
  1650.00     -0.64227108E-02     -0.37618797E-02
  1655.00     -0.64704388E-02     -0.43247862E-02
  1660.00     -0.65088329E-02     -0.49110216E-02
  1665.00     -0.65374029E-02     -0.55208345E-02
  1670.00     -0.65556065E-02     -0.61545745E-02
  1675.00     -0.65628829E-02     -0.68125774E-02
  1680.00     -0.65586322E-02     -0.74952647E-02
  1685.00     -0.65422339E-02     -0.82031270E-02
  1690.00     -0.65130140E-02     -0.89366604E-02
  1695.00     -0.64702392E-02     -0.96965080E-02
  1700.00     -0.64131385E-02     -0.10483325E-01
  1705.00     -0.63408444E-02     -0.11297914E-01
  1710.00     -0.62524006E-02     -0.12141153E-01
  1715.00     -0.61467366E-02     -0.13013943E-01
  1720.00     -0.60226626E-02     -0.13917396E-01
  1725.00     -0.58788035E-02     -0.14852727E-01
  1730.00     -0.57136437E-02     -0.15821043E-01
  1735.00     -0.55254728E-02     -0.16823600E-01
  1740.00     -0.53123520E-02     -0.17861605E-01
  1745.00     -0.50720861E-02     -0.18936392E-01
  1750.00     -0.48022375E-02     -0.20049149E-01
  1755.00     -0.45000218E-02     -0.21201103E-01
  1760.00     -0.41623928E-02     -0.22393337E-01
  1765.00     -0.37858464E-02     -0.23626945E-01
  1770.00     -0.33666492E-02     -0.24902472E-01
  1775.00     -0.29005159E-02     -0.26220651E-01
  1780.00     -0.23827805E-02     -0.27581725E-01
  1785.00     -0.18083269E-02     -0.28985647E-01
  1790.00     -0.11716102E-02     -0.30431783E-01
  1795.00     -0.46659151E-03     -0.31919064E-01
  1800.00      0.31309615E-03     -0.33445565E-01
  1805.00      0.11742139E-02     -0.35008582E-01
  1810.00      0.21239938E-02     -0.36604859E-01
  1815.00      0.31696613E-02     -0.38229631E-01
  1820.00      0.43183892E-02     -0.39876791E-01
  1825.00      0.55774081E-02     -0.41539263E-01
  1830.00      0.69535415E-02     -0.43208564E-01
  1835.00      0.84529339E-02     -0.44874662E-01
  1840.00      0.10080836E-01     -0.46525840E-01
  1845.00      0.11841207E-01     -0.48149338E-01
  1850.00      0.13736329E-01     -0.49730865E-01
  1855.00      0.15766741E-01     -0.51255272E-01
  1860.00      0.17930325E-01     -0.52706221E-01
  1865.00      0.20223252E-01     -0.54067988E-01
  1870.00      0.22638759E-01     -0.55324635E-01
  1875.00      0.25166550E-01     -0.56459890E-01
  1880.00      0.27794823E-01     -0.57460009E-01
  1885.00      0.30509024E-01     -0.58312562E-01
  1890.00      0.33292543E-01     -0.59007416E-01
  1895.00      0.36127306E-01     -0.59537240E-01
  1900.00      0.38994380E-01     -0.59897419E-01
  1905.00      0.41874451E-01     -0.60086604E-01
  1910.00      0.44748299E-01     -0.60106408E-01
  1915.00      0.47597933E-01     -0.59961296E-01
  1920.00      0.50406634E-01     -0.59658290E-01
  1925.00      0.53159223E-01     -0.59206560E-01
  1930.00      0.55843108E-01     -0.58616812E-01
  1935.00      0.58447574E-01     -0.57901083E-01
  1940.00      0.60964364E-01     -0.57072119E-01
  1945.00      0.63387129E-01     -0.56142470E-01
  1950.00      0.65712131E-01     -0.55124981E-01
  1955.00      0.67937001E-01     -0.54031870E-01
  1960.00      0.70061171E-01     -0.52874525E-01
  1965.00      0.72085225E-01     -0.51663570E-01
  1970.00      0.74010995E-01     -0.50408474E-01
  1975.00      0.75840938E-01     -0.49117748E-01
  1980.00      0.77578132E-01     -0.47798847E-01
  1985.00      0.79225938E-01     -0.46458229E-01
  1990.00      0.80787929E-01     -0.45101456E-01
  1995.00      0.82267743E-01     -0.43732976E-01
  2000.00      0.83667353E-01     -0.42358216E-01
  2005.00      0.84986853E-01     -0.40975999E-01
  2010.00      0.86248413E-01     -0.39597716E-01
  2015.00      0.87431079E-01     -0.38217891E-01
  2020.00      0.88547748E-01     -0.36841944E-01
  2025.00      0.89599864E-01     -0.35471604E-01
  2030.00      0.90589519E-01     -0.34108853E-01
  2035.00      0.91518819E-01     -0.32755513E-01
  2040.00      0.92389116E-01     -0.31413408E-01
  2045.00      0.93202295E-01     -0.30084517E-01
  2050.00      0.93960116E-01     -0.28770841E-01
  2055.00      0.94664233E-01     -0.27474467E-01
  2060.00      0.95316563E-01     -0.26197509E-01
  2065.00      0.95918968E-01     -0.24943223E-01
  2070.00      0.96474217E-01     -0.23710966E-01
  2075.00      0.96984427E-01     -0.22505298E-01
  2080.00      0.97450996E-01     -0.21334711E-01
  2085.00      0.97881493E-01     -0.20179546E-01
  2090.00      0.98274964E-01     -0.19062144E-01
  2095.00      0.98636115E-01     -0.17976839E-01
  2100.00      0.98927069E-01     -0.16882700E-01
  2105.00      0.99276651E-01     -0.15904039E-01
  2110.00      0.99563193E-01     -0.14916692E-01
  2115.00      0.99832451E-01     -0.13960508E-01
  2120.00      0.10008743E+00     -0.13034755E-01
  2125.00      0.10033123E+00     -0.12137619E-01
  2130.00      0.10056655E+00     -0.11267163E-01
  2135.00      0.10079569E+00     -0.10421282E-01
  2140.00      0.10102019E+00     -0.95974996E-02
  2145.00      0.10124172E+00     -0.87926899E-02
  2150.00      0.10146108E+00     -0.80050532E-02
  2155.00      0.10167900E+00     -0.72319088E-02
  2160.00      0.10189555E+00     -0.64712584E-02
  2165.00      0.10211070E+00     -0.57206603E-02
  2170.00      0.10232405E+00     -0.49782385E-02
  2175.00      0.10253510E+00     -0.42422114E-02
  2180.00      0.10274306E+00     -0.35111060E-02
  2185.00      0.10294707E+00     -0.27836245E-02
  2190.00      0.10314623E+00     -0.20587267E-02
  2195.00      0.10333956E+00     -0.13355768E-02
  2200.00      0.10352606E+00     -0.61351159E-03
  2205.00      0.10370482E+00      0.10777448E-03
  2210.00      0.10387484E+00      0.82868709E-03
  2215.00      0.10403540E+00      0.15499536E-02
  2220.00      0.10418606E+00      0.22691436E-02
  2225.00      0.10432417E+00      0.29910534E-02
  2230.00      0.10445124E+00      0.37109905E-02
  2235.00      0.10456574E+00      0.44304294E-02
  2240.00      0.10466721E+00      0.51489680E-02
  2245.00      0.10475517E+00      0.58662609E-02
  2250.00      0.10482922E+00      0.65818499E-02
  2255.00      0.10488896E+00      0.72955627E-02
  2260.00      0.10493414E+00      0.80067606E-02
  2265.00      0.10496458E+00      0.87150604E-02
  2270.00      0.10498005E+00      0.94200455E-02
  2275.00      0.10498044E+00      0.10121211E-01
  2280.00      0.10496569E+00      0.10818180E-01
  2285.00      0.10493576E+00      0.11510445E-01
  2290.00      0.10489077E+00      0.12197436E-01
  2295.00      0.10483044E+00      0.12880740E-01
  2300.00      0.10475255E+00      0.13552945E-01
  2305.00      0.10466324E+00      0.14222967E-01
  2310.00      0.10456013E+00      0.14887300E-01
  2315.00      0.10444014E+00      0.15542508E-01
  2320.00      0.10430776E+00      0.16188729E-01
  2325.00      0.10415926E+00      0.16828926E-01
  2330.00      0.10399467E+00      0.17462910E-01
  2335.00      0.10381863E+00      0.18086129E-01
  2340.00      0.10362872E+00      0.18700833E-01
  2345.00      0.10342550E+00      0.19306469E-01
  2350.00      0.10320923E+00      0.19902757E-01
  2355.00      0.10298021E+00      0.20489434E-01
  2360.00      0.10273877E+00      0.21066285E-01
  2365.00      0.10248514E+00      0.21633061E-01
  2370.00      0.10221968E+00      0.22189537E-01
  2375.00      0.10194269E+00      0.22735564E-01
  2380.00      0.10165454E+00      0.23270819E-01
  2385.00      0.10135544E+00      0.23795412E-01
  2390.00      0.10104582E+00      0.24308938E-01
  2395.00      0.10072600E+00      0.24811324E-01
  2400.00      0.10039625E+00      0.25302435E-01
  2405.00      0.10005710E+00      0.25782396E-01
  2410.00      0.99708605E-01      0.26250555E-01
  2415.00      0.99351290E-01      0.26707224E-01
  2420.00      0.98985456E-01      0.27152291E-01
  2425.00      0.98611437E-01      0.27585607E-01
  2430.00      0.98229621E-01      0.28007174E-01
  2435.00      0.97840262E-01      0.28416926E-01
  2440.00      0.97443746E-01      0.28814797E-01
  2445.00      0.97040425E-01      0.29200836E-01
  2450.00      0.96630656E-01      0.29575098E-01
  2455.00      0.96216224E-01      0.29939244E-01
  2460.00      0.95803311E-01      0.30280851E-01
  2465.00      0.95364366E-01      0.30625978E-01
  2470.00      0.94932837E-01      0.30952074E-01
  2475.00      0.94495452E-01      0.31266874E-01
  2480.00      0.94053516E-01      0.31569846E-01
  2485.00      0.93607332E-01      0.31861106E-01
  2490.00      0.93157217E-01      0.32140722E-01
  2495.00      0.92703467E-01      0.32408687E-01
  2500.00      0.92246385E-01      0.32665156E-01
