   W         M3+(pi0_p)
 (MeV)      Re      Im
 1074.0    0.000   0.000
 1075.0    0.000   0.000
 1076.0    0.000   0.000
 1077.0    0.000   0.000
 1078.0    0.000   0.000
 1079.0    0.000   0.000
 1080.0    0.000   0.000
 1081.0    0.000   0.000
 1082.0    0.000   0.000
 1083.0    0.000   0.000
 1084.0    0.000   0.000
 1085.0    0.000   0.000
 1086.0    0.000   0.000
 1087.0    0.000   0.000
 1088.0    0.000   0.000
 1089.0    0.000   0.000
 1090.0    0.000   0.000
 1091.0    0.000   0.000
 1092.0    0.000   0.000
 1093.0    0.001   0.000
 1094.0    0.001   0.000
 1095.0    0.001   0.000
 1096.0    0.001   0.000
 1097.0    0.001   0.000
 1098.0    0.001   0.000
 1099.0    0.001   0.000
 1100.0    0.001   0.000
 1101.0    0.001   0.000
 1102.0    0.001   0.000
 1103.0    0.001   0.000
 1104.0    0.001   0.000
 1105.0    0.001   0.000
 1106.0    0.001   0.000
 1107.0    0.001   0.000
 1108.0    0.001   0.000
 1109.0    0.001   0.000
 1110.0    0.001   0.000
 1111.0    0.001   0.000
 1112.0    0.002   0.000
 1113.0    0.002   0.000
 1114.0    0.002   0.000
 1115.0    0.002   0.000
 1116.0    0.002   0.000
 1117.0    0.002   0.000
 1118.0    0.002   0.000
 1119.0    0.002   0.000
 1120.0    0.002   0.000
 1121.0    0.002   0.000
 1122.0    0.002   0.000
 1123.0    0.002   0.000
 1124.0    0.002   0.000
 1125.0    0.003   0.000
 1126.0    0.003   0.000
 1127.0    0.003   0.000
 1128.0    0.003   0.000
 1129.0    0.003   0.000
 1130.0    0.003   0.000
 1131.0    0.003   0.000
 1132.0    0.003   0.000
 1133.0    0.003   0.000
 1134.0    0.003   0.000
 1135.0    0.003   0.000
 1136.0    0.004   0.000
 1137.0    0.004   0.000
 1138.0    0.004   0.000
 1139.0    0.004   0.000
 1140.0    0.004   0.000
 1141.0    0.004   0.000
 1142.0    0.004   0.000
 1143.0    0.004   0.000
 1144.0    0.004   0.000
 1145.0    0.004   0.000
 1146.0    0.005   0.000
 1147.0    0.005   0.000
 1148.0    0.005   0.000
 1149.0    0.005   0.000
 1150.0    0.005   0.000
 1151.0    0.005   0.000
 1152.0    0.005   0.000
 1153.0    0.005   0.000
 1154.0    0.006   0.000
 1155.0    0.006   0.000
 1156.0    0.006   0.000
 1157.0    0.006   0.000
 1158.0    0.006   0.000
 1159.0    0.006   0.000
 1160.0    0.006   0.000
 1161.0    0.006   0.000
 1162.0    0.007   0.000
 1163.0    0.007   0.000
 1164.0    0.007   0.000
 1165.0    0.007   0.000
 1166.0    0.007   0.000
 1167.0    0.007   0.000
 1168.0    0.007   0.000
 1169.0    0.008   0.000
 1170.0    0.008   0.000
 1171.0    0.008   0.000
 1172.0    0.008   0.000
 1173.0    0.008   0.000
 1174.0    0.008   0.000
 1175.0    0.008   0.000
 1176.0    0.009   0.000
 1177.0    0.009   0.000
 1178.0    0.009   0.000
 1179.0    0.009   0.000
 1180.0    0.009   0.000
 1181.0    0.009   0.000
 1182.0    0.010   0.000
 1183.0    0.010   0.000
 1184.0    0.010   0.000
 1185.0    0.010   0.000
 1186.0    0.010   0.000
 1187.0    0.010   0.000
 1188.0    0.011   0.000
 1189.0    0.011   0.000
 1190.0    0.011   0.000
 1191.0    0.011   0.000
 1192.0    0.011   0.000
 1193.0    0.012   0.000
 1194.0    0.012   0.000
 1195.0    0.012   0.000
 1196.0    0.012   0.000
 1197.0    0.012   0.000
 1198.0    0.013   0.000
 1199.0    0.013   0.000
 1200.0    0.013   0.000
 1201.0    0.013   0.000
 1202.0    0.013   0.000
 1203.0    0.013   0.000
 1204.0    0.014   0.000
 1205.0    0.014   0.000
 1206.0    0.014   0.000
 1207.0    0.014   0.000
 1208.0    0.015   0.000
 1209.0    0.015   0.000
 1210.0    0.015   0.000
 1211.0    0.015   0.000
 1212.0    0.015   0.000
 1213.0    0.016   0.000
 1214.0    0.016   0.000
 1215.0    0.016   0.000
 1216.0    0.016   0.000
 1217.0    0.017   0.000
 1218.0    0.017   0.000
 1219.0    0.017   0.000
 1220.0    0.017   0.000
 1221.0    0.017   0.000
 1222.0    0.018   0.000
 1223.0    0.018   0.000
 1224.0    0.018   0.000
 1225.0    0.018   0.000
 1226.0    0.019   0.000
 1227.0    0.019   0.000
 1228.0    0.019   0.000
 1229.0    0.019   0.000
 1230.0    0.020   0.000
 1231.0    0.020   0.000
 1232.0    0.020   0.000
 1233.0    0.020   0.000
 1234.0    0.021   0.000
 1235.0    0.021   0.000
 1236.0    0.021   0.000
 1237.0    0.021   0.000
 1238.0    0.022   0.000
 1239.0    0.022   0.000
 1240.0    0.022   0.000
 1241.0    0.023   0.000
 1242.0    0.023   0.000
 1243.0    0.023   0.000
 1244.0    0.023   0.000
 1245.0    0.024   0.000
 1246.0    0.024   0.000
 1247.0    0.024   0.001
 1248.0    0.024   0.001
 1249.0    0.025   0.001
 1250.0    0.025   0.001
 1251.0    0.025   0.001
 1252.0    0.026   0.001
 1253.0    0.026   0.001
 1254.0    0.026   0.001
 1255.0    0.027   0.001
 1256.0    0.027   0.001
 1257.0    0.027   0.001
 1258.0    0.027   0.001
 1259.0    0.028   0.001
 1260.0    0.028   0.001
 1261.0    0.028   0.001
 1262.0    0.029   0.001
 1263.0    0.029   0.001
 1264.0    0.029   0.001
 1265.0    0.030   0.001
 1266.0    0.030   0.001
 1267.0    0.030   0.001
 1268.0    0.031   0.001
 1269.0    0.031   0.001
 1270.0    0.031   0.001
 1271.0    0.032   0.001
 1272.0    0.032   0.001
 1273.0    0.032   0.001
 1274.0    0.033   0.001
 1275.0    0.033   0.001
 1276.0    0.033   0.001
 1277.0    0.034   0.001
 1278.0    0.034   0.001
 1279.0    0.034   0.001
 1280.0    0.035   0.001
 1281.0    0.035   0.001
 1282.0    0.036   0.001
 1283.0    0.036   0.001
 1284.0    0.036   0.001
 1285.0    0.037   0.001
 1286.0    0.037   0.001
 1287.0    0.037   0.001
 1288.0    0.038   0.001
 1289.0    0.038   0.001
 1290.0    0.038   0.001
 1291.0    0.039   0.001
 1292.0    0.039   0.001
 1293.0    0.040   0.001
 1294.0    0.040   0.001
 1295.0    0.040   0.001
 1296.0    0.041   0.001
 1297.0    0.041   0.001
 1298.0    0.042   0.001
 1299.0    0.042   0.001
 1300.0    0.042   0.001
 1301.0    0.043   0.002
 1302.0    0.043   0.002
 1303.0    0.044   0.002
 1304.0    0.044   0.002
 1305.0    0.044   0.002
 1306.0    0.045   0.002
 1307.0    0.045   0.002
 1308.0    0.046   0.002
 1309.0    0.046   0.002
 1310.0    0.046   0.002
 1311.0    0.047   0.002
 1312.0    0.047   0.002
 1313.0    0.048   0.002
 1314.0    0.048   0.002
 1315.0    0.049   0.002
 1316.0    0.049   0.002
 1317.0    0.050   0.002
 1318.0    0.050   0.002
 1319.0    0.050   0.002
 1320.0    0.051   0.002
 1321.0    0.051   0.002
 1322.0    0.052   0.002
 1323.0    0.052   0.002
 1324.0    0.053   0.002
 1325.0    0.053   0.002
 1326.0    0.054   0.002
 1327.0    0.054   0.002
 1328.0    0.055   0.002
 1329.0    0.055   0.002
 1330.0    0.055   0.002
 1331.0    0.056   0.002
 1332.0    0.056   0.003
 1333.0    0.057   0.003
 1334.0    0.057   0.003
 1335.0    0.058   0.003
 1336.0    0.058   0.003
 1337.0    0.059   0.003
 1338.0    0.059   0.003
 1339.0    0.060   0.003
 1340.0    0.060   0.003
 1341.0    0.061   0.003
 1342.0    0.061   0.003
 1343.0    0.062   0.003
 1344.0    0.062   0.003
 1345.0    0.063   0.003
 1346.0    0.063   0.003
 1347.0    0.064   0.003
 1348.0    0.064   0.003
 1349.0    0.065   0.003
 1350.0    0.065   0.003
 1351.0    0.066   0.003
 1352.0    0.067   0.003
 1353.0    0.067   0.004
 1354.0    0.068   0.004
 1355.0    0.068   0.004
 1356.0    0.069   0.004
 1357.0    0.069   0.004
 1358.0    0.070   0.004
 1359.0    0.070   0.004
 1360.0    0.071   0.004
 1361.0    0.071   0.004
 1362.0    0.072   0.004
 1363.0    0.073   0.004
 1364.0    0.073   0.004
 1365.0    0.074   0.004
 1366.0    0.074   0.004
 1367.0    0.075   0.004
 1368.0    0.075   0.004
 1369.0    0.076   0.004
 1370.0    0.077   0.004
 1371.0    0.077   0.005
 1372.0    0.078   0.005
 1373.0    0.078   0.005
 1374.0    0.079   0.005
 1375.0    0.079   0.005
 1376.0    0.080   0.005
 1377.0    0.081   0.005
 1378.0    0.081   0.005
 1379.0    0.082   0.005
 1380.0    0.082   0.005
 1381.0    0.083   0.005
 1382.0    0.084   0.005
 1383.0    0.084   0.005
 1384.0    0.085   0.005
 1385.0    0.085   0.006
 1386.0    0.086   0.006
 1387.0    0.087   0.006
 1388.0    0.087   0.006
 1389.0    0.088   0.006
 1390.0    0.089   0.006
 1391.0    0.089   0.006
 1392.0    0.090   0.006
 1393.0    0.091   0.006
 1394.0    0.091   0.006
 1395.0    0.092   0.006
 1396.0    0.092   0.006
 1397.0    0.093   0.007
 1398.0    0.094   0.007
 1399.0    0.094   0.007
 1400.0    0.095   0.007
 1401.0    0.096   0.007
 1402.0    0.096   0.007
 1403.0    0.097   0.007
 1404.0    0.098   0.007
 1405.0    0.098   0.007
 1406.0    0.099   0.007
 1407.0    0.100   0.007
 1408.0    0.100   0.008
 1409.0    0.101   0.008
 1410.0    0.102   0.008
 1411.0    0.103   0.008
 1412.0    0.103   0.008
 1413.0    0.104   0.008
 1414.0    0.105   0.008
 1415.0    0.105   0.008
 1416.0    0.106   0.008
 1417.0    0.107   0.009
 1418.0    0.107   0.009
 1419.0    0.108   0.009
 1420.0    0.109   0.009
 1421.0    0.110   0.009
 1422.0    0.110   0.009
 1423.0    0.111   0.009
 1424.0    0.112   0.009
 1425.0    0.113   0.009
 1426.0    0.113   0.010
 1427.0    0.114   0.010
 1428.0    0.115   0.010
 1429.0    0.115   0.010
 1430.0    0.116   0.010
 1431.0    0.117   0.010
 1432.0    0.118   0.010
 1433.0    0.119   0.010
 1434.0    0.119   0.011
 1435.0    0.120   0.011
 1436.0    0.121   0.011
 1437.0    0.122   0.011
 1438.0    0.122   0.011
 1439.0    0.123   0.011
 1440.0    0.124   0.011
 1441.0    0.125   0.012
 1442.0    0.125   0.012
 1443.0    0.126   0.012
 1444.0    0.127   0.012
 1445.0    0.128   0.012
 1446.0    0.129   0.012
 1447.0    0.129   0.012
 1448.0    0.130   0.013
 1449.0    0.131   0.013
 1450.0    0.132   0.013
 1451.0    0.133   0.013
 1452.0    0.134   0.013
 1453.0    0.134   0.013
 1454.0    0.135   0.014
 1455.0    0.136   0.014
 1456.0    0.137   0.014
 1457.0    0.138   0.014
 1458.0    0.139   0.014
 1459.0    0.139   0.014
 1460.0    0.140   0.015
 1461.0    0.141   0.015
 1462.0    0.142   0.015
 1463.0    0.143   0.015
 1464.0    0.144   0.015
 1465.0    0.145   0.015
 1466.0    0.145   0.016
 1467.0    0.146   0.016
 1468.0    0.147   0.016
 1469.0    0.148   0.016
 1470.0    0.149   0.016
 1471.0    0.150   0.017
 1472.0    0.151   0.017
 1473.0    0.152   0.017
 1474.0    0.152   0.017
 1475.0    0.153   0.017
 1476.0    0.154   0.018
 1477.0    0.155   0.018
 1478.0    0.156   0.018
 1479.0    0.157   0.018
 1480.0    0.158   0.018
 1481.0    0.159   0.019
 1482.0    0.160   0.019
 1483.0    0.161   0.019
 1484.0    0.162   0.019
 1485.0    0.162   0.020
 1486.0    0.163   0.020
 1487.0    0.164   0.020
 1488.0    0.165   0.020
 1489.0    0.166   0.020
 1490.0    0.167   0.021
 1491.0    0.168   0.021
 1492.0    0.169   0.021
 1493.0    0.170   0.021
 1494.0    0.171   0.022
 1495.0    0.172   0.022
 1496.0    0.173   0.022
 1497.0    0.174   0.022
 1498.0    0.175   0.023
 1499.0    0.176   0.023
 1500.0    0.177   0.023
 1501.0    0.178   0.023
 1502.0    0.179   0.024
 1503.0    0.180   0.024
 1504.0    0.181   0.024
 1505.0    0.182   0.025
 1506.0    0.183   0.025
 1507.0    0.184   0.025
 1508.0    0.185   0.025
 1509.0    0.186   0.026
 1510.0    0.187   0.026
 1511.0    0.188   0.026
 1512.0    0.189   0.027
 1513.0    0.190   0.027
 1514.0    0.191   0.027
 1515.0    0.192   0.027
 1516.0    0.193   0.028
 1517.0    0.194   0.028
 1518.0    0.195   0.028
 1519.0    0.196   0.029
 1520.0    0.197   0.029
 1521.0    0.198   0.029
 1522.0    0.200   0.030
 1523.0    0.201   0.030
 1524.0    0.202   0.030
 1525.0    0.203   0.031
 1526.0    0.204   0.031
 1527.0    0.205   0.031
 1528.0    0.206   0.032
 1529.0    0.207   0.032
 1530.0    0.208   0.032
 1531.0    0.209   0.033
 1532.0    0.210   0.033
 1533.0    0.212   0.034
 1534.0    0.213   0.034
 1535.0    0.214   0.034
 1536.0    0.215   0.035
 1537.0    0.216   0.035
 1538.0    0.217   0.035
 1539.0    0.218   0.036
 1540.0    0.220   0.036
 1541.0    0.221   0.037
 1542.0    0.222   0.037
 1543.0    0.223   0.037
 1544.0    0.224   0.038
 1545.0    0.225   0.038
 1546.0    0.226   0.039
 1547.0    0.228   0.039
 1548.0    0.229   0.040
 1549.0    0.230   0.040
 1550.0    0.231   0.040
 1551.0    0.232   0.041
 1552.0    0.233   0.041
 1553.0    0.235   0.042
 1554.0    0.236   0.042
 1555.0    0.237   0.043
 1556.0    0.238   0.043
 1557.0    0.240   0.044
 1558.0    0.241   0.044
 1559.0    0.242   0.045
 1560.0    0.243   0.045
 1561.0    0.244   0.046
 1562.0    0.246   0.046
 1563.0    0.247   0.047
 1564.0    0.248   0.047
 1565.0    0.249   0.048
 1566.0    0.251   0.048
 1567.0    0.252   0.049
 1568.0    0.253   0.049
 1569.0    0.254   0.050
 1570.0    0.256   0.050
 1571.0    0.257   0.051
 1572.0    0.258   0.051
 1573.0    0.260   0.052
 1574.0    0.261   0.052
 1575.0    0.262   0.053
 1576.0    0.263   0.054
 1577.0    0.265   0.054
 1578.0    0.266   0.055
 1579.0    0.267   0.055
 1580.0    0.269   0.056
 1581.0    0.270   0.056
 1582.0    0.271   0.057
 1583.0    0.273   0.058
 1584.0    0.274   0.058
 1585.0    0.275   0.059
 1586.0    0.277   0.060
 1587.0    0.278   0.060
 1588.0    0.279   0.061
 1589.0    0.281   0.062
 1590.0    0.282   0.062
 1591.0    0.283   0.063
 1592.0    0.285   0.064
 1593.0    0.286   0.064
 1594.0    0.288   0.065
 1595.0    0.289   0.066
 1596.0    0.290   0.066
 1597.0    0.292   0.067
 1598.0    0.293   0.068
 1599.0    0.294   0.069
 1600.0    0.296   0.069
 1601.0    0.297   0.070
 1602.0    0.299   0.071
 1603.0    0.300   0.071
 1604.0    0.302   0.072
 1605.0    0.303   0.073
 1606.0    0.304   0.074
 1607.0    0.306   0.075
 1608.0    0.307   0.075
 1609.0    0.309   0.076
 1610.0    0.310   0.077
 1611.0    0.312   0.078
 1612.0    0.313   0.079
 1613.0    0.315   0.079
 1614.0    0.316   0.080
 1615.0    0.317   0.081
 1616.0    0.319   0.082
 1617.0    0.320   0.083
 1618.0    0.322   0.084
 1619.0    0.323   0.085
 1620.0    0.325   0.086
 1621.0    0.326   0.086
 1622.0    0.328   0.087
 1623.0    0.329   0.088
 1624.0    0.331   0.089
 1625.0    0.333   0.090
 1626.0    0.334   0.091
 1627.0    0.336   0.092
 1628.0    0.337   0.093
 1629.0    0.339   0.094
 1630.0    0.340   0.095
 1631.0    0.342   0.096
 1632.0    0.343   0.097
 1633.0    0.345   0.098
 1634.0    0.346   0.099
 1635.0    0.348   0.100
 1636.0    0.349   0.101
 1637.0    0.351   0.102
 1638.0    0.353   0.104
 1639.0    0.354   0.105
 1640.0    0.356   0.106
 1641.0    0.357   0.107
 1642.0    0.359   0.108
 1643.0    0.361   0.109
 1644.0    0.362   0.110
 1645.0    0.364   0.112
 1646.0    0.365   0.113
 1647.0    0.367   0.114
 1648.0    0.369   0.115
 1649.0    0.370   0.116
 1650.0    0.372   0.118
 1651.0    0.374   0.119
 1652.0    0.375   0.120
 1653.0    0.377   0.121
 1654.0    0.378   0.123
 1655.0    0.380   0.124
 1656.0    0.382   0.125
 1657.0    0.383   0.127
 1658.0    0.385   0.128
 1659.0    0.387   0.129
 1660.0    0.388   0.131
 1661.0    0.390   0.132
 1662.0    0.392   0.134
 1663.0    0.393   0.135
 1664.0    0.395   0.136
 1665.0    0.397   0.138
 1666.0    0.398   0.139
 1667.0    0.400   0.141
 1668.0    0.402   0.142
 1669.0    0.403   0.144
 1670.0    0.405   0.145
 1671.0    0.407   0.147
 1672.0    0.409   0.148
 1673.0    0.410   0.150
 1674.0    0.412   0.152
 1675.0    0.414   0.153
 1676.0    0.415   0.155
 1677.0    0.417   0.157
 1678.0    0.419   0.158
 1679.0    0.421   0.160
 1680.0    0.422   0.162
 1681.0    0.424   0.163
 1682.0    0.426   0.165
 1683.0    0.427   0.167
 1684.0    0.429   0.169
 1685.0    0.431   0.170
 1686.0    0.433   0.172
 1687.0    0.434   0.174
 1688.0    0.436   0.176
 1689.0    0.438   0.178
 1690.0    0.440   0.180
 1691.0    0.441   0.182
 1692.0    0.443   0.183
 1693.0    0.445   0.185
 1694.0    0.447   0.187
 1695.0    0.448   0.189
 1696.0    0.450   0.191
 1697.0    0.452   0.193
 1698.0    0.453   0.196
 1699.0    0.455   0.198
 1700.0    0.457   0.200
 1701.0    0.459   0.202
 1702.0    0.460   0.204
 1703.0    0.462   0.206
 1704.0    0.464   0.208
 1705.0    0.466   0.211
 1706.0    0.467   0.213
 1707.0    0.469   0.215
 1708.0    0.471   0.217
 1709.0    0.472   0.220
 1710.0    0.474   0.222
 1711.0    0.476   0.225
 1712.0    0.478   0.227
 1713.0    0.479   0.229
 1714.0    0.481   0.232
 1715.0    0.483   0.234
 1716.0    0.485   0.237
 1717.0    0.486   0.239
 1718.0    0.488   0.242
 1719.0    0.490   0.245
 1720.0    0.491   0.247
 1721.0    0.493   0.250
 1722.0    0.495   0.252
 1723.0    0.496   0.255
 1724.0    0.498   0.258
 1725.0    0.500   0.261
 1726.0    0.501   0.263
 1727.0    0.503   0.266
 1728.0    0.505   0.269
 1729.0    0.506   0.272
 1730.0    0.508   0.275
 1731.0    0.509   0.278
 1732.0    0.511   0.281
 1733.0    0.513   0.284
 1734.0    0.514   0.287
 1735.0    0.516   0.290
 1736.0    0.517   0.293
 1737.0    0.519   0.296
 1738.0    0.521   0.299
 1739.0    0.522   0.302
 1740.0    0.524   0.305
 1741.0    0.525   0.309
 1742.0    0.527   0.312
 1743.0    0.528   0.315
 1744.0    0.530   0.319
 1745.0    0.531   0.322
 1746.0    0.532   0.325
 1747.0    0.534   0.329
 1748.0    0.535   0.332
 1749.0    0.537   0.336
 1750.0    0.538   0.340
 1751.0    0.539   0.343
 1752.0    0.541   0.347
 1753.0    0.542   0.350
 1754.0    0.543   0.354
 1755.0    0.545   0.358
 1756.0    0.546   0.362
 1757.0    0.547   0.365
 1758.0    0.548   0.369
 1759.0    0.549   0.373
 1760.0    0.551   0.377
 1761.0    0.552   0.381
 1762.0    0.553   0.385
 1763.0    0.554   0.389
 1764.0    0.555   0.393
 1765.0    0.556   0.397
 1766.0    0.557   0.401
 1767.0    0.558   0.405
 1768.0    0.559   0.410
 1769.0    0.560   0.414
 1770.0    0.561   0.418
 1771.0    0.562   0.423
 1772.0    0.563   0.427
 1773.0    0.563   0.431
 1774.0    0.564   0.436
 1775.0    0.565   0.440
 1776.0    0.566   0.445
 1777.0    0.566   0.449
 1778.0    0.567   0.454
 1779.0    0.568   0.458
 1780.0    0.568   0.463
 1781.0    0.569   0.468
 1782.0    0.569   0.473
 1783.0    0.569   0.477
 1784.0    0.570   0.482
 1785.0    0.570   0.487
 1786.0    0.570   0.492
 1787.0    0.571   0.497
 1788.0    0.571   0.502
 1789.0    0.571   0.507
 1790.0    0.571   0.512
 1791.0    0.571   0.517
 1792.0    0.571   0.522
 1793.0    0.571   0.527
 1794.0    0.571   0.532
 1795.0    0.571   0.538
 1796.0    0.571   0.543
 1797.0    0.571   0.548
 1798.0    0.570   0.554
 1799.0    0.570   0.559
 1800.0    0.569   0.564
 1801.0    0.569   0.570
 1802.0    0.568   0.575
 1803.0    0.568   0.581
 1804.0    0.567   0.586
 1805.0    0.566   0.592
 1806.0    0.565   0.597
 1807.0    0.565   0.603
 1808.0    0.564   0.609
 1809.0    0.563   0.614
 1810.0    0.562   0.620
 1811.0    0.560   0.626
 1812.0    0.559   0.631
 1813.0    0.558   0.637
 1814.0    0.556   0.643
 1815.0    0.555   0.649
 1816.0    0.553   0.654
 1817.0    0.552   0.660
 1818.0    0.550   0.666
 1819.0    0.548   0.672
 1820.0    0.546   0.678
 1821.0    0.545   0.684
 1822.0    0.543   0.690
 1823.0    0.540   0.696
 1824.0    0.538   0.702
 1825.0    0.536   0.708
 1826.0    0.534   0.713
 1827.0    0.531   0.719
 1828.0    0.529   0.725
 1829.0    0.526   0.731
 1830.0    0.523   0.737
 1831.0    0.520   0.743
 1832.0    0.518   0.749
 1833.0    0.515   0.755
 1834.0    0.511   0.761
 1835.0    0.508   0.767
 1836.0    0.505   0.773
 1837.0    0.502   0.779
 1838.0    0.498   0.785
 1839.0    0.495   0.791
 1840.0    0.491   0.797
 1841.0    0.487   0.803
 1842.0    0.483   0.809
 1843.0    0.479   0.814
 1844.0    0.475   0.820
 1845.0    0.471   0.826
 1846.0    0.467   0.832
 1847.0    0.462   0.837
 1848.0    0.458   0.843
 1849.0    0.453   0.849
 1850.0    0.449   0.854
 1851.0    0.444   0.860
 1852.0    0.439   0.865
 1853.0    0.434   0.871
 1854.0    0.429   0.876
 1855.0    0.424   0.882
 1856.0    0.419   0.887
 1857.0    0.413   0.892
 1858.0    0.408   0.898
 1859.0    0.402   0.903
 1860.0    0.397   0.908
 1861.0    0.391   0.913
 1862.0    0.385   0.918
 1863.0    0.379   0.923
 1864.0    0.373   0.928
 1865.0    0.367   0.933
 1866.0    0.361   0.938
 1867.0    0.355   0.942
 1868.0    0.348   0.947
 1869.0    0.342   0.951
 1870.0    0.335   0.956
 1871.0    0.329   0.960
 1872.0    0.322   0.964
 1873.0    0.315   0.969
 1874.0    0.308   0.973
 1875.0    0.301   0.977
 1876.0    0.294   0.981
 1877.0    0.287   0.984
 1878.0    0.280   0.988
 1879.0    0.273   0.992
 1880.0    0.265   0.995
 1881.0    0.258   0.999
 1882.0    0.250   1.002
 1883.0    0.242   1.005
 1884.0    0.235   1.008
 1885.0    0.227   1.011
 1886.0    0.219   1.014
 1887.0    0.212   1.017
 1888.0    0.204   1.019
 1889.0    0.196   1.022
 1890.0    0.188   1.024
 1891.0    0.181   1.026
 1892.0    0.173   1.028
 1893.0    0.165   1.030
 1894.0    0.157   1.032
 1895.0    0.149   1.034
 1896.0    0.141   1.035
 1897.0    0.132   1.037
 1898.0    0.124   1.038
 1899.0    0.115   1.039
 1900.0    0.107   1.041
 1901.0    0.098   1.042
 1902.0    0.089   1.043
 1903.0    0.080   1.044
 1904.0    0.071   1.044
 1905.0    0.063   1.045
 1906.0    0.054   1.045
 1907.0    0.046   1.046
 1908.0    0.039   1.046
 1909.0    0.031   1.046
 1910.0    0.023   1.046
 1911.0    0.016   1.045
 1912.0    0.009   1.045
 1913.0    0.001   1.044
 1914.0   -0.007   1.043
 1915.0   -0.015   1.042
 1916.0   -0.023   1.041
 1917.0   -0.032   1.040
 1918.0   -0.041   1.039
 1919.0   -0.049   1.038
 1920.0   -0.058   1.037
 1921.0   -0.066   1.036
 1922.0   -0.074   1.035
 1923.0   -0.082   1.033
 1924.0   -0.090   1.032
 1925.0   -0.098   1.030
 1926.0   -0.106   1.028
 1927.0   -0.114   1.025
 1928.0   -0.122   1.023
 1929.0   -0.130   1.020
 1930.0   -0.138   1.017
 1931.0   -0.146   1.015
 1932.0   -0.153   1.012
 1933.0   -0.161   1.009
 1934.0   -0.168   1.006
 1935.0   -0.176   1.003
 1936.0   -0.183   1.000
 1937.0   -0.190   0.997
 1938.0   -0.197   0.994
 1939.0   -0.204   0.990
 1940.0   -0.211   0.987
 1941.0   -0.218   0.983
 1942.0   -0.225   0.980
 1943.0   -0.232   0.976
 1944.0   -0.238   0.972
 1945.0   -0.245   0.968
 1946.0   -0.251   0.964
 1947.0   -0.258   0.960
 1948.0   -0.264   0.956
 1949.0   -0.271   0.952
 1950.0   -0.277   0.947
 1951.0   -0.283   0.943
 1952.0   -0.289   0.939
 1953.0   -0.295   0.934
 1954.0   -0.301   0.930
 1955.0   -0.307   0.925
 1956.0   -0.312   0.921
 1957.0   -0.318   0.916
 1958.0   -0.323   0.911
 1959.0   -0.329   0.907
 1960.0   -0.334   0.902
 1961.0   -0.339   0.897
 1962.0   -0.345   0.892
 1963.0   -0.350   0.888
 1964.0   -0.355   0.883
 1965.0   -0.359   0.878
 1966.0   -0.364   0.873
 1967.0   -0.369   0.868
 1968.0   -0.374   0.862
 1969.0   -0.378   0.857
 1970.0   -0.383   0.852
 1971.0   -0.387   0.847
