   W                 E3+(pi0_p)
 (MeV)      Re       DRe      Im       DIm
1075.227   -0.001    0.023    0.033    0.045
1077.319    0.014    0.027   -0.042    0.068
1079.346    0.034    0.024   -0.144    0.037
1081.387    0.011    0.020   -0.074    0.059
1083.424    0.014    0.025    0.056    0.056
1085.449   -0.017    0.020    0.038    0.033
1087.487    0.011    0.022    0.096    0.040
1089.521    0.027    0.020   -0.105    0.035
1091.535    0.030    0.022    0.128    0.041
1093.579    0.053    0.023    0.188    0.037
1095.610    0.071    0.022    0.152    0.035
1097.646    0.046    0.018   -0.164    0.034
1099.619    0.048    0.019    0.187    0.042
1101.699    0.076    0.024    0.280    0.032
1103.707    0.036    0.016    0.055    0.025
1105.729    0.074    0.023    0.304    0.032
1107.755    0.079    0.020    0.150    0.044
1109.760    0.019    0.022    0.164    0.057
1111.796    0.072    0.025    0.232    0.052
1113.795    0.044    0.017    0.020    0.037
1115.823    0.100    0.026   -0.049    0.032
1117.839    0.034    0.028   -0.043    0.051
1119.860    0.101    0.028   -0.247    0.055
1121.878    0.048    0.031    0.271    0.065
1123.833    0.008    0.033    0.097    0.062
1125.893    0.038    0.046    0.395    0.081
1127.891    0.062    0.064    0.406    0.056
1129.903    0.028    0.049    0.227    0.087
1131.911    0.321    0.049    0.162    0.104
1133.915    0.047    0.040    0.113    0.078
1135.841   -0.107    0.050    0.401    0.059
1135.916   -0.034    0.058    0.414    0.059
1137.913   -0.025    0.055    0.244    0.071
1139.396    0.063    0.038    0.164    0.085
1139.923    0.392    0.042   -0.051    0.083
1141.905   -0.290    0.056    0.350    0.061
1142.931    0.153    0.053    0.267    0.090
1143.916   -0.120    0.047    0.055    0.063
1145.916    0.252    0.054    0.175    0.095
1146.464   -0.382    0.039    0.374    0.084
1147.855   -0.007    0.061    0.347    0.062
1149.905    0.067    0.039   -0.215    0.077
1149.986    0.046    0.044   -0.209    0.088
1151.886    0.104    0.035   -0.098    0.095
1153.497   -0.033    0.032    0.295    0.077
1153.880    0.115    0.045   -0.301    0.070
1155.862   -0.007    0.035    0.186    0.079
1157.006   -0.034    0.036    0.279    0.079
1157.849   -0.028    0.027    0.300    0.071
1159.841   -0.058    0.031    0.352    0.073
1160.504   -0.065    0.031    0.360    0.073
1161.821   -0.011    0.035    0.359    0.076
1163.798    0.240    0.047   -0.411    0.078
1163.991    0.224    0.046   -0.393    0.074
1165.780    0.209    0.043   -0.238    0.075
1167.468    0.056    0.040    0.005    0.073
1167.758    0.085    0.032    0.010    0.055
1169.733    0.063    0.035    0.204    0.064
1170.951   -0.059    0.039    0.313    0.075
1171.680    0.179    0.041   -0.054    0.066
1173.680    0.016    0.036    0.209    0.062
1174.336    0.180    0.041   -0.132    0.068
1175.653    0.205    0.032    0.091    0.040
1177.631    0.259    0.044   -0.265    0.060
1177.870    0.055    0.048    0.028    0.067
1179.597    0.079    0.030    0.058    0.046
1181.306    0.024    0.038    0.054    0.052
1181.560    0.016    0.032    0.119    0.046
1183.528   -0.062    0.037    0.184    0.047
1184.748    0.036    0.040    0.027    0.052
1185.493   -0.119    0.033    0.195    0.040
1187.454   -0.084    0.035    0.214    0.043
1188.180    0.120    0.047   -0.084    0.056
1189.412   -0.061    0.039    0.150    0.043
1191.366   -0.085    0.042    0.213    0.046
1191.603    0.183    0.051   -0.088    0.061
1193.334   -0.051    0.043    0.178    0.042
1195.015    0.182    0.066   -0.096    0.057
1195.235    0.132    0.049   -0.078    0.043
1197.235    0.109    0.047   -0.028    0.045
1198.426   -0.166    0.058    0.153    0.053
1199.193    0.257    0.042   -0.075    0.040
1201.038    0.310    0.051   -0.088    0.037
1201.819   -0.205    0.062    0.127    0.050
1202.950    0.251    0.053   -0.010    0.037
1204.852   -0.295    0.050    0.124    0.040
1205.210   -0.239    0.065    0.129    0.052
1206.751    0.227    0.056   -0.120    0.044
1208.600    0.049    0.060    0.005    0.050
1208.646    0.134    0.054   -0.055    0.041
1210.539    0.207    0.058   -0.078    0.039
1211.987    0.148    0.064   -0.050    0.052
1212.429    0.039    0.057   -0.086    0.033
1214.315    0.184    0.048   -0.039    0.030
1215.273    0.079    0.057   -0.025    0.035
1216.207    0.267    0.049   -0.053    0.031
1218.049    0.288    0.057   -0.041    0.027
1218.712   -0.078    0.069    0.004    0.027
1219.951    0.243    0.061   -0.005    0.028
1221.826    0.113    0.066   -0.088    0.030
1222.048    0.194    0.059   -0.058    0.033
1223.690    0.177    0.068   -0.054    0.030
1225.399   -0.241    0.084    0.111    0.038
1225.560    0.095    0.072    0.007    0.031
1227.419    0.082    0.070   -0.019    0.030
1228.733    0.151    0.053   -0.023    0.034
1229.275    0.007    0.064   -0.086    0.031
1231.128    0.041    0.096   -0.067    0.043
1232.065    0.153    0.071   -0.016    0.031
1232.979    0.151    0.077    0.001    0.041
1234.819   -0.009    0.057   -0.088    0.033
1235.389    0.104    0.088   -0.026    0.033
1236.664    0.219    0.066    0.077    0.034
1238.514    0.211    0.072    0.078    0.034
1238.696   -0.040    0.076    0.035    0.026
1240.301   -0.082    0.059   -0.051    0.036
1242.009   -0.085    0.100    0.007    0.022
1242.183   -0.047    0.061   -0.056    0.036
1244.002   -0.010    0.102   -0.029    0.049
1245.306   -0.052    0.083    0.005    0.043
1245.826   -0.163    0.100   -0.121    0.034
1247.647   -0.247    0.070   -0.085    0.032
1248.594   -0.029    0.063    0.057    0.046
1249.466   -0.082    0.071   -0.035    0.039
1251.274   -0.011    0.069    0.057    0.044
1251.896    0.004    0.063    0.096    0.043
1253.095    0.101    0.079    0.067    0.047
1254.883    0.045    0.081    0.062    0.047
1255.085    0.055    0.068    0.079    0.044
1256.684   -0.058    0.065    0.019    0.037
1258.437   -0.016    0.067    0.116    0.038
1258.482   -0.001    0.073    0.062    0.040
1260.285    0.131    0.058   -0.003    0.042
1261.691    0.080    0.058    0.053    0.041
1262.026    0.069    0.056   -0.023    0.038
1263.861    0.154    0.080   -0.176    0.085
1264.944    0.063    0.086    0.026    0.050
1265.649    0.142    0.068   -0.090    0.046
1267.412    0.106    0.060    0.104    0.041
1268.189   -0.090    0.062    0.066    0.055
1269.187   -0.035    0.075   -0.026    0.056
1270.960    0.018    0.072    0.035    0.055
1271.433   -0.114    0.059    0.160    0.044
1272.731    0.032    0.061    0.186    0.044
1274.477   -0.037    0.063    0.073    0.046
1274.661   -0.063    0.064    0.101    0.042
1276.250    0.055    0.062    0.103    0.051
1278.006    0.111    0.059    0.161    0.051
1279.752    0.007    0.056    0.075    0.052
1281.108    0.027    0.062    0.092    0.048
1281.510    0.025    0.061   -0.092    0.054
1283.215    0.123    0.062    0.153    0.060
1284.319    0.016    0.057    0.090    0.048
1284.991    0.048    0.075    0.045    0.068
1286.720    0.008    0.086    0.032    0.075
1287.522   -0.017    0.068   -0.005    0.050
1288.447   -0.063    0.063   -0.050    0.054
1290.179   -0.014    0.069   -0.004    0.055
1290.724   -0.054    0.065   -0.069    0.050
1291.902    0.530    0.084    0.356    0.086
1293.614    0.535    0.083    0.373    0.089
1293.846   -0.605    0.073   -0.482    0.074
1295.332   -0.540    0.083   -0.377    0.098
1297.041   -0.161    0.056   -0.159    0.052
1297.098   -0.121    0.042    0.003    0.050
1298.754   -0.169    0.053   -0.129    0.052
1300.263   -0.102    0.039    0.031    0.044
1300.450   -0.142    0.052   -0.127    0.052
1302.152   -0.145    0.049   -0.063    0.053
1303.434    0.090    0.039    0.205    0.035
1303.816   -0.040    0.046   -0.106    0.043
1305.542   -0.018    0.046   -0.049    0.049
1306.590   -0.013    0.031   -0.107    0.031
1307.222    0.054    0.033    0.014    0.048
1308.901    0.016    0.036   -0.049    0.046
1309.746   -0.012    0.041   -0.099    0.047
1310.577   -0.006    0.064    0.011    0.062
1312.251   -0.025    0.060    0.005    0.059
1312.895   -0.035    0.039   -0.096    0.046
1313.916   -0.016    0.051   -0.086    0.049
1315.579   -0.031    0.051   -0.080    0.048
1316.035   -0.055    0.035   -0.076    0.044
1317.240   -0.167    0.089    0.146    0.093
1318.898   -0.189    0.041    0.108    0.059
1320.548   -0.077    0.052    0.132    0.059
1322.174   -0.102    0.046    0.096    0.053
1323.847   -0.099    0.047    0.094    0.054
1325.406   -0.075    0.043    0.200    0.051
1325.477   -0.128    0.059    0.163    0.069
1327.118   -0.133    0.067    0.139    0.072
1328.531   -0.070    0.043    0.215    0.049
1328.743   -0.080    0.064    0.122    0.065
1330.373   -0.104    0.062    0.174    0.064
1331.557   -0.051    0.045    0.215    0.048
1331.987   -0.070    0.067    0.192    0.058
1333.606   -0.110    0.063    0.149    0.063
1334.732    0.123    0.065    0.140    0.052
1335.217   -0.105    0.072   -0.087    0.084
1336.825   -0.136    0.116   -0.079    0.146
1337.807    0.137    0.104    0.135    0.093
1338.438   -0.130    0.094   -0.097    0.099
1340.000   -0.027    0.078   -0.049    0.069
1340.896   -0.075    0.040   -0.122    0.055
1341.631   -0.034    0.123   -0.040    0.077
1343.211   -0.094    0.052   -0.065    0.062
1343.972   -0.049    0.045    0.068    0.052
1344.809   -0.061    0.064   -0.045    0.059
1346.378   -0.001    0.075   -0.015    0.057
1347.040   -0.094    0.036   -0.070    0.051
1347.959   -0.058    0.057   -0.053    0.056
1349.531    0.073    0.086   -0.095    0.070
1350.101    0.147    0.127   -0.098    0.113
1351.095    0.015    0.080   -0.088    0.070
1352.663    0.084    0.173   -0.065    0.100
1353.156    0.119    0.141   -0.102    0.111
1354.223    0.066    0.082   -0.045    0.067
1355.767    0.004    0.114   -0.042    0.076
1356.203   -0.075    0.047   -0.202    0.063
1357.296   -0.006    0.137   -0.080    0.087
1358.864    0.012    0.127   -0.031    0.077
1359.244    0.162    0.093   -0.058    0.109
1360.410    0.186    0.075   -0.036    0.100
1361.954    0.110    0.113   -0.001    0.091
1362.285    0.147    0.096   -0.042    0.104
1363.469    0.117    0.112   -0.004    0.091
1364.996    0.103    0.069    0.008    0.070
1366.528   -0.033    0.055    0.067    0.064
1368.030   -0.107    0.047   -0.046    0.058
1368.264   -0.021    0.057    0.071    0.054
1369.545    0.009    0.059    0.156    0.051
1371.065   -0.025    0.059    0.063    0.061
1371.353   -0.020    0.037    0.072    0.046
1372.556   -0.019    0.059    0.056    0.058
1374.032   -0.034    0.056    0.050    0.060
1374.353   -0.092    0.048   -0.008    0.062
1375.561   -0.044    0.050    0.042    0.048
1377.034   -0.015    0.049    0.052    0.042
1377.347   -0.022    0.028    0.046    0.042
1378.518   -0.023    0.045    0.066    0.040
1379.994   -0.020    0.038    0.047    0.032
1380.341    0.021    0.029    0.066    0.032
1381.483   -0.075    0.050    0.033    0.039
1382.928    0.066    0.045   -0.070    0.056
1383.329   -0.091    0.027    0.002    0.026
1384.413   -0.020    0.044    0.036    0.034
1385.863   -0.004    0.040    0.037    0.031
1386.310   -0.109    0.026    0.011    0.026
1387.318   -0.117    0.033   -0.012    0.033
1388.771   -0.110    0.033   -0.006    0.034
1389.278   -0.090    0.027    0.008    0.025
1390.183   -0.112    0.035   -0.029    0.034
1391.660   -0.019    0.042    0.038    0.031
1392.246   -0.082    0.027    0.018    0.027
1393.088    0.024    0.032    0.041    0.031
1394.522    0.088    0.037   -0.061    0.053
1395.202   -0.031    0.034    0.021    0.026
1395.941    0.007    0.035    0.033    0.032
1397.359   -0.107    0.041   -0.028    0.045
1398.158   -0.066    0.030   -0.013    0.038
1398.788   -0.114    0.039   -0.042    0.044
1400.189   -0.022    0.043    0.063    0.048
1401.107   -0.015    0.027    0.059    0.028
1401.589   -0.039    0.049    0.027    0.047
1403.001   -0.059    0.047    0.018    0.051
1404.371   -0.047    0.043    0.018    0.042
1405.787    0.035    0.029    0.076    0.033
1407.168    0.013    0.030    0.041    0.030
1408.548    0.028    0.028    0.056    0.031
1409.892    0.096    0.024    0.027    0.029
1409.919    0.079    0.037    0.049    0.037
1411.296    0.054    0.039    0.035    0.036
1412.658    0.091    0.033    0.051    0.036
1412.811    0.102    0.023    0.027    0.027
1414.019    0.076    0.034    0.035    0.033
1415.379    0.070    0.039    0.006    0.032
1416.730    0.084    0.039    0.007    0.033
1418.048    0.092    0.039    0.028    0.036
1418.623    0.106    0.026    0.015    0.026
1419.417    0.086    0.040    0.019    0.034
1420.745    0.045    0.042   -0.003    0.029
1421.517    0.031    0.023    0.046    0.031
1422.078   -0.034    0.040   -0.005    0.052
1423.397   -0.017    0.043   -0.053    0.035
1424.722   -0.045    0.044   -0.081    0.037
1426.038   -0.044    0.045   -0.066    0.040
1427.294    0.025    0.025   -0.005    0.034
1427.347    0.014    0.030   -0.045    0.033
1428.654    0.058    0.038   -0.042    0.035
1429.961    0.028    0.033   -0.029    0.035
1430.171    0.056    0.029   -0.033    0.024
1431.226    0.031    0.035   -0.037    0.037
1432.537    0.027    0.035   -0.049    0.040
1433.035    0.044    0.030   -0.045    0.024
1433.814    0.050    0.037   -0.039    0.037
1435.096    0.040    0.033   -0.068    0.039
1435.913    0.073    0.035   -0.044    0.025
1436.370    0.040    0.033   -0.028    0.032
1437.650    0.048    0.036   -0.038    0.029
1438.902    0.032    0.033   -0.022    0.034
1440.160    0.118    0.042   -0.011    0.034
1441.424    0.117    0.035   -0.000    0.032
1441.612    0.049    0.024   -0.011    0.023
1442.647    0.039    0.028   -0.029    0.032
1443.902   -0.003    0.037    0.043    0.027
1444.441    0.047    0.025    0.012    0.024
1445.142    0.005    0.041    0.039    0.027
1446.998    0.028    0.032    0.009    0.023
1447.277    0.066    0.022    0.041    0.026
1449.453    0.046    0.030    0.014    0.023
1450.107   -0.035    0.014    0.119    0.017
1451.885    0.056    0.029    0.005    0.023
1452.925   -0.032    0.013    0.106    0.017
1454.281   -0.023    0.031    0.008    0.023
1455.738    0.110    0.021   -0.010    0.020
1456.679    0.099    0.022   -0.018    0.023
1458.546   -0.007    0.014    0.112    0.014
1459.047   -0.011    0.014   -0.008    0.015
1461.348   -0.015    0.011    0.004    0.015
1461.393    0.076    0.022   -0.024    0.021
1463.721    0.086    0.023   -0.037    0.021
1464.138   -0.013    0.011   -0.003    0.014
1466.034   -0.019    0.015   -0.020    0.015
1466.923   -0.011    0.011   -0.005    0.014
1468.323   -0.008    0.015   -0.017    0.014
1469.715   -0.000    0.011   -0.013    0.014
1470.590   -0.011    0.016   -0.020    0.015
1472.413   -0.020    0.012   -0.001    0.015
1472.840   -0.025    0.016   -0.034    0.015
1475.062    0.086    0.021   -0.021    0.020
1475.253   -0.012    0.011    0.001    0.015
1477.280    0.085    0.021   -0.025    0.020
1477.998   -0.006    0.011    0.002    0.016
1479.463    0.008    0.014    0.028    0.013
1480.750    0.010    0.012    0.042    0.012
1481.631    0.002    0.015    0.030    0.014
1483.491    0.007    0.012    0.043    0.012
1483.782    0.002    0.016    0.024    0.014
1485.906   -0.008    0.016    0.028    0.014
1488.026   -0.022    0.018    0.012    0.014
1488.959   -0.009    0.013    0.027    0.013
1490.111   -0.007    0.018    0.007    0.014
1491.685   -0.006    0.013    0.026    0.013
1492.188   -0.005    0.017    0.015    0.015
1494.236   -0.016    0.017    0.006    0.014
1494.400   -0.012    0.012    0.026    0.013
1496.282   -0.018    0.017    0.006    0.014
1497.109   -0.001    0.013    0.041    0.013
1498.293    0.001    0.017    0.023    0.014
1499.814   -0.006    0.013    0.039    0.013
1500.290   -0.013    0.019    0.016    0.014
1502.277   -0.008    0.019    0.023    0.015
1502.515    0.004    0.013    0.040    0.013
1504.231    0.006    0.021    0.010    0.016
1505.141   -0.002    0.014    0.036    0.013
1506.188   -0.003    0.020    0.023    0.015
1507.882   -0.003    0.013    0.034    0.013
1508.112   -0.002    0.019    0.018    0.014
1510.014   -0.004    0.021    0.026    0.015
1510.549   -0.007    0.013    0.029    0.013
1511.921   -0.014    0.021    0.014    0.015
1513.217   -0.013    0.013    0.031    0.014
1513.887   -0.021    0.019    0.020    0.014
1515.875    0.011    0.012    0.061    0.014
1515.918    0.011    0.015    0.056    0.015
1518.015   -0.003    0.016    0.052    0.015
1518.528    0.009    0.012    0.054    0.015
1520.171    0.005    0.016    0.046    0.015
1521.176    0.001    0.012    0.052    0.014
1522.360    0.008    0.016    0.045    0.015
1523.814    0.007    0.012    0.053    0.014
1524.553   -0.002    0.016    0.049    0.015
1526.724   -0.006    0.015    0.032    0.015
1528.843   -0.000    0.015    0.038    0.015
1529.070    0.001    0.012    0.043    0.014
1530.891   -0.014    0.016    0.036    0.015
1531.681    0.003    0.012    0.039    0.014
1532.857   -0.002    0.016    0.034    0.015
1534.307   -0.007    0.011    0.059    0.014
1534.705   -0.008    0.015    0.048    0.015
1536.452   -0.020    0.015    0.050    0.015
1536.843   -0.009    0.011    0.056    0.014
1538.069   -0.013    0.015    0.058    0.015
1539.502   -0.011    0.011    0.059    0.015
1539.911   -0.027    0.015    0.057    0.016
1542.078   -0.001    0.011    0.050    0.015
1544.662   -0.002    0.017    0.022    0.017
1547.235   -0.008    0.014    0.035    0.017
1549.804   -0.006    0.013    0.029    0.017
1552.363    0.038    0.012   -0.002    0.017
1554.912    0.014    0.012   -0.024    0.018
1557.462    0.012    0.012   -0.017    0.018
1559.996    0.011    0.012   -0.021    0.018
1562.532    0.013    0.012   -0.023    0.017
1565.004    0.016    0.012   -0.024    0.018
1567.574    0.011    0.012   -0.025    0.017
1570.074    0.023    0.011   -0.006    0.016
1573.823    0.021    0.013    0.009    0.019
1577.556    0.017    0.012   -0.001    0.017
1580.035    0.022    0.012   -0.023    0.019
1582.509    0.016    0.012   -0.009    0.017
1584.973    0.013    0.012   -0.016    0.018
1587.428    0.016    0.011   -0.031    0.017
1589.891    0.030    0.015   -0.057    0.014
1592.273    0.013    0.012   -0.015    0.018
1594.764    0.002    0.013   -0.006    0.017
1597.186    0.005    0.014   -0.018    0.016
1599.605   -0.001    0.013   -0.009    0.017
1602.020   -0.002    0.013   -0.015    0.016
1604.425   -0.003    0.012   -0.006    0.015
1606.821    0.027    0.015   -0.047    0.014
1609.213    0.023    0.015   -0.044    0.014
1611.596    0.037    0.015   -0.044    0.011
1613.970    0.040    0.015   -0.044    0.013
1616.346    0.052    0.015   -0.045    0.012
1618.654    0.023    0.017   -0.033    0.013
1621.058    0.020    0.017   -0.036    0.013
1623.395    0.107    0.020   -0.080    0.013
1625.734    0.078    0.020   -0.075    0.013
1628.064    0.085    0.020   -0.068    0.013
1630.385    0.075    0.019   -0.064    0.012
1632.702    0.057    0.016   -0.057    0.012
1635.011    0.075    0.017   -0.059    0.011
1637.311    0.072    0.016   -0.060    0.013
1639.601    0.086    0.015   -0.058    0.012
1641.894    0.115    0.017   -0.072    0.012
1644.121    0.123    0.017   -0.066    0.012
1646.442    0.116    0.017   -0.059    0.011
1648.692    0.090    0.016   -0.047    0.011
1650.950    0.098    0.017   -0.029    0.012
1653.193    0.095    0.016   -0.039    0.012
1655.433    0.079    0.016   -0.028    0.011
1657.665    0.077    0.026   -0.017    0.011
1659.888    0.084    0.026   -0.012    0.011
1662.102    0.089    0.026   -0.005    0.012
1664.308    0.090    0.027    0.008    0.011
1666.517    0.060    0.020   -0.012    0.010
1668.660    0.062    0.021   -0.010    0.010
1670.891    0.074    0.020    0.001    0.011
1673.063    0.073    0.020    0.005    0.010
1675.232    0.056    0.027    0.004    0.010
1677.392    0.104    0.025    0.012    0.011
1679.545    0.109    0.026    0.023    0.011
1681.694    0.109    0.021    0.020    0.011
1683.829    0.110    0.017   -0.001    0.012
1685.957    0.113    0.018    0.007    0.012
1688.087    0.112    0.017    0.005    0.012
1690.159    0.116    0.021    0.023    0.012
1692.306    0.097    0.019    0.012    0.013
1694.400    0.095    0.019    0.017    0.012
1696.492    0.092    0.019    0.020    0.012
1698.576    0.087    0.019    0.014    0.013
1700.646    0.091    0.019    0.017    0.014
1702.714    0.087    0.019    0.021    0.013
1704.773    0.090    0.019    0.026    0.013
1706.825    0.081    0.018    0.020    0.013
1708.874    0.101    0.026    0.020    0.014
1710.872    0.108    0.025    0.034    0.014
1712.938    0.100    0.023    0.042    0.013
1714.953    0.099    0.023    0.037    0.014
1716.965    0.032    0.024    0.078    0.012
1718.969    0.063    0.021    0.051    0.015
1724.930    0.052    0.022    0.068    0.015
1726.904    0.057    0.022    0.065    0.016
1730.827    0.087    0.021    0.079    0.014
1735.678    0.089    0.020    0.084    0.016
1739.528    0.068    0.018    0.056    0.017
1745.241    0.051    0.020    0.033    0.016
1749.001    0.024    0.020    0.047    0.015
1753.678    0.106    0.022    0.100    0.019
1759.212    0.145    0.020    0.117    0.022
1763.766    0.153    0.023    0.147    0.024
1767.385    0.178    0.024    0.151    0.023
1770.965    0.169    0.023    0.143    0.023
1774.511    0.152    0.022    0.159    0.028
1778.029    0.049    0.038   -0.006    0.031
1781.509    0.179    0.024    0.187    0.032
1784.971    0.189    0.023    0.192    0.029
1790.094    0.158    0.020    0.102    0.025
1793.471    0.171    0.020    0.118    0.026
1796.806    0.171    0.021    0.119    0.024
1800.129    0.201    0.025    0.218    0.026
1803.415    0.209    0.025    0.211    0.027
1806.669    0.128    0.054    0.042    0.041
1809.896    0.120    0.050    0.072    0.044
1813.082    0.143    0.045    0.094    0.043
1816.251    0.113    0.049    0.066    0.047
1819.390    0.061    0.049    0.044    0.035
1822.497    0.179    0.030    0.114    0.032
1825.562    0.270    0.022    0.094    0.039
1828.623    0.270    0.023    0.095    0.040
1831.643    0.268    0.022    0.097    0.039
1834.637    0.278    0.022    0.102    0.041
1838.336    0.111    0.052    0.025    0.024
1841.997    0.112    0.058   -0.002    0.024
1844.898    0.087    0.052   -0.006    0.022
1847.754   -0.020    0.025   -0.017    0.015
1852.035   -0.038    0.024   -0.015    0.016
1854.976   -0.042    0.026   -0.032    0.016
1858.008   -0.027    0.025   -0.024    0.016
1861.147   -0.030    0.026   -0.027    0.016
1864.365   -0.056    0.031   -0.044    0.018
1869.276   -0.013    0.030   -0.019    0.014
1872.541   -0.048    0.028   -0.017    0.015
1875.750   -0.029    0.036   -0.018    0.015
1878.864   -0.045    0.025    0.003    0.014
1887.394   -0.039    0.022   -0.005    0.017
1889.902   -0.049    0.024   -0.019    0.019
1894.385    0.002    0.025   -0.055    0.019
