E =  160.000 MeV, Wght = 1.00, Syst = 0.05
  5.000    4.886000    0.195000
 15.000    4.706000    0.111000
 25.000    4.357000    0.084000
 35.000    4.405000    0.072000
 45.000    4.256000    0.064000
 55.000    4.342000    0.060000
 65.000    4.256000    0.056000
 75.000    4.320000    0.055000
 85.000    4.405000    0.055000
 95.000    4.504000    0.055000
105.000    4.531000    0.056000
115.000    4.644000    0.059000
125.000    4.611000    0.062000
135.000    4.779000    0.068000
145.000    4.772000    0.075000
155.000    4.651000    0.086000
165.000    4.601000    0.110000
175.000    4.940000    0.196000
------------------------------------------
E =  170.000 MeV, Wght = 1.00, Syst = 0.05
  5.000    6.293000    0.221000
 15.000    6.112000    0.126000
 25.000    6.076000    0.098000
 35.000    5.725000    0.082000
 45.000    5.686000    0.074000
 55.000    5.794000    0.069000
 65.000    5.760000    0.065000
 75.000    5.868000    0.064000
 85.000    6.013000    0.064000
 95.000    6.153000    0.065000
105.000    6.320000    0.066000
115.000    6.508000    0.070000
125.000    6.529000    0.073000
135.000    6.444000    0.078000
145.000    6.698000    0.089000
155.000    6.560000    0.102000
165.000    6.367000    0.129000
175.000    6.478000    0.224000
------------------------------------------
E =  180.000 MeV, Wght = 1.00, Syst = 0.05
  5.000    7.491000    0.246000
 15.000    6.814000    0.136000
 25.000    6.539000    0.105000
 35.000    6.222000    0.088000
 45.000    6.251000    0.079000
 55.000    6.342000    0.074000
 65.000    6.555000    0.071000
 75.000    6.898000    0.071000
 85.000    7.135000    0.071000
 95.000    7.425000    0.073000
105.000    7.661000    0.075000
115.000    7.614000    0.077000
125.000    7.832000    0.082000
135.000    7.887000    0.089000
145.000    7.865000    0.098000
155.000    7.813000    0.114000
165.000    8.083000    0.149000
175.000    7.848000    0.252000
------------------------------------------
E =  190.000 MeV, Wght = 1.00, Syst = 0.05
  5.000    7.462000    0.252000
 15.000    7.295000    0.144000
 25.000    7.073000    0.111000
 35.000    6.669000    0.093000
 45.000    6.562000    0.083000
 55.000    6.982000    0.079000
 65.000    7.091000    0.076000
 75.000    7.563000    0.076000
 85.000    7.995000    0.077000
 95.000    8.333000    0.079000
105.000    8.521000    0.081000
115.000    8.697000    0.084000
125.000    8.913000    0.090000
135.000    8.835000    0.096000
145.000    8.940000    0.107000
155.000    9.028000    0.126000
165.000    9.023000    0.161000
175.000    8.691000    0.271000
------------------------------------------
E =  200.000 MeV, Wght = 1.00, Syst = 0.05
  5.000    7.689000    0.261000
 15.000    7.286000    0.148000
 25.000    6.876000    0.112000
 35.000    6.806000    0.096000
 45.000    6.770000    0.086000
 55.000    7.258000    0.083000
 65.000    7.777000    0.081000
 75.000    8.449000    0.082000
 85.000    8.834000    0.083000
 95.000    9.366000    0.085000
105.000    9.516000    0.087000
115.000    9.749000    0.091000
125.000    9.866000    0.097000
135.000    9.902000    0.104000
145.000    9.789000    0.115000
155.000    9.785000    0.134000
165.000    9.394000    0.168000
175.000    9.917000    0.297000
------------------------------------------
E =  210.000 MeV, Wght = 1.00, Syst = 0.05
  5.000    7.510000    0.265000
 15.000    6.959000    0.148000
 25.000    6.824000    0.115000
 35.000    6.737000    0.098000
 45.000    6.977000    0.090000
 55.000    7.650000    0.087000
 65.000    8.332000    0.087000
 75.000    9.107000    0.088000
 85.000    9.551000    0.088000
 95.000   10.217000    0.091000
105.000   10.726000    0.095000
115.000   10.788000    0.099000
125.000   10.901000    0.104000
135.000   10.871000    0.112000
145.000   11.025000    0.125000
155.000   10.756000    0.144000
165.000   10.465000    0.182000
175.000   10.029000    0.306000
------------------------------------------
E =  220.000 MeV, Wght = 1.00, Syst = 0.05
  5.000    7.458000    0.270000
 15.000    7.185000    0.154000
 25.000    6.350000    0.113000
 35.000    6.573000    0.099000
 45.000    7.105000    0.093000
 55.000    8.045000    0.092000
 65.000    9.108000    0.093000
 75.000    9.846000    0.093000
 85.000   10.560000    0.095000
 95.000   11.302000    0.098000
105.000   11.766000    0.102000
115.000   11.913000    0.106000
125.000   11.921000    0.111000
135.000   11.968000    0.120000
145.000   11.588000    0.131000
155.000   11.335000    0.151000
165.000   11.818000    0.197000
175.000   11.597000    0.337000
------------------------------------------
E =  230.000 MeV, Wght = 1.00, Syst = 0.05
  5.000    6.684000    0.262000
 15.000    6.445000    0.149000
 25.000    6.255000    0.115000
 35.000    6.662000    0.102000
 45.000    7.336000    0.096000
 55.000    8.611000    0.097000
 65.000    9.716000    0.098000
 75.000   10.751000    0.100000
 85.000   11.775000    0.103000
 95.000   12.450000    0.106000
105.000   13.144000    0.110000
115.000   13.299000    0.114000
125.000   13.166000    0.120000
135.000   13.090000    0.129000
145.000   12.807000    0.141000
155.000   12.640000    0.163000
165.000   12.475000    0.208000
175.000   11.891000    0.349000
------------------------------------------
E =  240.000 MeV, Wght = 1.00, Syst = 0.05
  5.000    6.432000    0.262000
 15.000    6.261000    0.150000
 25.000    5.892000    0.114000
 35.000    6.422000    0.102000
 45.000    7.640000    0.100000
 55.000    9.273000    0.102000
 65.000   10.652000    0.104000
 75.000   12.055000    0.108000
 85.000   12.960000    0.110000
 95.000   13.819000    0.113000
105.000   14.437000    0.118000
115.000   14.552000    0.122000
125.000   14.693000    0.129000
135.000   14.523000    0.138000
145.000   14.179000    0.151000
155.000   13.892000    0.175000
165.000   13.278000    0.218000
175.000   13.353000    0.377000
------------------------------------------
E =  250.000 MeV, Wght = 1.00, Syst = 0.05
  5.000    5.872000    0.256000
 15.000    5.619000    0.145000
 25.000    5.621000    0.114000
 35.000    6.455000    0.105000
 45.000    8.321000    0.107000
 55.000   10.216000    0.110000
 65.000   11.671000    0.112000
 75.000   13.384000    0.116000
 85.000   14.626000    0.120000
 95.000   15.806000    0.124000
105.000   15.733000    0.126000
115.000   16.287000    0.132000
125.000   16.118000    0.138000
135.000   16.034000    0.149000
145.000   15.229000    0.161000
155.000   14.939000    0.186000
165.000   15.215000    0.239000
175.000   14.953000    0.409000
------------------------------------------
E =  260.000 MeV, Wght = 1.00, Syst = 0.05
  5.000    5.329000    0.249000
 15.000    5.407000    0.146000
 25.000    5.404000    0.114000
 35.000    6.945000    0.111000
 45.000    8.969000    0.113000
 55.000   11.132000    0.117000
 65.000   13.151000    0.121000
 75.000   15.267000    0.127000
 85.000   16.400000    0.129000
 95.000   17.727000    0.134000
105.000   17.694000    0.136000
115.000   18.129000    0.142000
125.000   17.867000    0.149000
135.000   17.705000    0.159000
145.000   16.894000    0.173000
155.000   16.113000    0.197000
165.000   16.049000    0.251000
175.000   15.976000    0.431000
------------------------------------------
E =  270.000 MeV, Wght = 1.00, Syst = 0.05
  5.000    5.271000    0.252000
 15.000    5.443000    0.149000
 25.000    5.744000    0.120000
 35.000    7.520000    0.117000
 45.000    9.728000    0.120000
 55.000   12.572000    0.127000
 65.000   14.691000    0.131000
 75.000   17.016000    0.136000
 85.000   18.170000    0.138000
 95.000   19.435000    0.143000
105.000   19.676000    0.146000
115.000   20.158000    0.153000
125.000   19.574000    0.158000
135.000   18.898000    0.168000
145.000   18.844000    0.186000
155.000   18.137000    0.212000
165.000   17.628000    0.268000
175.000   17.406000    0.458000
------------------------------------------
E =  280.000 MeV, Wght = 1.00, Syst = 0.05
  5.000    5.640000    0.266000
 15.000    5.453000    0.152000
 25.000    6.302000    0.128000
 35.000    8.292000    0.126000
 45.000   10.925000    0.130000
 55.000   13.985000    0.137000
 65.000   16.443000    0.141000
 75.000   18.713000    0.145000
 85.000   20.431000    0.150000
 95.000   21.476000    0.153000
105.000   22.161000    0.158000
115.000   21.967000    0.163000
125.000   21.441000    0.169000
135.000   20.867000    0.180000
145.000   20.139000    0.196000
155.000   19.092000    0.222000
165.000   18.457000    0.279000
175.000   18.187000    0.477000
------------------------------------------
E =  290.000 MeV, Wght = 1.00, Syst = 0.05
  5.000    6.284000    0.286000
 15.000    6.370000    0.167000
 25.000    7.256000    0.139000
 35.000    9.444000    0.136000
 45.000   12.209000    0.140000
 55.000   15.618000    0.147000
 65.000   17.963000    0.150000
 75.000   20.546000    0.155000
 85.000   22.038000    0.158000
 95.000   23.146000    0.162000
105.000   23.534000    0.166000
115.000   23.286000    0.171000
125.000   22.969000    0.178000
135.000   21.958000    0.187000
145.000   21.266000    0.205000
155.000   19.916000    0.231000
165.000   19.390000    0.291000
175.000   19.034000    0.497000
------------------------------------------
E =  300.000 MeV, Wght = 1.00, Syst = 0.05
  5.000    8.128000    0.331000
 15.000    7.776000    0.188000
 25.000    8.367000    0.152000
 35.000   10.856000    0.149000
 45.000   13.708000    0.151000
 55.000   16.424000    0.153000
 65.000   19.390000    0.158000
 75.000   21.747000    0.162000
 85.000   23.326000    0.166000
 95.000   24.336000    0.169000
105.000   24.430000    0.172000
115.000   24.177000    0.177000
125.000   23.661000    0.184000
135.000   21.982000    0.191000
145.000   20.948000    0.207000
155.000   20.167000    0.237000
165.000   19.308000    0.296000
175.000   18.610000    0.500000
------------------------------------------
E =  310.000 MeV, Wght = 1.00, Syst = 0.05
  5.000   10.269000    0.378000
 15.000    9.127000    0.207000
 25.000   10.177000    0.171000
 35.000   11.863000    0.158000
 45.000   14.878000    0.160000
 55.000   17.297000    0.160000
 65.000   19.906000    0.163000
 75.000   21.889000    0.166000
 85.000   23.578000    0.169000
 95.000   24.382000    0.172000
105.000   24.366000    0.175000
115.000   24.103000    0.179000
125.000   22.997000    0.184000
135.000   21.732000    0.193000
145.000   20.566000    0.208000
155.000   18.949000    0.233000
165.000   18.122000    0.291000
175.000   17.416000    0.492000
------------------------------------------
E =  320.000 MeV, Wght = 1.00, Syst = 0.05
  5.000   11.915000    0.414000
 15.000   10.994000    0.231000
 25.000   11.261000    0.183000
 35.000   12.948000    0.168000
 45.000   15.058000    0.164000
 55.000   17.689000    0.165000
 65.000   19.922000    0.166000
 75.000   22.120000    0.170000
 85.000   22.818000    0.170000
 95.000   23.194000    0.171000
105.000   23.138000    0.173000
115.000   22.589000    0.177000
125.000   21.400000    0.181000
135.000   19.982000    0.188000
145.000   18.830000    0.203000
155.000   17.861000    0.230000
165.000   16.739000    0.285000
175.000   16.108000    0.482000
------------------------------------------
E =  330.000 MeV, Wght = 1.00, Syst = 0.05
  5.000   13.991000    0.455000
 15.000   12.130000    0.246000
 25.000   12.088000    0.192000
 35.000   13.217000    0.172000
 45.000   15.376000    0.168000
 55.000   17.154000    0.164000
 65.000   18.963000    0.164000
 75.000   20.388000    0.165000
 85.000   21.395000    0.166000
 95.000   22.027000    0.169000
105.000   21.197000    0.168000
115.000   20.358000    0.170000
125.000   19.488000    0.175000
135.000   18.246000    0.182000
145.000   17.349000    0.198000
155.000   15.825000    0.220000
165.000   14.672000    0.270000
175.000   14.553000    0.464000
------------------------------------------
E =  340.000 MeV, Wght = 1.00, Syst = 0.05
  5.000   16.899000    0.507000
 15.000   14.080000    0.269000
 25.000   13.178000    0.203000
 35.000   13.757000    0.178000
 45.000   15.062000    0.168000
 55.000   16.366000    0.163000
 65.000   18.006000    0.162000
 75.000   18.701000    0.160000
 85.000   19.795000    0.162000
 95.000   19.177000    0.160000
105.000   18.669000    0.160000
115.000   17.854000    0.162000
125.000   17.235000    0.167000
135.000   16.046000    0.173000
145.000   14.602000    0.184000
155.000   13.717000    0.207000
165.000   12.646000    0.255000
175.000   11.925000    0.426000
------------------------------------------
E =  350.000 MeV, Wght = 1.00, Syst = 0.05
  5.000   17.749000    0.527000
 15.000   15.698000    0.288000
 25.000   13.239000    0.207000
 35.000   13.575000    0.180000
 45.000   14.375000    0.166000
 55.000   15.752000    0.162000
 65.000   16.588000    0.158000
 75.000   17.305000    0.156000
 85.000   17.419000    0.154000
 95.000   17.202000    0.153000
105.000   16.839000    0.154000
115.000   15.721000    0.154000
125.000   14.734000    0.157000
135.000   13.429000    0.161000
145.000   12.509000    0.172000
155.000   11.517000    0.193000
165.000   11.217000    0.243000
175.000   10.712000    0.409000
------------------------------------------
E =  360.000 MeV, Wght = 1.00, Syst = 0.05
  5.000   18.334000    0.543000
 15.000   15.451000    0.289000
 25.000   13.930000    0.215000
 35.000   13.407000    0.181000
 45.000   14.203000    0.168000
 55.000   15.145000    0.161000
 65.000   15.132000    0.153000
 75.000   15.526000    0.150000
 85.000   15.464000    0.148000
 95.000   15.532000    0.148000
105.000   14.797000    0.147000
115.000   13.850000    0.146000
125.000   12.664000    0.147000
135.000   11.892000    0.154000
145.000   10.484000    0.160000
155.000    9.774000    0.180000
165.000    9.423000    0.226000
175.000    8.202000    0.363000
------------------------------------------
E =  370.000 MeV, Wght = 1.00, Syst = 0.05
  5.000   18.548000    0.554000
 15.000   16.083000    0.299000
 25.000   13.542000    0.215000
 35.000   13.123000    0.182000
 45.000   13.497000    0.166000
 55.000   13.834000    0.156000
 65.000   14.184000    0.150000
 75.000   14.299000    0.146000
 85.000   13.980000    0.142000
 95.000   13.640000    0.140000
105.000   12.889000    0.139000
115.000   11.766000    0.137000
125.000   11.313000    0.141000
135.000   10.266000    0.145000
145.000    9.347000    0.153000
155.000    8.694000    0.172000
165.000    7.671000    0.207000
175.000    8.150000    0.367000
------------------------------------------
E =  380.000 MeV, Wght = 1.00, Syst = 0.05
  5.000   19.596000    0.576000
 15.000   16.477000    0.307000
 25.000   13.570000    0.218000
 35.000   12.657000    0.180000
 45.000   13.225000    0.166000
 55.000   13.249000    0.155000
 65.000   13.351000    0.147000
 75.000   13.051000    0.141000
 85.000   12.701000    0.137000
 95.000   11.992000    0.133000
105.000   11.359000    0.132000
115.000   10.607000    0.131000
125.000    9.630000    0.132000
135.000    8.852000    0.136000
145.000    7.999000    0.143000
155.000    7.541000    0.162000
165.000    6.759000    0.196000
175.000    6.741000    0.338000
------------------------------------------
E =  390.000 MeV, Wght = 1.00, Syst = 0.05
  5.000   19.234000    0.579000
 15.000   16.216000    0.309000
 25.000   13.023000    0.217000
 35.000   11.990000    0.178000
 45.000   12.598000    0.165000
 55.000   12.927000    0.155000
 65.000   12.494000    0.145000
 75.000   12.241000    0.139000
 85.000   11.694000    0.134000
 95.000   11.087000    0.130000
105.000   10.147000    0.126000
115.000    9.481000    0.126000
125.000    8.457000    0.125000
135.000    7.794000    0.129000
145.000    7.219000    0.138000
155.000    6.648000    0.155000
165.000    6.118000    0.190000
175.000    5.568000    0.312000
------------------------------------------
E =  400.000 MeV, Wght = 1.00, Syst = 0.05
  5.000   19.555000    0.591000
 15.000   15.840000    0.309000
 25.000   13.030000    0.219000
 35.000   12.246000    0.182000
 45.000   12.060000    0.163000
 55.000   11.893000    0.150000
 65.000   11.733000    0.142000
 75.000   11.225000    0.134000
 85.000   10.770000    0.130000
 95.000   10.315000    0.127000
105.000    9.401000    0.123000
115.000    8.367000    0.120000
125.000    7.642000    0.121000
135.000    6.905000    0.123000
145.000    6.480000    0.133000
155.000    5.808000    0.146000
165.000    5.515000    0.182000
175.000    5.393000    0.310000
------------------------------------------
E =  410.000 MeV, Wght = 1.00, Syst = 0.05
  5.000   19.793000    0.599000
 15.000   15.994000    0.313000
 25.000   12.942000    0.220000
 35.000   11.799000    0.180000
 45.000   11.686000    0.162000
 55.000   11.757000    0.151000
 65.000   11.283000    0.140000
 75.000   10.580000    0.132000
 85.000    9.979000    0.126000
 95.000    9.290000    0.121000
105.000    8.465000    0.118000
115.000    7.520000    0.115000
125.000    6.779000    0.114000
135.000    6.351000    0.119000
145.000    5.679000    0.125000
155.000    5.388000    0.142000
165.000    5.230000    0.179000
175.000    4.953000    0.300000
------------------------------------------
E =  420.000 MeV, Wght = 1.00, Syst = 0.05
  5.000   18.395000    0.586000
 15.000   15.675000    0.314000
 25.000   13.147000    0.225000
 35.000   11.380000    0.180000
 45.000   11.671000    0.164000
 55.000   10.677000    0.146000
 65.000   10.716000    0.139000
 75.000   10.281000    0.132000
 85.000    9.252000    0.123000
 95.000    8.698000    0.119000
105.000    7.985000    0.116000
115.000    7.220000    0.114000
125.000    6.172000    0.111000
135.000    5.708000    0.115000
145.000    5.264000    0.122000
155.000    5.035000    0.139000
165.000    4.652000    0.171000
175.000    4.748000    0.298000
------------------------------------------
E =  430.000 MeV, Wght = 1.00, Syst = 0.05
  5.000   18.672000    0.600000
 15.000   15.290000    0.315000
 25.000   12.332000    0.221000
 35.000   11.328000    0.182000
 45.000   11.132000    0.163000
 55.000   10.730000    0.148000
 65.000   10.382000    0.139000
 75.000    9.774000    0.130000
 85.000    8.799000    0.122000
 95.000    8.149000    0.117000
105.000    7.350000    0.113000
115.000    6.565000    0.110000
125.000    5.902000    0.110000
135.000    5.321000    0.112000
145.000    4.772000    0.118000
155.000    4.666000    0.136000
165.000    4.449000    0.170000
175.000    4.880000    0.307000
------------------------------------------
E =  440.000 MeV, Wght = 1.00, Syst = 0.05
  5.000   19.236000    0.615000
 15.000   15.176000    0.317000
 25.000   12.055000    0.221000
 35.000   10.998000    0.181000
 45.000   10.935000    0.163000
 55.000   10.696000    0.150000
 65.000    9.758000    0.136000
 75.000    9.279000    0.128000
 85.000    8.652000    0.122000
 95.000    7.853000    0.116000
105.000    6.861000    0.110000
115.000    6.161000    0.108000
125.000    5.520000    0.108000
135.000    4.960000    0.110000
145.000    4.506000    0.116000
155.000    4.182000    0.130000
165.000    4.329000    0.169000
175.000    4.194000    0.287000
------------------------------------------
E =  450.000 MeV, Wght = 1.00, Syst = 0.05
  5.000   19.953000    0.635000
 15.000   15.213000    0.322000
 25.000   11.915000    0.223000
 35.000   11.001000    0.184000
 45.000   10.552000    0.162000
 55.000   10.561000    0.151000
 65.000    9.835000    0.138000
 75.000    8.894000    0.127000
 85.000    7.968000    0.119000
 95.000    7.062000    0.112000
105.000    6.398000    0.108000
115.000    5.844000    0.107000
125.000    5.157000    0.105000
135.000    4.705000    0.108000
145.000    4.468000    0.117000
155.000    4.002000    0.129000
165.000    4.223000    0.169000
175.000    3.999000    0.284000
------------------------------------------
E =  460.000 MeV, Wght = 1.00, Syst = 0.05
  5.000   19.838000    0.637000
 15.000   14.764000    0.319000
 25.000   11.629000    0.221000
 35.000   10.685000    0.182000
 45.000   10.216000    0.160000
 55.000    9.877000    0.147000
 65.000    9.446000    0.136000
 75.000    8.723000    0.127000
 85.000    7.899000    0.119000
 95.000    7.182000    0.113000
105.000    6.231000    0.107000
115.000    5.456000    0.104000
125.000    4.956000    0.104000
135.000    4.447000    0.106000
145.000    4.331000    0.116000
155.000    3.885000    0.128000
165.000    3.935000    0.165000
175.000    3.963000    0.285000
------------------------------------------
E =  470.000 MeV, Wght = 1.00, Syst = 0.05
  5.000   18.495000    0.626000
 15.000   14.004000    0.316000
 25.000   11.390000    0.223000
 35.000   10.768000    0.186000
 45.000   10.158000    0.163000
 55.000    9.936000    0.150000
 65.000    9.639000    0.140000
 75.000    8.593000    0.128000
 85.000    7.594000    0.119000
 95.000    6.713000    0.112000
105.000    5.901000    0.106000
115.000    5.214000    0.103000
125.000    4.718000    0.103000
135.000    4.296000    0.106000
145.000    4.001000    0.113000
155.000    3.884000    0.130000
165.000    3.817000    0.165000
175.000    3.898000    0.287000
------------------------------------------
E =  480.000 MeV, Wght = 1.00, Syst = 0.05
  5.000   18.745000    0.635000
 15.000   13.588000    0.314000
 25.000   11.145000    0.222000
 35.000   10.655000    0.187000
 45.000   10.074000    0.163000
 55.000   10.080000    0.152000
 65.000    9.501000    0.140000
 75.000    8.383000    0.128000
 85.000    7.412000    0.118000
 95.000    6.650000    0.112000
105.000    5.709000    0.105000
115.000    5.117000    0.103000
125.000    4.305000    0.099000
135.000    4.123000    0.105000
145.000    3.952000    0.114000
155.000    3.609000    0.126000
165.000    3.265000    0.154000
175.000    3.912000    0.290000
------------------------------------------
E =  490.000 MeV, Wght = 1.00, Syst = 0.05
  5.000   18.736000    0.639000
 15.000   14.099000    0.321000
 25.000   11.219000    0.224000
 35.000   10.548000    0.187000
 45.000   10.114000    0.165000
 55.000    9.419000    0.148000
 65.000    9.080000    0.138000
 75.000    8.500000    0.129000
 85.000    7.103000    0.116000
 95.000    6.226000    0.109000
105.000    5.411000    0.103000
115.000    4.874000    0.101000
125.000    4.337000    0.100000
135.000    3.838000    0.101000
145.000    3.753000    0.111000
155.000    3.702000    0.129000
165.000    3.686000    0.164000
175.000    3.786000    0.287000
------------------------------------------
E =  500.000 MeV, Wght = 1.00, Syst = 0.05
  5.000   18.544000    0.646000
 15.000   14.369000    0.330000
 25.000   11.218000    0.228000
 35.000   10.509000    0.190000
 45.000   10.141000    0.168000
 55.000    9.770000    0.153000
 65.000    9.213000    0.141000
 75.000    7.966000    0.127000
 85.000    7.202000    0.119000
 95.000    6.056000    0.109000
105.000    5.290000    0.104000
115.000    4.517000    0.099000
125.000    4.128000    0.099000
135.000    3.864000    0.104000
145.000    3.430000    0.108000
155.000    3.434000    0.126000
165.000    3.312000    0.158000
175.000    3.556000    0.283000
------------------------------------------
E =  510.000 MeV, Wght = 1.00, Syst = 0.05
  5.000   18.547000    0.652000
 15.000   14.149000    0.330000
 25.000   11.040000    0.228000
 35.000   10.417000    0.190000
 45.000    9.974000    0.168000
 55.000    9.776000    0.154000
 65.000    8.909000    0.140000
 75.000    7.878000    0.128000
 85.000    7.029000    0.119000
 95.000    5.980000    0.109000
105.000    5.149000    0.103000
115.000    4.472000    0.099000
125.000    4.112000    0.100000
135.000    3.706000    0.102000
145.000    3.354000    0.108000
155.000    3.324000    0.125000
165.000    3.130000    0.155000
175.000    3.595000    0.287000
------------------------------------------
E =  520.000 MeV, Wght = 1.00, Syst = 0.05
  5.000   17.401000    0.638000
 15.000   14.646000    0.339000
 25.000   11.137000    0.232000
 35.000   10.751000    0.195000
 45.000    9.912000    0.169000
 55.000    9.444000    0.153000
 65.000    8.895000    0.141000
 75.000    7.903000    0.129000
 85.000    6.670000    0.117000
 95.000    5.732000    0.108000
105.000    4.972000    0.102000
115.000    4.322000    0.099000
125.000    3.872000    0.098000
135.000    3.371000    0.099000
145.000    3.386000    0.110000
155.000    3.276000    0.126000
165.000    3.697000    0.171000
175.000    3.270000    0.276000
------------------------------------------
E =  530.000 MeV, Wght = 1.00, Syst = 0.05
  5.000   17.689000    0.648000
 15.000   13.598000    0.330000
 25.000   11.130000    0.233000
 35.000   10.449000    0.194000
 45.000    9.978000    0.171000
 55.000    9.461000    0.154000
 65.000    8.827000    0.142000
 75.000    7.662000    0.128000
 85.000    6.827000    0.119000
 95.000    5.852000    0.110000
105.000    4.959000    0.103000
115.000    4.218000    0.098000
125.000    3.704000    0.097000
135.000    3.437000    0.100000
145.000    3.430000    0.111000
155.000    3.286000    0.127000
165.000    2.978000    0.154000
175.000    3.130000    0.272000
------------------------------------------
E =  540.000 MeV, Wght = 1.00, Syst = 0.05
  5.000   18.101000    0.666000
 15.000   13.709000    0.336000
 25.000   11.341000    0.239000
 35.000   10.727000    0.200000
 45.000   10.353000    0.177000
 55.000    9.575000    0.158000
 65.000    8.817000    0.144000
 75.000    7.890000    0.132000
 85.000    6.778000    0.121000
 95.000    5.688000    0.110000
105.000    4.743000    0.102000
115.000    4.176000    0.099000
125.000    3.529000    0.096000
135.000    3.309000    0.100000
145.000    3.007000    0.106000
155.000    2.819000    0.119000
165.000    3.019000    0.158000
175.000    2.547000    0.250000
------------------------------------------
E =  550.000 MeV, Wght = 1.00, Syst = 0.05
  5.000   18.533000    0.675000
 15.000   13.409000    0.333000
 25.000   11.532000    0.242000
 35.000   10.615000    0.199000
 45.000   10.428000    0.178000
 55.000    9.579000    0.158000
 65.000    9.046000    0.146000
 75.000    7.829000    0.132000
 85.000    6.576000    0.119000
 95.000    5.679000    0.111000
105.000    4.464000    0.100000
115.000    3.763000    0.094000
125.000    3.525000    0.096000
135.000    3.233000    0.099000
145.000    2.928000    0.105000
155.000    2.991000    0.123000
165.000    2.922000    0.156000
175.000    2.753000    0.260000
------------------------------------------
E =  560.000 MeV, Wght = 1.00, Syst = 0.05
  5.000   19.626000    0.703000
 15.000   13.464000    0.338000
 25.000   11.150000    0.241000
 35.000   10.639000    0.202000
 45.000   10.403000    0.180000
 55.000    9.782000    0.162000
 65.000    8.853000    0.146000
 75.000    7.916000    0.134000
 85.000    6.738000    0.122000
 95.000    5.458000    0.110000
105.000    4.540000    0.102000
115.000    3.772000    0.096000
125.000    3.123000    0.091000
135.000    2.972000    0.096000
145.000    2.936000    0.106000
155.000    2.972000    0.124000
165.000    2.817000    0.155000
175.000    3.049000    0.277000
------------------------------------------
E =  570.000 MeV, Wght = 1.00, Syst = 0.05
  5.000   18.299000    0.680000
 15.000   13.924000    0.344000
 25.000   11.441000    0.244000
 35.000   10.581000    0.202000
 45.000   10.371000    0.180000
 55.000    9.907000    0.163000
 65.000    9.068000    0.148000
 75.000    7.485000    0.131000
 85.000    6.784000    0.122000
 95.000    5.504000    0.110000
105.000    4.406000    0.100000
115.000    3.527000    0.093000
125.000    3.337000    0.095000
135.000    3.069000    0.098000
145.000    2.750000    0.103000
155.000    2.809000    0.121000
165.000    2.826000    0.155000
175.000    2.932000    0.272000
------------------------------------------
E =  580.000 MeV, Wght = 1.00, Syst = 0.05
  5.000   18.704000    0.695000
 15.000   13.822000    0.347000
 25.000   11.508000    0.247000
 35.000   11.102000    0.209000
 45.000   10.284000    0.181000
 55.000    9.561000    0.162000
 65.000    9.046000    0.150000
 75.000    7.926000    0.136000
 85.000    6.821000    0.124000
 95.000    5.404000    0.110000
105.000    4.416000    0.101000
115.000    3.493000    0.093000
125.000    3.247000    0.094000
135.000    2.919000    0.096000
145.000    2.881000    0.106000
155.000    2.671000    0.119000
165.000    2.676000    0.152000
175.000    2.580000    0.258000
------------------------------------------
E =  590.000 MeV, Wght = 1.00, Syst = 0.05
  5.000   18.274000    0.693000
 15.000   13.652000    0.347000
 25.000   11.501000    0.250000
 35.000   10.808000    0.208000
 45.000   10.618000    0.185000
 55.000    9.920000    0.166000
 65.000    9.110000    0.152000
 75.000    8.081000    0.138000
 85.000    6.466000    0.122000
 95.000    5.529000    0.113000
105.000    4.345000    0.101000
115.000    3.596000    0.095000
125.000    3.168000    0.094000
135.000    2.909000    0.097000
145.000    2.920000    0.108000
155.000    2.659000    0.120000
165.000    2.706000    0.155000
175.000    2.311000    0.246000
------------------------------------------
E =  600.000 MeV, Wght = 1.00, Syst = 0.05
  5.000   19.089000    0.713000
 15.000   12.659000    0.337000
 25.000   11.574000    0.252000
 35.000   11.007000    0.211000
 45.000   10.986000    0.190000
 55.000   10.195000    0.170000
 65.000    9.268000    0.154000
 75.000    7.818000    0.137000
 85.000    6.783000    0.126000
 95.000    5.654000    0.115000
105.000    4.453000    0.103000
115.000    3.682000    0.097000
125.000    3.129000    0.094000
135.000    2.754000    0.095000
145.000    2.726000    0.105000
155.000    2.540000    0.118000
165.000    2.532000    0.151000
175.000    2.479000    0.257000
------------------------------------------
E =  610.000 MeV, Wght = 1.00, Syst = 0.05
  5.000   19.664000    0.728000
 15.000   13.489000    0.350000
 25.000   11.365000    0.251000
 35.000   10.648000    0.209000
 45.000   10.772000    0.189000
 55.000   10.335000    0.172000
 65.000    9.463000    0.157000
 75.000    8.027000    0.140000
 85.000    6.950000    0.128000
 95.000    5.553000    0.114000
105.000    4.617000    0.106000
115.000    3.637000    0.097000
125.000    3.200000    0.096000
135.000    2.733000    0.095000
145.000    2.652000    0.104000
155.000    2.442000    0.117000
165.000    2.643000    0.155000
175.000    2.616000    0.266000
------------------------------------------
E =  620.000 MeV, Wght = 1.00, Syst = 0.05
  5.000   18.910000    0.725000
 15.000   13.718000    0.358000
 25.000   11.676000    0.259000
 35.000   11.561000    0.221000
 45.000   10.768000    0.192000
 55.000   10.234000    0.174000
 65.000    9.616000    0.160000
 75.000    8.128000    0.143000
 85.000    6.793000    0.128000
 95.000    5.916000    0.120000
105.000    4.638000    0.108000
115.000    3.693000    0.099000
125.000    3.149000    0.096000
135.000    2.841000    0.099000
145.000    2.591000    0.105000
155.000    2.554000    0.121000
165.000    2.347000    0.148000
175.000    2.444000    0.260000
------------------------------------------
E =  630.000 MeV, Wght = 1.00, Syst = 0.05
  5.000   18.059000    0.712000
 15.000   13.758000    0.360000
 25.000   11.722000    0.260000
 35.000   11.270000    0.219000
 45.000   11.299000    0.198000
 55.000   10.786000    0.179000
 65.000    9.719000    0.162000
 75.000    8.524000    0.147000
 85.000    6.995000    0.131000
 95.000    5.787000    0.119000
105.000    4.724000    0.109000
115.000    3.767000    0.101000
125.000    3.467000    0.102000
135.000    2.651000    0.096000
145.000    2.693000    0.107000
155.000    2.319000    0.116000
165.000    2.380000    0.150000
175.000    2.412000    0.260000
------------------------------------------
E =  640.000 MeV, Wght = 1.00, Syst = 0.05
  5.000   19.011000    0.735000
 15.000   13.675000    0.362000
 25.000   11.891000    0.264000
 35.000   11.192000    0.220000
 45.000   11.254000    0.199000
 55.000   10.649000    0.179000
 65.000    9.917000    0.165000
 75.000    8.536000    0.148000
 85.000    7.409000    0.136000
 95.000    5.825000    0.120000
105.000    4.810000    0.111000
115.000    4.042000    0.105000
125.000    3.323000    0.100000
135.000    2.865000    0.100000
145.000    2.720000    0.108000
155.000    2.403000    0.119000
165.000    2.641000    0.159000
175.000    2.444000    0.264000
------------------------------------------
E =  650.000 MeV, Wght = 1.00, Syst = 0.05
  5.000   18.029000    0.728000
 15.000   13.853000    0.370000
 25.000   11.554000    0.265000
 35.000   11.337000    0.225000
 45.000   11.849000    0.207000
 55.000   10.931000    0.185000
 65.000   10.267000    0.170000
 75.000    9.103000    0.155000
 85.000    7.619000    0.140000
 95.000    6.076000    0.125000
105.000    4.859000    0.113000
115.000    4.114000    0.108000
125.000    3.496000    0.105000
135.000    3.011000    0.104000
145.000    2.722000    0.110000
155.000    2.531000    0.124000
165.000    2.245000    0.149000
175.000    2.202000    0.254000
------------------------------------------
E =  660.000 MeV, Wght = 1.00, Syst = 0.05
  5.000   18.012000    0.730000
 15.000   13.993000    0.373000
 25.000   11.516000    0.265000
 35.000   11.990000    0.232000
 45.000   11.614000    0.206000
 55.000   11.388000    0.189000
 65.000   10.148000    0.170000
 75.000    9.338000    0.158000
 85.000    7.786000    0.142000
 95.000    6.578000    0.130000
105.000    5.225000    0.118000
115.000    4.349000    0.111000
125.000    3.534000    0.105000
135.000    3.110000    0.106000
145.000    2.741000    0.111000
155.000    2.367000    0.120000
165.000    2.430000    0.156000
175.000    2.070000    0.247000
------------------------------------------
E =  670.000 MeV, Wght = 1.00, Syst = 0.05
  5.000   18.519000    0.746000
 15.000   14.011000    0.377000
 25.000   11.563000    0.268000
 35.000   12.046000    0.235000
 45.000   12.146000    0.212000
 55.000   11.579000    0.192000
 65.000   10.596000    0.175000
 75.000    9.304000    0.159000
 85.000    7.967000    0.145000
 95.000    6.610000    0.132000
105.000    5.363000    0.121000
115.000    4.316000    0.112000
125.000    3.784000    0.110000
135.000    3.101000    0.107000
145.000    2.969000    0.116000
155.000    2.629000    0.128000
165.000    2.470000    0.158000
175.000    2.585000    0.279000
------------------------------------------
E =  680.000 MeV, Wght = 1.00, Syst = 0.05
  5.000   19.082000    0.761000
 15.000   13.373000    0.370000
 25.000   12.232000    0.277000
 35.000   12.078000    0.236000
 45.000   12.224000    0.214000
 55.000   11.270000    0.191000
 65.000   11.028000    0.180000
 75.000    9.769000    0.164000
 85.000    8.185000    0.148000
 95.000    6.861000    0.135000
105.000    5.662000    0.125000
115.000    4.716000    0.117000
125.000    3.999000    0.114000
135.000    3.423000    0.113000
145.000    2.964000    0.117000
155.000    2.726000    0.131000
165.000    2.425000    0.158000
175.000    2.309000    0.265000
------------------------------------------
E =  690.000 MeV, Wght = 1.00, Syst = 0.05
  5.000   19.235000    0.774000
 15.000   13.887000    0.382000
 25.000   12.529000    0.284000
 35.000   12.226000    0.240000
 45.000   12.146000    0.216000
 55.000   12.210000    0.201000
 65.000   11.087000    0.182000
 75.000    9.700000    0.165000
 85.000    8.640000    0.153000
 95.000    7.287000    0.141000
105.000    5.948000    0.129000
115.000    5.046000    0.123000
125.000    4.139000    0.117000
135.000    3.579000    0.117000
145.000    2.899000    0.117000
155.000    2.542000    0.128000
165.000    2.400000    0.159000
175.000    2.614000    0.285000
------------------------------------------
E =  700.000 MeV, Wght = 1.00, Syst = 0.05
  5.000   18.481000    0.761000
 15.000   13.894000    0.383000
 25.000   12.870000    0.289000
 35.000   12.091000    0.240000
 45.000   12.275000    0.218000
 55.000   12.112000    0.201000
 65.000   11.312000    0.185000
 75.000   10.269000    0.171000
 85.000    8.730000    0.155000
 95.000    7.453000    0.143000
105.000    6.294000    0.133000
115.000    4.982000    0.123000
125.000    4.330000    0.120000
135.000    3.666000    0.119000
145.000    3.318000    0.126000
155.000    2.757000    0.134000
165.000    2.557000    0.164000
175.000    2.291000    0.268000
------------------------------------------
E =  710.000 MeV, Wght = 1.00, Syst = 0.05
  5.000   18.648000    0.770000
 15.000   14.292000    0.391000
 25.000   12.100000    0.282000
 35.000   12.126000    0.242000
 45.000   12.452000    0.221000
 55.000   11.800000    0.200000
 65.000   11.334000    0.186000
 75.000    9.683000    0.167000
 85.000    8.716000    0.156000
 95.000    7.740000    0.147000
105.000    6.166000    0.133000
115.000    5.291000    0.127000
125.000    4.414000    0.122000
135.000    3.833000    0.123000
145.000    3.297000    0.126000
155.000    2.987000    0.140000
165.000    2.610000    0.167000
175.000    2.446000    0.279000
------------------------------------------
E =  720.000 MeV, Wght = 1.00, Syst = 0.05
  5.000   18.126000    0.764000
 15.000   13.747000    0.386000
 25.000   11.274000    0.274000
 35.000   11.805000    0.240000
 45.000   11.504000    0.214000
 55.000   11.243000    0.196000
 65.000   10.474000    0.180000
 75.000    9.653000    0.167000
 85.000    8.800000    0.157000
 95.000    7.372000    0.144000
105.000    6.260000    0.135000
115.000    5.254000    0.128000
125.000    4.323000    0.122000
135.000    4.028000    0.126000
145.000    3.077000    0.123000
155.000    2.769000    0.136000
165.000    2.743000    0.172000
175.000    2.511000    0.284000
------------------------------------------
E =  730.000 MeV, Wght = 1.00, Syst = 0.05
  5.000   18.215000    0.773000
 15.000   12.632000    0.374000
 25.000   11.580000    0.280000
 35.000   11.505000    0.240000
 45.000   11.294000    0.214000
 55.000   10.846000    0.195000
 65.000   10.163000    0.179000
 75.000    9.612000    0.169000
 85.000    8.146000    0.153000
 95.000    7.081000    0.143000
105.000    6.174000    0.135000
115.000    5.400000    0.131000
125.000    4.477000    0.125000
135.000    3.867000    0.125000
145.000    3.097000    0.124000
155.000    2.782000    0.137000
165.000    2.321000    0.160000
175.000    2.002000    0.256000
------------------------------------------
E =  740.000 MeV, Wght = 1.00, Syst = 0.05
  5.000   17.307000    0.755000
 15.000   12.587000    0.373000
 25.000   10.871000    0.272000
 35.000   11.309000    0.238000
 45.000   10.370000    0.205000
 55.000   10.167000    0.189000
 65.000    9.660000    0.175000
 75.000    8.536000    0.159000
 85.000    7.479000    0.147000
 95.000    6.681000    0.139000
105.000    5.858000    0.132000
115.000    5.348000    0.130000
125.000    4.789000    0.129000
135.000    3.727000    0.123000
145.000    3.120000    0.125000
155.000    2.755000    0.137000
165.000    2.759000    0.175000
175.000    2.599000    0.292000
------------------------------------------
E =  750.000 MeV, Wght = 1.00, Syst = 0.05
  5.000   17.542000    0.765000
 15.000   12.297000    0.372000
 25.000   10.358000    0.267000
 35.000   10.317000    0.229000
 45.000    9.919000    0.202000
 55.000    9.318000    0.182000
 65.000    8.720000    0.167000
 75.000    8.158000    0.157000
 85.000    7.338000    0.146000
 95.000    6.229000    0.135000
105.000    5.567000    0.129000
115.000    5.147000    0.128000
125.000    4.620000    0.128000
135.000    3.741000    0.124000
145.000    2.944000    0.122000
155.000    2.586000    0.133000
165.000    2.448000    0.166000
175.000    2.835000    0.307000
------------------------------------------
E =  760.000 MeV, Wght = 1.00, Syst = 0.05
  5.000   15.830000    0.736000
 15.000   11.513000    0.364000
 25.000   10.181000    0.268000
 35.000    9.626000    0.224000
 45.000    9.583000    0.201000
 55.000    8.734000    0.178000
 65.000    8.091000    0.163000
 75.000    7.129000    0.148000
 85.000    6.622000    0.141000
 95.000    5.698000    0.131000
105.000    5.516000    0.130000
115.000    5.050000    0.129000
125.000    4.209000    0.124000
135.000    3.746000    0.126000
145.000    2.774000    0.120000
155.000    2.425000    0.131000
165.000    2.245000    0.161000
175.000    2.530000    0.294000
------------------------------------------
E =  770.000 MeV, Wght = 1.00, Syst = 0.05
  5.000   15.790000    0.737000
 15.000   11.434000    0.364000
 25.000    9.507000    0.260000
 35.000    8.902000    0.216000
 45.000    8.943000    0.195000
 55.000    8.078000    0.172000
 65.000    7.010000    0.152000
 75.000    6.435000    0.141000
 85.000    6.044000    0.135000
 95.000    5.378000    0.127000
105.000    4.898000    0.123000
115.000    4.344000    0.120000
125.000    4.257000    0.125000
135.000    3.494000    0.122000
145.000    2.499000    0.114000
155.000    2.391000    0.130000
165.000    2.502000    0.170000
175.000    1.995000    0.262000
------------------------------------------
E =  780.000 MeV, Wght = 1.00, Syst = 0.05
  5.000   15.763000    0.737000
 15.000   11.011000    0.357000
 25.000    9.206000    0.256000
 35.000    8.499000    0.211000
 45.000    8.281000    0.187000
 55.000    7.156000    0.162000
 65.000    6.358000    0.145000
 75.000    5.494000    0.131000
 85.000    5.065000    0.123000
 95.000    4.716000    0.119000
105.000    4.708000    0.121000
115.000    4.240000    0.118000
125.000    3.636000    0.115000
135.000    3.093000    0.115000
145.000    2.641000    0.118000
155.000    2.136000    0.123000
165.000    2.480000    0.170000
175.000    2.375000    0.286000
------------------------------------------
E =  790.000 MeV, Wght = 1.00, Syst = 0.05
  5.000   15.307000    0.736000
 15.000   10.762000    0.358000
 25.000    8.938000    0.255000
 35.000    8.546000    0.214000
 45.000    7.381000    0.179000
 55.000    6.864000    0.161000
 65.000    5.504000    0.137000
 75.000    4.826000    0.124000
 85.000    4.352000    0.116000
 95.000    4.160000    0.113000
105.000    4.242000    0.116000
115.000    3.886000    0.115000
125.000    3.502000    0.115000
135.000    2.845000    0.111000
145.000    2.476000    0.115000
155.000    2.260000    0.128000
165.000    2.083000    0.157000
175.000    2.050000    0.269000
------------------------------------------
E =  800.000 MeV, Wght = 1.00, Syst = 0.05
  5.000   14.032000    0.709000
 15.000   11.066000    0.365000
 25.000    8.600000    0.252000
 35.000    8.458000    0.214000
 45.000    7.095000    0.177000
 55.000    6.269000    0.155000
 65.000    4.826000    0.129000
 75.000    4.470000    0.120000
 85.000    3.830000    0.110000
 95.000    3.727000    0.108000
105.000    3.621000    0.108000
115.000    3.583000    0.111000
125.000    3.134000    0.109000
135.000    2.819000    0.112000
145.000    2.246000    0.111000
155.000    2.104000    0.125000
165.000    1.953000    0.153000
175.000    1.969000    0.265000
------------------------------------------
E =  810.000 MeV, Wght = 1.00, Syst = 0.05
  5.000   13.019000    0.689000
 15.000   10.450000    0.358000
 25.000    8.378000    0.251000
 35.000    7.669000    0.206000
 45.000    6.863000    0.176000
 55.000    5.653000    0.148000
 65.000    4.780000    0.129000
 75.000    3.843000    0.112000
 85.000    3.375000    0.104000
 95.000    3.356000    0.103000
105.000    3.415000    0.106000
115.000    3.331000    0.108000
125.000    3.220000    0.112000
135.000    2.549000    0.107000
145.000    2.205000    0.111000
155.000    2.234000    0.130000
165.000    1.854000    0.151000
175.000    1.641000    0.245000
------------------------------------------
E =  820.000 MeV, Wght = 1.00, Syst = 0.05
  5.000   14.618000    0.735000
 15.000    9.870000    0.350000
 25.000    8.519000    0.255000
 35.000    7.690000    0.208000
 45.000    6.884000    0.177000
 55.000    5.750000    0.150000
 65.000    4.349000    0.124000
 75.000    3.381000    0.106000
 85.000    2.913000    0.097000
 95.000    2.942000    0.097000
105.000    3.211000    0.103000
115.000    3.305000    0.108000
125.000    3.115000    0.111000
135.000    2.402000    0.105000
145.000    2.030000    0.107000
155.000    1.774000    0.116000
165.000    1.554000    0.139000
175.000    1.809000    0.258000
------------------------------------------
E =  830.000 MeV, Wght = 1.00, Syst = 0.05
  5.000   14.484000    0.737000
 15.000   10.122000    0.358000
 25.000    8.474000    0.256000
 35.000    7.452000    0.206000
 45.000    6.545000    0.174000
 55.000    5.558000    0.149000
 65.000    4.070000    0.121000
 75.000    3.196000    0.104000
 85.000    2.646000    0.093000
 95.000    2.722000    0.095000
105.000    3.047000    0.102000
115.000    3.089000    0.106000
125.000    2.727000    0.104000
135.000    2.322000    0.104000
145.000    1.899000    0.104000
155.000    1.803000    0.118000
165.000    2.211000    0.167000
175.000    1.576000    0.243000
------------------------------------------
E =  840.000 MeV, Wght = 1.00, Syst = 0.05
  5.000   13.358000    0.703000
 15.000    9.868000    0.351000
 25.000    7.936000    0.246000
 35.000    7.838000    0.210000
 45.000    6.590000    0.173000
 55.000    5.303000    0.144000
 65.000    4.067000    0.120000
 75.000    2.981000    0.100000
 85.000    2.509000    0.090000
 95.000    2.431000    0.089000
105.000    2.694000    0.095000
115.000    2.840000    0.101000
125.000    2.768000    0.104000
135.000    2.499000    0.107000
145.000    2.052000    0.107000
155.000    2.022000    0.124000
165.000    2.081000    0.161000
175.000    1.813000    0.259000
------------------------------------------
E =  850.000 MeV, Wght = 1.00, Syst = 0.05
  5.000   13.529000    0.714000
 15.000    9.391000    0.345000
 25.000    8.161000    0.252000
 35.000    7.462000    0.207000
 45.000    6.564000    0.175000
 55.000    5.457000    0.148000
 65.000    3.968000    0.120000
 75.000    2.846000    0.098000
 85.000    2.621000    0.093000
 95.000    2.090000    0.083000
105.000    2.482000    0.092000
115.000    2.932000    0.103000
125.000    2.771000    0.105000
135.000    2.420000    0.106000
145.000    2.188000    0.112000
155.000    1.826000    0.119000
165.000    2.234000    0.168000
175.000    2.110000    0.282000
------------------------------------------
E =  860.000 MeV, Wght = 1.00, Syst = 0.05
  5.000   13.213000    0.708000
 15.000    9.372000    0.346000
 25.000    8.707000    0.261000
 35.000    7.967000    0.214000
 45.000    6.678000    0.177000
 55.000    5.567000    0.150000
 65.000    4.104000    0.122000
 75.000    2.744000    0.097000
 85.000    2.345000    0.088000
 95.000    2.189000    0.085000
105.000    2.384000    0.090000
115.000    2.695000    0.099000
125.000    2.787000    0.106000
135.000    2.462000    0.107000
145.000    2.077000    0.109000
155.000    2.012000    0.126000
165.000    2.033000    0.161000
175.000    1.860000    0.266000
------------------------------------------
E =  870.000 MeV, Wght = 1.00, Syst = 0.05
  5.000   13.703000    0.730000
 15.000    9.307000    0.349000
 25.000    8.261000    0.258000
 35.000    7.944000    0.217000
 45.000    6.765000    0.180000
 55.000    6.026000    0.158000
 65.000    4.017000    0.123000
 75.000    2.863000    0.100000
 85.000    2.234000    0.087000
 95.000    1.941000    0.081000
105.000    2.374000    0.091000
115.000    2.748000    0.101000
125.000    2.572000    0.103000
135.000    2.639000    0.113000
145.000    2.129000    0.112000
155.000    1.983000    0.126000
165.000    2.137000    0.167000
175.000    2.686000    0.323000
------------------------------------------
E =  880.000 MeV, Wght = 1.00, Syst = 0.05
  5.000   13.543000    0.734000
 15.000    9.094000    0.349000
 25.000    8.913000    0.271000
 35.000    7.995000    0.220000
 45.000    7.114000    0.187000
 55.000    5.823000    0.157000
 65.000    4.137000    0.126000
 75.000    2.936000    0.103000
 85.000    2.105000    0.086000
 95.000    2.028000    0.084000
105.000    2.322000    0.091000
115.000    2.459000    0.097000
125.000    2.784000    0.109000
135.000    2.676000    0.115000
145.000    2.367000    0.120000
155.000    2.243000    0.136000
165.000    1.945000    0.162000
175.000    2.390000    0.309000
------------------------------------------
E =  890.000 MeV, Wght = 1.00, Syst = 0.05
  5.000   13.624000    0.740000
 15.000    8.729000    0.344000
 25.000    8.843000    0.271000
 35.000    8.274000    0.225000
 45.000    7.415000    0.192000
 55.000    6.033000    0.161000
 65.000    4.398000    0.130000
 75.000    2.876000    0.102000
 85.000    2.124000    0.086000
 95.000    2.046000    0.085000
105.000    2.448000    0.094000
115.000    2.771000    0.103000
125.000    2.741000    0.108000
135.000    2.323000    0.107000
145.000    2.400000    0.121000
155.000    2.039000    0.130000
165.000    2.274000    0.175000
175.000    2.210000    0.298000
------------------------------------------
E =  900.000 MeV, Wght = 1.00, Syst = 0.05
  5.000   12.823000    0.721000
 15.000    9.689000    0.364000
 25.000    8.486000    0.266000
 35.000    8.442000    0.228000
 45.000    7.508000    0.194000
 55.000    6.321000    0.165000
 65.000    4.589000    0.134000
 75.000    2.816000    0.102000
 85.000    2.091000    0.086000
 95.000    1.967000    0.084000
105.000    2.362000    0.093000
115.000    2.552000    0.100000
125.000    2.798000    0.110000
135.000    2.591000    0.114000
145.000    2.559000    0.126000
155.000    2.285000    0.138000
165.000    2.241000    0.175000
175.000    2.638000    0.327000
------------------------------------------
E =  910.000 MeV, Wght = 1.00, Syst = 0.05
  5.000   12.703000    0.723000
 15.000    9.220000    0.357000
 25.000    8.537000    0.269000
 35.000    8.258000    0.227000
 45.000    8.016000    0.202000
 55.000    6.246000    0.165000
 65.000    4.720000    0.137000
 75.000    2.930000    0.104000
 85.000    2.050000    0.086000
 95.000    1.921000    0.083000
105.000    2.196000    0.090000
115.000    2.866000    0.106000
125.000    2.944000    0.113000
135.000    3.020000    0.124000
145.000    2.392000    0.122000
155.000    2.264000    0.139000
165.000    2.686000    0.193000
175.000    2.508000    0.321000
------------------------------------------
E =  920.000 MeV, Wght = 1.00, Syst = 0.05
  5.000   13.313000    0.737000
 15.000    9.406000    0.360000
 25.000    8.759000    0.272000
 35.000    8.619000    0.231000
 45.000    8.311000    0.205000
 55.000    6.930000    0.174000
 65.000    4.842000    0.138000
 75.000    3.132000    0.107000
 85.000    2.065000    0.086000
 95.000    1.719000    0.078000
105.000    2.259000    0.091000
115.000    2.824000    0.105000
125.000    2.855000    0.111000
135.000    3.015000    0.123000
145.000    2.550000    0.126000
155.000    2.485000    0.145000
165.000    2.297000    0.178000
175.000    2.001000    0.286000
------------------------------------------
E =  930.000 MeV, Wght = 1.00, Syst = 0.05
  5.000   11.638000    0.693000
 15.000    8.797000    0.350000
 25.000    8.783000    0.273000
 35.000    9.300000    0.241000
 45.000    8.541000    0.208000
 55.000    6.999000    0.175000
 65.000    5.112000    0.142000
 75.000    3.336000    0.111000
 85.000    2.076000    0.087000
 95.000    1.849000    0.082000
105.000    2.104000    0.089000
115.000    2.703000    0.104000
125.000    3.052000    0.116000
135.000    2.976000    0.123000
145.000    2.803000    0.133000
155.000    2.383000    0.142000
165.000    2.904000    0.201000
175.000    1.940000    0.283000
------------------------------------------
E =  940.000 MeV, Wght = 1.00, Syst = 0.05
  5.000    9.573000    0.634000
 15.000    9.006000    0.357000
 25.000    8.901000    0.278000
 35.000    9.232000    0.243000
 45.000    8.337000    0.208000
 55.000    7.165000    0.179000
 65.000    5.362000    0.147000
 75.000    3.512000    0.115000
 85.000    2.072000    0.087000
 95.000    1.826000    0.082000
105.000    2.353000    0.094000
115.000    3.000000    0.110000
125.000    3.310000    0.122000
135.000    2.883000    0.122000
145.000    2.501000    0.126000
155.000    2.676000    0.152000
165.000    2.743000    0.197000
175.000    2.729000    0.339000
------------------------------------------
E =  950.000 MeV, Wght = 1.00, Syst = 0.05
  5.000   11.080000    0.688000
 15.000    8.514000    0.350000
 25.000    8.734000    0.278000
 35.000    9.308000    0.246000
 45.000    9.201000    0.220000
 55.000    7.783000    0.188000
 65.000    5.410000    0.149000
 75.000    3.470000    0.116000
 85.000    2.088000    0.088000
 95.000    1.853000    0.083000
105.000    2.347000    0.095000
115.000    2.871000    0.109000
125.000    2.899000    0.115000
135.000    3.280000    0.132000
145.000    2.834000    0.136000
155.000    2.594000    0.151000
165.000    2.636000    0.195000
175.000    2.952000    0.355000
------------------------------------------
E =  960.000 MeV, Wght = 1.00, Syst = 0.05
  5.000    9.491000    0.644000
 15.000    8.100000    0.345000
 25.000    8.713000    0.280000
 35.000    9.517000    0.251000
 45.000    9.256000    0.223000
 55.000    7.948000    0.192000
 65.000    5.594000    0.153000
 75.000    3.406000    0.116000
 85.000    2.017000    0.088000
 95.000    1.883000    0.085000
105.000    2.194000    0.093000
115.000    2.885000    0.110000
125.000    3.341000    0.125000
135.000    3.504000    0.137000
145.000    3.170000    0.145000
155.000    2.760000    0.158000
165.000    2.769000    0.202000
175.000    2.974000    0.361000
------------------------------------------
E =  970.000 MeV, Wght = 1.00, Syst = 0.05
  5.000   10.711000    0.686000
 15.000    7.879000    0.341000
 25.000    8.791000    0.282000
 35.000   10.032000    0.259000
 45.000    9.079000    0.222000
 55.000    8.010000    0.193000
 65.000    5.805000    0.157000
 75.000    3.589000    0.119000
 85.000    2.174000    0.091000
 95.000    1.909000    0.086000
105.000    2.091000    0.091000
115.000    2.909000    0.111000
125.000    3.368000    0.125000
135.000    3.360000    0.135000
145.000    3.175000    0.146000
155.000    2.598000    0.153000
165.000    2.661000    0.198000
175.000    2.766000    0.348000
------------------------------------------
E =  980.000 MeV, Wght = 1.00, Syst = 0.05
  5.000    9.763000    0.649000
 15.000    7.244000    0.325000
 25.000    8.846000    0.281000
 35.000    9.931000    0.255000
 45.000    9.451000    0.224000
 55.000    8.089000    0.193000
 65.000    5.787000    0.155000
 75.000    3.496000    0.117000
 85.000    2.169000    0.091000
 95.000    1.670000    0.079000
105.000    2.093000    0.090000
115.000    3.153000    0.114000
125.000    3.429000    0.126000
135.000    3.216000    0.131000
145.000    3.538000    0.152000
155.000    2.779000    0.157000
165.000    2.589000    0.194000
175.000    3.067000    0.364000
------------------------------------------
E =  990.000 MeV, Wght = 1.00, Syst = 0.05
  5.000    9.562000    0.655000
 15.000    7.574000    0.338000
 25.000    8.869000    0.287000
 35.000    9.461000    0.254000
 45.000    9.578000    0.230000
 55.000    7.790000    0.193000
 65.000    5.945000    0.160000
 75.000    3.532000    0.120000
 85.000    2.086000    0.091000
 95.000    1.630000    0.080000
105.000    2.102000    0.092000
115.000    2.901000    0.112000
125.000    3.358000    0.127000
135.000    3.364000    0.136000
145.000    3.151000    0.147000
155.000    2.972000    0.166000
165.000    2.721000    0.203000
175.000    3.322000    0.386000
------------------------------------------
E = 1000.000 MeV, Wght = 1.00, Syst = 0.05
  5.000    8.244000    0.606000
 15.000    7.893000    0.344000
 25.000    8.014000    0.271000
 35.000    9.629000    0.255000
 45.000    9.470000    0.228000
 55.000    7.966000    0.194000
 65.000    5.593000    0.155000
 75.000    3.579000    0.120000
 85.000    2.016000    0.089000
 95.000    1.544000    0.078000
105.000    1.922000    0.088000
115.000    2.768000    0.109000
125.000    3.286000    0.125000
135.000    3.510000    0.139000
145.000    3.284000    0.149000
155.000    2.867000    0.162000
165.000    2.761000    0.204000
175.000    3.253000    0.381000
------------------------------------------
E = 1010.000 MeV, Wght = 1.00, Syst = 0.05
  5.000    8.129000    0.608000
 15.000    6.974000    0.327000
 25.000    8.813000    0.287000
 35.000    9.144000    0.251000
 45.000    8.677000    0.220000
 55.000    7.393000    0.189000
 65.000    5.551000    0.156000
 75.000    3.582000    0.121000
 85.000    1.963000    0.088000
 95.000    1.498000    0.077000
105.000    2.012000    0.091000
115.000    2.634000    0.107000
125.000    3.286000    0.126000
135.000    3.208000    0.134000
145.000    3.168000    0.148000
155.000    2.950000    0.166000
165.000    2.921000    0.211000
175.000    2.498000    0.337000
------------------------------------------
E = 1020.000 MeV, Wght = 1.00, Syst = 0.05
  5.000    7.779000    0.598000
 15.000    6.402000    0.315000
 25.000    7.557000    0.268000
 35.000    8.617000    0.246000
 45.000    8.738000    0.223000
 55.000    8.032000    0.198000
 65.000    5.591000    0.157000
 75.000    3.344000    0.118000
 85.000    1.853000    0.086000
 95.000    1.293000    0.072000
105.000    1.720000    0.085000
115.000    2.244000    0.100000
125.000    3.223000    0.126000
135.000    3.495000    0.141000
145.000    3.099000    0.147000
155.000    2.848000    0.164000
165.000    2.976000    0.215000
175.000    2.256000    0.322000
------------------------------------------
E = 1030.000 MeV, Wght = 1.00, Syst = 0.05
  5.000    6.862000    0.560000
 15.000    6.578000    0.318000
 25.000    7.529000    0.267000
 35.000    8.704000    0.246000
 45.000    8.515000    0.219000
 55.000    7.224000    0.188000
 65.000    5.037000    0.149000
 75.000    3.311000    0.117000
 85.000    1.701000    0.083000
 95.000    1.233000    0.070000
105.000    1.445000    0.077000
115.000    2.248000    0.099000
125.000    2.862000    0.118000
135.000    3.225000    0.135000
145.000    2.927000    0.143000
155.000    2.510000    0.154000
165.000    2.881000    0.211000
175.000    2.974000    0.369000
------------------------------------------
E = 1040.000 MeV, Wght = 1.00, Syst = 0.05
  5.000    7.220000    0.580000
 15.000    5.647000    0.298000
 25.000    7.493000    0.268000
 35.000    8.239000    0.241000
 45.000    7.739000    0.211000
 55.000    6.740000    0.183000
 65.000    4.739000    0.146000
 75.000    3.093000    0.114000
 85.000    1.610000    0.081000
 95.000    1.104000    0.067000
105.000    1.488000    0.079000
115.000    2.105000    0.097000
125.000    2.746000    0.117000
135.000    2.934000    0.130000
145.000    2.944000    0.144000
155.000    2.526000    0.156000
165.000    2.667000    0.205000
175.000    2.329000    0.329000
------------------------------------------
E = 1050.000 MeV, Wght = 1.00, Syst = 0.05
  5.000    6.611000    0.551000
 15.000    5.550000    0.293000
 25.000    6.788000    0.254000
 35.000    7.897000    0.235000
 45.000    7.317000    0.203000
 55.000    6.096000    0.173000
 65.000    4.313000    0.138000
 75.000    2.775000    0.107000
 85.000    1.414000    0.075000
 95.000    1.088000    0.066000
105.000    1.338000    0.074000
115.000    1.845000    0.090000
125.000    2.525000    0.111000
135.000    2.937000    0.129000
145.000    3.069000    0.146000
155.000    2.642000    0.158000
165.000    2.303000    0.189000
175.000    2.250000    0.321000
------------------------------------------
E = 1060.000 MeV, Wght = 1.00, Syst = 0.05
  5.000    6.212000    0.545000
 15.000    5.359000    0.294000
 25.000    7.086000    0.264000
 35.000    6.956000    0.225000
 45.000    7.186000    0.206000
 55.000    6.015000    0.175000
 65.000    4.338000    0.141000
 75.000    2.527000    0.104000
 85.000    1.371000    0.076000
 95.000    0.899000    0.061000
105.000    1.031000    0.067000
115.000    1.631000    0.087000
125.000    2.186000    0.105000
135.000    2.568000    0.123000
145.000    2.738000    0.141000
155.000    2.602000    0.160000
165.000    2.462000    0.199000
175.000    1.625000    0.279000
------------------------------------------
E = 1070.000 MeV, Wght = 1.00, Syst = 0.05
  5.000    4.984000    0.489000
 15.000    4.825000    0.279000
 25.000    6.533000    0.254000
 35.000    6.823000    0.223000
 45.000    6.338000    0.193000
 55.000    5.782000    0.172000
 65.000    4.180000    0.139000
 75.000    2.447000    0.103000
 85.000    1.325000    0.075000
 95.000    0.763000    0.057000
105.000    1.120000    0.070000
115.000    1.442000    0.082000
125.000    1.836000    0.097000
135.000    2.487000    0.121000
145.000    2.760000    0.142000
155.000    2.016000    0.141000
165.000    1.775000    0.169000
175.000    1.965000    0.307000
------------------------------------------
E = 1080.000 MeV, Wght = 1.00, Syst = 0.05
  5.000    5.185000    0.494000
 15.000    5.143000    0.286000
 25.000    5.823000    0.238000
 35.000    6.683000    0.219000
 45.000    5.909000    0.185000
 55.000    4.925000    0.157000
 65.000    3.418000    0.124000
 75.000    2.152000    0.096000
 85.000    1.254000    0.072000
 95.000    0.817000    0.058000
105.000    0.897000    0.062000
115.000    1.396000    0.080000
125.000    1.851000    0.096000
135.000    2.196000    0.113000
145.000    2.536000    0.135000
155.000    2.236000    0.147000
165.000    1.730000    0.166000
175.000    1.697000    0.283000
------------------------------------------
E = 1090.000 MeV, Wght = 1.00, Syst = 0.05
  5.000    5.407000    0.518000
 15.000    4.226000    0.266000
 25.000    5.402000    0.235000
 35.000    6.113000    0.215000
 45.000    6.017000    0.192000
 55.000    4.529000    0.155000
 65.000    3.153000    0.123000
 75.000    2.037000    0.095000
 85.000    1.089000    0.069000
 95.000    0.690000    0.055000
105.000    0.815000    0.060000
115.000    1.350000    0.080000
125.000    1.689000    0.094000
135.000    2.134000    0.114000
145.000    2.231000    0.130000
155.000    1.954000    0.141000
165.000    1.971000    0.181000
175.000    1.389000    0.262000
------------------------------------------
E = 1100.000 MeV, Wght = 1.00, Syst = 0.05
  5.000    5.200000    0.507000
 15.000    4.069000    0.261000
 25.000    5.566000    0.238000
 35.000    5.719000    0.207000
 45.000    5.134000    0.177000
 55.000    4.110000    0.147000
 65.000    2.919000    0.118000
 75.000    1.846000    0.091000
 85.000    0.988000    0.065000
 95.000    0.693000    0.055000
105.000    0.773000    0.059000
115.000    1.195000    0.075000
125.000    1.491000    0.089000
135.000    2.014000    0.111000
145.000    2.054000    0.124000
155.000    1.992000    0.143000
165.000    1.584000    0.163000
175.000    1.585000    0.280000
------------------------------------------
E = 1110.000 MeV, Wght = 1.00, Syst = 0.05
  5.000    4.630000    0.480000
 15.000    4.275000    0.268000
 25.000    5.462000    0.237000
 35.000    5.182000    0.198000
 45.000    5.253000    0.180000
 55.000    3.936000    0.144000
 65.000    2.695000    0.114000
 75.000    1.770000    0.089000
 85.000    0.806000    0.059000
 95.000    0.592000    0.051000
105.000    0.687000    0.056000
115.000    0.977000    0.068000
125.000    1.351000    0.085000
135.000    1.798000    0.105000
145.000    1.937000    0.121000
155.000    1.951000    0.142000
165.000    1.559000    0.162000
175.000    1.344000    0.259000
------------------------------------------
E = 1120.000 MeV, Wght = 1.00, Syst = 0.05
  5.000    4.567000    0.476000
 15.000    4.029000    0.260000
 25.000    4.760000    0.221000
 35.000    5.288000    0.200000
 45.000    4.552000    0.167000
 55.000    3.813000    0.142000
 65.000    2.616000    0.112000
 75.000    1.483000    0.081000
 85.000    0.808000    0.059000
 95.000    0.582000    0.050000
105.000    0.690000    0.056000
115.000    0.874000    0.065000
125.000    1.373000    0.085000
135.000    1.628000    0.100000
145.000    1.886000    0.119000
155.000    1.648000    0.130000
165.000    1.538000    0.160000
175.000    0.993000    0.222000
------------------------------------------
E = 1130.000 MeV, Wght = 1.00, Syst = 0.05
  5.000    4.196000    0.461000
 15.000    4.188000    0.267000
 25.000    4.629000    0.220000
 35.000    4.647000    0.189000
 45.000    4.225000    0.162000
 55.000    3.609000    0.139000
 65.000    2.431000    0.109000
 75.000    1.464000    0.082000
 85.000    0.787000    0.059000
 95.000    0.593000    0.051000
105.000    0.639000    0.054000
115.000    0.797000    0.062000
125.000    1.194000    0.080000
135.000    1.633000    0.101000
145.000    1.813000    0.118000
155.000    1.543000    0.127000
165.000    1.175000    0.141000
175.000    0.809000    0.202000
------------------------------------------
E = 1140.000 MeV, Wght = 1.00, Syst = 0.05
  5.000    5.567000    0.536000
 15.000    3.645000    0.252000
 25.000    4.486000    0.218000
 35.000    4.911000    0.196000
 45.000    4.593000    0.171000
 55.000    3.318000    0.135000
 65.000    2.161000    0.103000
 75.000    1.293000    0.078000
 85.000    0.735000    0.058000
 95.000    0.482000    0.047000
105.000    0.470000    0.047000
115.000    0.763000    0.062000
125.000    1.119000    0.078000
135.000    1.620000    0.101000
145.000    1.574000    0.111000
155.000    1.424000    0.123000
165.000    1.076000    0.137000
175.000    0.670000    0.186000
------------------------------------------
E = 1150.000 MeV, Wght = 1.00, Syst = 0.05
  5.000    4.977000    0.505000
 15.000    4.147000    0.268000
 25.000    4.349000    0.215000
 35.000    4.211000    0.181000
 45.000    3.694000    0.153000
 55.000    2.959000    0.127000
 65.000    2.255000    0.105000
 75.000    1.134000    0.072000
 85.000    0.664000    0.055000
 95.000    0.539000    0.049000
105.000    0.560000    0.051000
115.000    0.706000    0.059000
125.000    1.054000    0.076000
135.000    1.575000    0.100000
145.000    1.606000    0.112000
155.000    1.344000    0.119000
165.000    0.968000    0.129000
175.000    0.616000    0.178000
------------------------------------------
E = 1160.000 MeV, Wght = 1.00, Syst = 0.05
  5.000    4.482000    0.478000
 15.000    3.739000    0.253000
 25.000    4.412000    0.215000
 35.000    4.024000    0.176000
 45.000    3.930000    0.157000
 55.000    2.943000    0.126000
 65.000    2.013000    0.099000
 75.000    1.163000    0.073000
 85.000    0.588000    0.051000
 95.000    0.432000    0.044000
105.000    0.473000    0.047000
115.000    0.749000    0.061000
125.000    1.089000    0.077000
135.000    1.438000    0.095000
145.000    1.169000    0.095000
155.000    1.450000    0.123000
165.000    0.806000    0.118000
175.000    0.815000    0.204000
------------------------------------------
E = 1170.000 MeV, Wght = 1.00, Syst = 0.05
  5.000    4.105000    0.462000
 15.000    3.569000    0.250000
 25.000    4.297000    0.215000
 35.000    4.579000    0.190000
 45.000    3.894000    0.158000
 55.000    2.703000    0.122000
 65.000    1.844000    0.096000
 75.000    1.041000    0.070000
 85.000    0.659000    0.055000
 95.000    0.445000    0.045000
105.000    0.488000    0.048000
115.000    0.625000    0.056000
125.000    1.017000    0.075000
135.000    1.217000    0.088000
145.000    1.397000    0.105000
155.000    1.168000    0.112000
165.000    0.875000    0.124000
175.000    0.260000    0.116000
------------------------------------------
E = 1180.000 MeV, Wght = 1.00, Syst = 0.05
  5.000    3.926000    0.460000
 15.000    3.387000    0.248000
 25.000    4.426000    0.222000
 35.000    4.193000    0.185000
 45.000    3.593000    0.154000
 55.000    2.627000    0.123000
 65.000    1.686000    0.093000
 75.000    0.966000    0.068000
 85.000    0.626000    0.054000
 95.000    0.419000    0.044000
105.000    0.500000    0.049000
115.000    0.574000    0.054000
125.000    0.836000    0.069000
135.000    1.047000    0.083000
145.000    1.316000    0.104000
155.000    1.242000    0.117000
165.000    0.743000    0.116000
175.000    0.914000    0.222000
------------------------------------------
E = 1190.000 MeV, Wght = 1.00, Syst = 0.05
  5.000    4.446000    0.479000
 15.000    3.760000    0.256000
 25.000    3.678000    0.198000
 35.000    4.116000    0.180000
 45.000    3.345000    0.146000
 55.000    2.690000    0.122000
 65.000    1.601000    0.089000
 75.000    1.096000    0.072000
 85.000    0.475000    0.046000
 95.000    0.439000    0.045000
105.000    0.341000    0.040000
115.000    0.701000    0.059000
125.000    0.864000    0.069000
135.000    1.185000    0.087000
145.000    1.202000    0.097000
155.000    1.024000    0.104000
165.000    0.731000    0.113000
175.000    0.569000    0.171000
------------------------------------------
E = 1200.000 MeV, Wght = 1.00, Syst = 0.05
  5.000    3.668000    0.442000
 15.000    3.276000    0.242000
 25.000    4.341000    0.218000
 35.000    4.112000    0.182000
 45.000    3.460000    0.151000
 55.000    2.483000    0.119000
 65.000    1.416000    0.085000
 75.000    0.892000    0.065000
 85.000    0.544000    0.050000
 95.000    0.442000    0.045000
105.000    0.513000    0.050000
115.000    0.557000    0.053000
125.000    0.837000    0.069000
135.000    1.120000    0.086000
145.000    1.147000    0.096000
155.000    0.932000    0.101000
165.000    0.609000    0.104000
175.000    0.532000    0.168000
------------------------------------------
E = 1210.000 MeV, Wght = 1.00, Syst = 0.05
  5.000    3.897000    0.459000
 15.000    3.700000    0.260000
 25.000    4.153000    0.215000
 35.000    3.701000    0.174000
 45.000    3.329000    0.149000
 55.000    2.246000    0.114000
 65.000    1.463000    0.087000
 75.000    1.016000    0.070000
 85.000    0.530000    0.050000
 95.000    0.350000    0.041000
105.000    0.430000    0.046000
115.000    0.541000    0.053000
125.000    0.818000    0.069000
135.000    1.061000    0.084000
145.000    1.217000    0.100000
155.000    0.882000    0.099000
165.000    0.729000    0.115000
175.000    0.379000    0.143000
------------------------------------------
E = 1220.000 MeV, Wght = 1.00, Syst = 0.05
  5.000    3.809000    0.455000
 15.000    2.785000    0.226000
 25.000    4.533000    0.226000
 35.000    3.696000    0.175000
 45.000    3.139000    0.145000
 55.000    2.246000    0.114000
 65.000    1.423000    0.086000
 75.000    0.820000    0.063000
 85.000    0.481000    0.048000
 95.000    0.481000    0.048000
105.000    0.511000    0.050000
115.000    0.528000    0.053000
125.000    0.782000    0.067000
135.000    1.026000    0.083000
145.000    1.108000    0.096000
155.000    0.785000    0.094000
165.000    0.586000    0.104000
175.000    0.435000    0.154000
------------------------------------------
E = 1230.000 MeV, Wght = 1.00, Syst = 0.05
  5.000    3.501000    0.431000
 15.000    3.305000    0.243000
 25.000    3.687000    0.201000
 35.000    3.877000    0.177000
 45.000    2.910000    0.138000
 55.000    2.066000    0.108000
 65.000    1.535000    0.089000
 75.000    0.952000    0.068000
 85.000    0.594000    0.053000
 95.000    0.385000    0.042000
105.000    0.469000    0.047000
115.000    0.480000    0.049000
125.000    0.700000    0.063000
135.000    1.000000    0.081000
145.000    1.201000    0.098000
155.000    1.017000    0.105000
165.000    0.518000    0.096000
175.000    0.053000    0.053000
------------------------------------------
E = 1240.000 MeV, Wght = 1.00, Syst = 0.05
  5.000    3.944000    0.468000
 15.000    3.292000    0.248000
 25.000    4.090000    0.216000
 35.000    3.478000    0.171000
 45.000    2.821000    0.139000
 55.000    2.104000    0.112000
 65.000    1.490000    0.089000
 75.000    0.767000    0.062000
 85.000    0.462000    0.047000
 95.000    0.364000    0.042000
105.000    0.506000    0.050000
115.000    0.556000    0.054000
125.000    0.703000    0.064000
135.000    1.020000    0.084000
145.000    1.004000    0.092000
155.000    0.859000    0.099000
165.000    0.412000    0.088000
175.000    0.389000    0.147000
------------------------------------------
E = 1250.000 MeV, Wght = 1.00, Syst = 0.05
  5.000    3.006000    0.405000
 15.000    2.889000    0.231000
 25.000    3.719000    0.205000
 35.000    3.396000    0.168000
 45.000    2.890000    0.140000
 55.000    1.878000    0.104000
 65.000    1.366000    0.085000
 75.000    0.843000    0.064000
 85.000    0.583000    0.053000
 95.000    0.440000    0.046000
105.000    0.419000    0.045000
115.000    0.536000    0.053000
125.000    0.768000    0.067000
135.000    0.983000    0.081000
145.000    0.980000    0.090000
155.000    1.003000    0.106000
165.000    0.607000    0.106000
175.000    0.219000    0.109000
------------------------------------------
E = 1260.000 MeV, Wght = 1.00, Syst = 0.05
  5.000    3.218000    0.426000
 15.000    3.250000    0.249000
 25.000    3.620000    0.205000
 35.000    3.319000    0.169000
 45.000    2.526000    0.133000
 55.000    2.168000    0.114000
 65.000    1.265000    0.083000
 75.000    0.810000    0.064000
 85.000    0.523000    0.051000
 95.000    0.420000    0.046000
105.000    0.428000    0.047000
115.000    0.521000    0.053000
125.000    0.745000    0.067000
135.000    1.009000    0.084000
145.000    0.978000    0.092000
155.000    0.850000    0.099000
165.000    0.513000    0.099000
175.000    0.282000    0.126000
------------------------------------------
E = 1270.000 MeV, Wght = 1.00, Syst = 0.05
  5.000    4.049000    0.484000
 15.000    3.311000    0.254000
 25.000    3.793000    0.213000
 35.000    3.454000    0.174000
 45.000    3.087000    0.148000
 55.000    1.926000    0.109000
 65.000    1.263000    0.084000
 75.000    0.736000    0.062000
 85.000    0.562000    0.053000
 95.000    0.405000    0.045000
105.000    0.428000    0.047000
115.000    0.412000    0.048000
125.000    0.702000    0.066000
135.000    0.955000    0.083000
145.000    0.923000    0.090000
155.000    0.823000    0.099000
165.000    0.370000    0.085000
175.000    0.116000    0.082000
------------------------------------------
E = 1280.000 MeV, Wght = 1.00, Syst = 0.05
  5.000    3.203000    0.428000
 15.000    2.966000    0.239000
 25.000    3.397000    0.200000
 35.000    3.224000    0.167000
 45.000    2.876000    0.142000
 55.000    1.874000    0.107000
 65.000    1.204000    0.081000
 75.000    0.764000    0.063000
 85.000    0.540000    0.052000
 95.000    0.425000    0.046000
105.000    0.408000    0.046000
115.000    0.473000    0.051000
125.000    0.675000    0.064000
135.000    0.973000    0.083000
145.000    1.043000    0.095000
155.000    0.814000    0.098000
165.000    0.616000    0.109000
175.000    0.172000    0.099000
------------------------------------------
E = 1290.000 MeV, Wght = 1.00, Syst = 0.05
  5.000    3.040000    0.422000
 15.000    3.366000    0.257000
 25.000    3.713000    0.212000
 35.000    3.367000    0.173000
 45.000    2.731000    0.140000
 55.000    1.947000    0.110000
 65.000    1.158000    0.081000
 75.000    0.807000    0.065000
 85.000    0.496000    0.050000
 95.000    0.440000    0.047000
105.000    0.433000    0.048000
115.000    0.500000    0.053000
125.000    0.603000    0.061000
135.000    0.850000    0.078000
145.000    0.977000    0.093000
155.000    0.747000    0.095000
165.000    0.492000    0.098000
175.000    0.058000    0.058000
------------------------------------------
E = 1300.000 MeV, Wght = 1.00, Syst = 0.05
  5.000    3.720000    0.469000
 15.000    2.844000    0.238000
 25.000    3.556000    0.208000
 35.000    3.284000    0.172000
 45.000    2.679000    0.140000
 55.000    1.753000    0.105000
 65.000    1.124000    0.080000
 75.000    0.799000    0.065000
 85.000    0.553000    0.053000
 95.000    0.444000    0.048000
105.000    0.464000    0.050000
115.000    0.511000    0.054000
125.000    0.691000    0.066000
135.000    0.721000    0.072000
145.000    1.095000    0.099000
155.000    0.548000    0.082000
165.000    0.537000    0.103000
175.000    0.059000    0.059000
------------------------------------------
E = 1310.000 MeV, Wght = 1.00, Syst = 0.05
  5.000    4.064000    0.482000
 15.000    3.392000    0.256000
 25.000    3.718000    0.209000
 35.000    3.244000    0.168000
 45.000    2.582000    0.135000
 55.000    1.717000    0.102000
 65.000    1.106000    0.078000
 75.000    0.790000    0.064000
 85.000    0.426000    0.046000
 95.000    0.446000    0.047000
105.000    0.460000    0.049000
115.000    0.534000    0.054000
125.000    0.621000    0.062000
135.000    0.797000    0.075000
145.000    0.687000    0.077000
155.000    0.720000    0.092000
165.000    0.366000    0.084000
175.000    0.229000    0.114000
------------------------------------------
E = 1320.000 MeV, Wght = 1.00, Syst = 0.05
  5.000    4.193000    0.505000
 15.000    3.397000    0.264000
 25.000    3.321000    0.204000
 35.000    3.379000    0.177000
 45.000    2.397000    0.134000
 55.000    1.668000    0.104000
 65.000    1.256000    0.086000
 75.000    0.691000    0.062000
 85.000    0.489000    0.051000
 95.000    0.377000    0.045000
105.000    0.482000    0.051000
115.000    0.444000    0.051000
125.000    0.653000    0.065000
135.000    0.689000    0.072000
145.000    0.914000    0.092000
155.000    0.639000    0.089000
165.000    0.430000    0.094000
175.000    0.243000    0.122000
------------------------------------------
E = 1330.000 MeV, Wght = 1.00, Syst = 0.05
  5.000    3.639000    0.470000
 15.000    3.574000    0.270000
 25.000    3.427000    0.207000
 35.000    3.281000    0.174000
 45.000    2.460000    0.136000
 55.000    1.762000    0.107000
 65.000    1.242000    0.085000
 75.000    0.826000    0.067000
 85.000    0.494000    0.051000
 95.000    0.340000    0.042000
105.000    0.356000    0.044000
115.000    0.455000    0.052000
125.000    0.536000    0.059000
135.000    0.882000    0.081000
145.000    0.922000    0.092000
155.000    0.663000    0.091000
165.000    0.286000    0.076000
175.000    0.182000    0.105000
------------------------------------------
E = 1340.000 MeV, Wght = 1.00, Syst = 0.05
  5.000    3.720000    0.476000
 15.000    3.203000    0.256000
 25.000    3.408000    0.207000
 35.000    3.188000    0.172000
 45.000    2.330000    0.132000
 55.000    1.544000    0.100000
 65.000    1.020000    0.077000
 75.000    0.644000    0.060000
 85.000    0.475000    0.050000
 95.000    0.485000    0.051000
105.000    0.490000    0.052000
115.000    0.510000    0.055000
125.000    0.688000    0.067000
135.000    0.849000    0.080000
145.000    0.880000    0.090000
155.000    0.604000    0.087000
165.000    0.554000    0.107000
175.000    0.061000    0.061000
------------------------------------------
E = 1350.000 MeV, Wght = 1.00, Syst = 0.05
  5.000    4.040000    0.483000
 15.000    3.693000    0.268000
 25.000    3.238000    0.196000
 35.000    3.087000    0.165000
 45.000    2.454000    0.132000
 55.000    1.640000    0.100000
 65.000    1.066000    0.077000
 75.000    0.682000    0.060000
 85.000    0.561000    0.053000
 95.000    0.389000    0.044000
105.000    0.323000    0.041000
115.000    0.527000    0.054000
125.000    0.559000    0.059000
135.000    0.747000    0.073000
145.000    0.947000    0.091000
155.000    0.679000    0.090000
165.000    0.408000    0.089000
175.000    0.173000    0.100000
------------------------------------------
E = 1360.000 MeV, Wght = 1.00, Syst = 0.05
  5.000    4.054000    0.495000
 15.000    3.463000    0.266000
 25.000    3.232000    0.201000
 35.000    2.988000    0.166000
 45.000    2.215000    0.129000
 55.000    1.687000    0.104000
 65.000    1.280000    0.086000
 75.000    0.677000    0.061000
 85.000    0.529000    0.053000
 95.000    0.392000    0.046000
105.000    0.464000    0.050000
115.000    0.436000    0.050000
125.000    0.560000    0.060000
135.000    0.738000    0.074000
145.000    0.827000    0.087000
155.000    0.699000    0.093000
165.000    0.469000    0.098000
175.000    0.061000    0.061000
------------------------------------------
E = 1370.000 MeV, Wght = 1.00, Syst = 0.05
  5.000    3.839000    0.480000
 15.000    3.434000    0.263000
 25.000    3.315000    0.202000
 35.000    2.780000    0.159000
 45.000    2.188000    0.127000
 55.000    1.525000    0.099000
 65.000    1.021000    0.077000
 75.000    0.774000    0.065000
 85.000    0.535000    0.053000
 95.000    0.493000    0.051000
105.000    0.428000    0.048000
115.000    0.508000    0.054000
125.000    0.491000    0.056000
135.000    0.835000    0.079000
145.000    0.939000    0.092000
155.000    0.656000    0.090000
165.000    0.384000    0.088000
175.000    0.120000    0.085000
------------------------------------------
E = 1380.000 MeV, Wght = 1.00, Syst = 0.05
  5.000    3.638000    0.466000
 15.000    2.872000    0.240000
 25.000    3.296000    0.201000
 35.000    2.927000    0.163000
 45.000    2.308000    0.130000
 55.000    1.459000    0.096000
 65.000    1.113000    0.080000
 75.000    0.721000    0.062000
 85.000    0.543000    0.053000
 95.000    0.548000    0.053000
105.000    0.527000    0.053000
115.000    0.453000    0.051000
125.000    0.584000    0.061000
135.000    0.676000    0.071000
145.000    0.870000    0.089000
155.000    0.603000    0.086000
165.000    0.341000    0.083000
175.000    0.060000    0.060000
------------------------------------------
E = 1390.000 MeV, Wght = 1.00, Syst = 0.05
  5.000    4.445000    0.528000
 15.000    3.373000    0.267000
 25.000    3.202000    0.203000
 35.000    2.673000    0.159000
 45.000    2.284000    0.133000
 55.000    1.326000    0.094000
 65.000    1.042000    0.079000
 75.000    0.808000    0.068000
 85.000    0.575000    0.056000
 95.000    0.482000    0.051000
105.000    0.514000    0.054000
115.000    0.476000    0.054000
125.000    0.606000    0.064000
135.000    0.532000    0.064000
145.000    0.637000    0.078000
155.000    0.594000    0.088000
165.000    0.548000    0.108000
175.000    0.125000    0.089000
------------------------------------------
E = 1400.000 MeV, Wght = 1.00, Syst = 0.05
  5.000    3.690000    0.484000
 15.000    3.470000    0.273000
 25.000    3.175000    0.204000
 35.000    2.900000    0.167000
 45.000    2.070000    0.127000
 55.000    1.530000    0.102000
 65.000    1.101000    0.082000
 75.000    0.809000    0.068000
 85.000    0.518000    0.054000
 95.000    0.506000    0.053000
105.000    0.390000    0.047000
115.000    0.422000    0.051000
125.000    0.474000    0.057000
135.000    0.831000    0.081000
145.000    0.696000    0.082000
155.000    0.695000    0.096000
165.000    0.364000    0.088000
175.000    0.064000    0.064000
------------------------------------------
E = 1410.000 MeV, Wght = 1.00, Syst = 0.05
  5.000    4.118000    0.507000
 15.000    3.425000    0.268000
 25.000    3.204000    0.203000
 35.000    2.607000    0.157000
 45.000    2.107000    0.127000
 55.000    1.480000    0.099000
 65.000    0.906000    0.074000
 75.000    0.828000    0.068000
 85.000    0.524000    0.053000
 95.000    0.529000    0.054000
105.000    0.428000    0.049000
115.000    0.582000    0.059000
125.000    0.538000    0.060000
135.000    0.631000    0.070000
145.000    0.673000    0.080000
155.000    0.553000    0.084000
165.000    0.441000    0.096000
175.000    0.125000    0.088000
------------------------------------------
E = 1420.000 MeV, Wght = 1.00, Syst = 0.05
  5.000    4.395000    0.522000
 15.000    3.544000    0.272000
 25.000    3.370000    0.207000
 35.000    2.361000    0.149000
 45.000    1.663000    0.113000
 55.000    1.225000    0.090000
 65.000    1.072000    0.080000
 75.000    0.698000    0.062000
 85.000    0.677000    0.061000
 95.000    0.444000    0.049000
105.000    0.497000    0.053000
115.000    0.476000    0.053000
125.000    0.586000    0.062000
135.000    0.588000    0.067000
145.000    0.818000    0.088000
155.000    0.600000    0.088000
165.000    0.479000    0.100000
175.000    0.186000    0.107000
------------------------------------------
E = 1430.000 MeV, Wght = 1.00, Syst = 0.05
  5.000    4.407000    0.519000
 15.000    3.339000    0.262000
 25.000    3.282000    0.204000
 35.000    2.688000    0.158000
 45.000    1.962000    0.122000
 55.000    1.231000    0.090000
 65.000    0.901000    0.073000
 75.000    0.746000    0.064000
 85.000    0.664000    0.060000
 95.000    0.530000    0.053000
105.000    0.392000    0.047000
115.000    0.453000    0.052000
125.000    0.554000    0.060000
135.000    0.626000    0.069000
145.000    0.577000    0.073000
155.000    0.644000    0.090000
165.000    0.453000    0.097000
175.000    0.245000    0.122000
------------------------------------------
E = 1440.000 MeV, Wght = 1.00, Syst = 0.05
  5.000    4.442000    0.531000
 15.000    4.124000    0.297000
 25.000    2.984000    0.198000
 35.000    2.632000    0.159000
 45.000    1.760000    0.117000
 55.000    1.404000    0.097000
 65.000    1.019000    0.079000
 75.000    0.830000    0.069000
 85.000    0.616000    0.058000
 95.000    0.444000    0.050000
105.000    0.395000    0.048000
115.000    0.384000    0.048000
125.000    0.473000    0.056000
135.000    0.641000    0.071000
145.000    0.598000    0.076000
155.000    0.550000    0.085000
165.000    0.449000    0.098000
175.000    0.190000    0.110000
------------------------------------------
E = 1450.000 MeV, Wght = 1.00, Syst = 0.05
  5.000    6.294000    0.639000
 15.000    3.867000    0.291000
 25.000    3.305000    0.210000
 35.000    2.021000    0.141000
 45.000    1.759000    0.119000
 55.000    1.312000    0.095000
 65.000    1.154000    0.085000
 75.000    0.755000    0.066000
 85.000    0.681000    0.062000
 95.000    0.420000    0.049000
105.000    0.492000    0.054000
115.000    0.418000    0.051000
125.000    0.532000    0.061000
135.000    0.512000    0.064000
145.000    0.582000    0.076000
155.000    0.482000    0.080000
165.000    0.153000    0.058000
175.000    0.065000    0.065000
------------------------------------------
E = 1460.000 MeV, Wght = 1.00, Syst = 0.05
  5.000    4.789000    0.542000
 15.000    3.122000    0.254000
 25.000    2.988000    0.195000
 35.000    2.435000    0.151000
 45.000    1.612000    0.110000
 55.000    1.026000    0.082000
 65.000    0.903000    0.073000
 75.000    0.853000    0.069000
 85.000    0.596000    0.057000
 95.000    0.462000    0.050000
105.000    0.488000    0.052000
115.000    0.484000    0.053000
125.000    0.516000    0.058000
135.000    0.575000    0.066000
145.000    0.560000    0.072000
155.000    0.494000    0.079000
165.000    0.496000    0.101000
175.000    0.491000    0.174000
------------------------------------------
E = 1470.000 MeV, Wght = 1.00, Syst = 0.05
  5.000    4.799000    0.550000
 15.000    3.466000    0.271000
 25.000    3.008000    0.198000
 35.000    2.485000    0.154000
 45.000    1.564000    0.110000
 55.000    1.122000    0.087000
 65.000    1.026000    0.079000
 75.000    0.843000    0.069000
 85.000    0.608000    0.058000
 95.000    0.519000    0.054000
105.000    0.444000    0.050000
115.000    0.401000    0.049000
125.000    0.477000    0.057000
135.000    0.483000    0.061000
145.000    0.566000    0.074000
155.000    0.482000    0.079000
165.000    0.510000    0.104000
175.000    0.316000    0.141000
------------------------------------------
E = 1480.000 MeV, Wght = 1.00, Syst = 0.05
  5.000    4.891000    0.573000
 15.000    3.475000    0.280000
 25.000    3.316000    0.214000
 35.000    2.291000    0.153000
 45.000    1.528000    0.112000
 55.000    1.212000    0.093000
 65.000    0.896000    0.076000
 75.000    0.816000    0.070000
 85.000    0.821000    0.069000
 95.000    0.492000    0.054000
105.000    0.411000    0.050000
115.000    0.503000    0.057000
125.000    0.392000    0.053000
135.000    0.504000    0.065000
145.000    0.509000    0.072000
155.000    0.511000    0.084000
165.000    0.248000    0.075000
175.000    0.134000    0.095000
------------------------------------------
E = 1490.000 MeV, Wght = 1.00, Syst = 0.05
  5.000    4.677000    0.551000
 15.000    3.543000    0.278000
 25.000    3.054000    0.202000
 35.000    2.231000    0.148000
 45.000    1.657000    0.115000
 55.000    0.933000    0.080000
 65.000    0.856000    0.073000
 75.000    0.797000    0.068000
 85.000    0.682000    0.062000
 95.000    0.409000    0.048000
105.000    0.416000    0.049000
115.000    0.512000    0.057000
125.000    0.415000    0.054000
135.000    0.496000    0.063000
145.000    0.711000    0.084000
155.000    0.388000    0.072000
165.000    0.437000    0.098000
175.000    0.325000    0.145000
------------------------------------------
E = 1500.000 MeV, Wght = 1.00, Syst = 0.05
  5.000    4.073000    0.521000
 15.000    3.575000    0.284000
 25.000    3.016000    0.204000
 35.000    2.060000    0.145000
 45.000    1.341000    0.105000
 55.000    0.945000    0.082000
 65.000    0.899000    0.076000
 75.000    0.849000    0.072000
 85.000    0.590000    0.059000
 95.000    0.339000    0.044000
105.000    0.464000    0.053000
115.000    0.424000    0.052000
125.000    0.426000    0.055000
135.000    0.642000    0.073000
145.000    0.528000    0.073000
155.000    0.523000    0.085000
165.000    0.585000    0.115000
175.000    0.401000    0.164000
------------------------------------------
