  1080.00     -0.40742865E-08     -0.44324401E-08
  1085.00     -0.16530640E-07     -0.19556801E-07
  1090.00     -0.40227767E-07     -0.51711727E-07
  1095.00     -0.77113164E-07     -0.10781601E-06
  1100.00     -0.12839172E-06     -0.19560691E-06
  1105.00     -0.19506533E-06     -0.32455934E-06
  1110.00     -0.27713332E-06     -0.50489854E-06
  1115.00     -0.37539388E-06     -0.75047876E-06
  1120.00     -0.48715957E-06     -0.10726109E-05
  1125.00     -0.61228951E-06     -0.14892317E-05
  1130.00     -0.74770431E-06     -0.20170667E-05
  1135.00     -0.89072130E-06     -0.26766002E-05
  1140.00     -0.10361843E-05     -0.34882058E-05
  1145.00     -0.11805088E-05     -0.44784924E-05
  1150.00     -0.13181588E-05     -0.56752977E-05
  1155.00     -0.14412646E-05     -0.71067186E-05
  1160.00     -0.15416732E-05     -0.88049910E-05
  1165.00     -0.16108506E-05     -0.10806495E-04
  1170.00     -0.16376332E-05     -0.13148444E-04
  1175.00     -0.16118669E-05     -0.15874535E-04
  1180.00     -0.15186107E-05     -0.19026386E-04
  1185.00     -0.13445280E-05     -0.22653251E-04
  1190.00     -0.10733014E-05     -0.26805440E-04
  1195.00     -0.68694891E-06     -0.31536003E-04
  1200.00     -0.16731133E-06     -0.36904128E-04
  1205.00      0.50717642E-06     -0.42968805E-04
  1210.00      0.13593100E-05     -0.49793266E-04
  1215.00      0.24137706E-05     -0.57443619E-04
  1220.00      0.36973529E-05     -0.65988061E-04
  1225.00      0.52364543E-05     -0.75503549E-04
  1230.00      0.70641543E-05     -0.86060436E-04
  1235.00      0.92101247E-05     -0.97742145E-04
  1240.00      0.11708737E-04     -0.11063094E-03
  1245.00      0.14598577E-04     -0.12480520E-03
  1250.00      0.17919513E-04     -0.14034869E-03
  1255.00      0.21704476E-04     -0.15737462E-03
  1260.00      0.25978965E-04     -0.17603848E-03
  1265.00      0.30067850E-04     -0.19906483E-03
  1270.00      0.36907917E-04     -0.21599958E-03
  1275.00      0.42743949E-04     -0.24083475E-03
  1280.00      0.49483299E-04     -0.26689687E-03
  1285.00      0.57321286E-04     -0.29376233E-03
  1290.00      0.65286877E-04     -0.32530132E-03
  1295.00      0.74759861E-04     -0.35677807E-03
  1300.00      0.85274875E-04     -0.39022131E-03
  1305.00      0.96080038E-04     -0.42871510E-03
  1310.00      0.10857682E-03     -0.46748696E-03
  1315.00      0.12213066E-03     -0.50920628E-03
  1320.00      0.13691212E-03     -0.55361195E-03
  1325.00      0.15287804E-03     -0.60120884E-03
  1330.00      0.17031660E-03     -0.65134374E-03
  1335.00      0.18918250E-03     -0.70456013E-03
  1340.00      0.20956937E-03     -0.76089536E-03
  1345.00      0.23153325E-03     -0.82053547E-03
  1350.00      0.25648318E-03     -0.87869768E-03
  1355.00      0.28095736E-03     -0.94853087E-03
  1360.00      0.30830420E-03     -0.10181193E-02
  1365.00      0.33764570E-03     -0.10910987E-02
  1370.00      0.36905482E-03     -0.11676301E-02
  1375.00      0.40261384E-03     -0.12478101E-02
  1380.00      0.43839414E-03     -0.13317996E-02
  1385.00      0.47608497E-03     -0.14211632E-02
  1390.00      0.51747393E-03     -0.15097626E-02
  1395.00      0.56057107E-03     -0.16053033E-02
  1400.00      0.60638099E-03     -0.17045300E-02
  1405.00      0.65495353E-03     -0.18076559E-02
  1410.00      0.70638290E-03     -0.19147689E-02
  1415.00      0.76076838E-03     -0.20259000E-02
  1420.00      0.81821273E-03     -0.21410848E-02
  1425.00      0.87881362E-03     -0.22603652E-02
  1430.00      0.94266115E-03     -0.23837884E-02
  1435.00      0.10092791E-02     -0.25134895E-02
  1440.00      0.10807346E-02     -0.26423456E-02
  1445.00      0.11549864E-02     -0.27781080E-02
  1450.00      0.12329394E-02     -0.29178807E-02
  1455.00      0.13146736E-02     -0.30617127E-02
  1460.00      0.14002808E-02     -0.32096050E-02
  1465.00      0.14898662E-02     -0.33615326E-02
  1470.00      0.15835210E-02     -0.35174566E-02
  1475.00      0.16813466E-02     -0.36773475E-02
  1480.00      0.17834329E-02     -0.38411561E-02
  1485.00      0.18898720E-02     -0.40088400E-02
  1490.00      0.20007559E-02     -0.41803330E-02
  1495.00      0.21161737E-02     -0.43555622E-02
  1500.00      0.22362138E-02     -0.45344446E-02
  1505.00      0.23608186E-02     -0.47174786E-02
  1510.00      0.24904120E-02     -0.49032058E-02
  1515.00      0.26247842E-02     -0.50926766E-02
  1520.00      0.27640762E-02     -0.52855168E-02
  1525.00      0.29083704E-02     -0.54816070E-02
  1530.00      0.30577328E-02     -0.56808500E-02
  1535.00      0.32122241E-02     -0.58831274E-02
  1540.00      0.33719018E-02     -0.60883307E-02
  1545.00      0.35368273E-02     -0.62963364E-02
  1550.00      0.37070521E-02     -0.65070294E-02
  1555.00      0.38826233E-02     -0.67202690E-02
  1560.00      0.40635781E-02     -0.69359270E-02
  1565.00      0.42499645E-02     -0.71538667E-02
  1570.00      0.44418107E-02     -0.73739518E-02
  1575.00      0.46391522E-02     -0.75960250E-02
  1580.00      0.48420028E-02     -0.78199459E-02
  1585.00      0.50504005E-02     -0.80455607E-02
  1590.00      0.52643531E-02     -0.82727119E-02
  1595.00      0.54838655E-02     -0.85012048E-02
  1600.00      0.57089943E-02     -0.87307683E-02
  1605.00      0.59394763E-02     -0.89622516E-02
  1610.00      0.61757432E-02     -0.91937211E-02
  1615.00      0.64175270E-02     -0.94261029E-02
  1620.00      0.66648342E-02     -0.96590664E-02
  1625.00      0.69176666E-02     -0.98924131E-02
  1630.00      0.71759890E-02     -0.10125973E-01
  1635.00      0.74397776E-02     -0.10359561E-01
  1640.00      0.77089950E-02     -0.10593011E-01
  1645.00      0.79836051E-02     -0.10826145E-01
  1650.00      0.82635557E-02     -0.11058782E-01
  1655.00      0.85487988E-02     -0.11290749E-01
  1660.00      0.88392739E-02     -0.11521861E-01
  1665.00      0.91349220E-02     -0.11751950E-01
  1670.00      0.94356860E-02     -0.11980843E-01
  1675.00      0.97414781E-02     -0.12208353E-01
  1680.00      0.10052233E-01     -0.12434317E-01
  1685.00      0.10367873E-01     -0.12658562E-01
  1690.00      0.10688303E-01     -0.12880911E-01
  1695.00      0.11013446E-01     -0.13101203E-01
  1700.00      0.11343184E-01     -0.13319253E-01
  1705.00      0.11677438E-01     -0.13534910E-01
  1710.00      0.12016092E-01     -0.13748004E-01
  1715.00      0.12359050E-01     -0.13958379E-01
  1720.00      0.12706186E-01     -0.14165865E-01
  1725.00      0.13057392E-01     -0.14370319E-01
  1730.00      0.13412539E-01     -0.14571576E-01
  1735.00      0.13771517E-01     -0.14769498E-01
  1740.00      0.14134187E-01     -0.14963922E-01
  1745.00      0.14500426E-01     -0.15154711E-01
  1750.00      0.14870120E-01     -0.15341588E-01
  1755.00      0.15242952E-01     -0.15525166E-01
  1760.00      0.15619083E-01     -0.15704131E-01
  1765.00      0.15998176E-01     -0.15879038E-01
  1770.00      0.16380122E-01     -0.16049668E-01
  1775.00      0.16764771E-01     -0.16215906E-01
  1780.00      0.17151964E-01     -0.16377614E-01
  1785.00      0.17541543E-01     -0.16534684E-01
  1790.00      0.17933373E-01     -0.16687035E-01
  1795.00      0.18327268E-01     -0.16834533E-01
  1800.00      0.18723069E-01     -0.16977095E-01
  1805.00      0.19120619E-01     -0.17114626E-01
  1810.00      0.19519748E-01     -0.17247044E-01
  1815.00      0.19920296E-01     -0.17374269E-01
  1820.00      0.20322083E-01     -0.17496223E-01
  1825.00      0.20724942E-01     -0.17612820E-01
  1830.00      0.21128704E-01     -0.17724000E-01
  1835.00      0.21533194E-01     -0.17829728E-01
  1840.00      0.21938237E-01     -0.17929904E-01
  1845.00      0.22343662E-01     -0.18024522E-01
  1850.00      0.22749282E-01     -0.18113510E-01
  1855.00      0.23154957E-01     -0.18196829E-01
  1860.00      0.23560465E-01     -0.18274470E-01
  1865.00      0.23965663E-01     -0.18346366E-01
  1870.00      0.24370363E-01     -0.18412511E-01
  1875.00      0.24774393E-01     -0.18472936E-01
  1880.00      0.25177579E-01     -0.18527497E-01
  1885.00      0.25579749E-01     -0.18576303E-01
  1890.00      0.25980739E-01     -0.18619330E-01
  1895.00      0.26380357E-01     -0.18656570E-01
  1900.00      0.26778588E-01     -0.18677131E-01
  1905.00      0.27174828E-01     -0.18713732E-01
  1910.00      0.27569334E-01     -0.18733687E-01
  1915.00      0.27961809E-01     -0.18747925E-01
  1920.00      0.28352095E-01     -0.18756475E-01
  1925.00      0.28739997E-01     -0.18759377E-01
  1930.00      0.29125367E-01     -0.18756592E-01
  1935.00      0.29508066E-01     -0.18748386E-01
  1940.00      0.29887913E-01     -0.18734585E-01
  1945.00      0.30264757E-01     -0.18715333E-01
  1950.00      0.30638453E-01     -0.18690671E-01
  1955.00      0.31008849E-01     -0.18660679E-01
  1960.00      0.31375810E-01     -0.18625423E-01
  1965.00      0.31739163E-01     -0.18584948E-01
  1970.00      0.32098793E-01     -0.18539422E-01
  1975.00      0.32454558E-01     -0.18488839E-01
  1980.00      0.32806319E-01     -0.18433304E-01
  1985.00      0.33153936E-01     -0.18372915E-01
  1990.00      0.33497315E-01     -0.18307774E-01
  1995.00      0.33836335E-01     -0.18237870E-01
  2000.00      0.34170604E-01     -0.18164218E-01
  2005.00      0.34500491E-01     -0.18084457E-01
  2010.00      0.34825705E-01     -0.18001983E-01
  2015.00      0.35145993E-01     -0.17914664E-01
  2020.00      0.35461325E-01     -0.17823254E-01
  2025.00      0.35771625E-01     -0.17727882E-01
  2030.00      0.36076791E-01     -0.17628670E-01
  2035.00      0.36376717E-01     -0.17525730E-01
  2040.00      0.36671348E-01     -0.17419211E-01
  2045.00      0.36960567E-01     -0.17309230E-01
  2050.00      0.37244340E-01     -0.17195920E-01
  2055.00      0.37522553E-01     -0.17079424E-01
  2060.00      0.37795171E-01     -0.16959844E-01
  2065.00      0.38061815E-01     -0.16838487E-01
  2070.00      0.38323249E-01     -0.16712438E-01
  2075.00      0.38578707E-01     -0.16584570E-01
  2080.00      0.38826702E-01     -0.16460076E-01
  2085.00      0.39071952E-01     -0.16321974E-01
  2090.00      0.39309792E-01     -0.16187212E-01
  2095.00      0.39541679E-01     -0.16050462E-01
  2100.00      0.39767591E-01     -0.15911874E-01
  2105.00      0.39987506E-01     -0.15771597E-01
  2110.00      0.40201464E-01     -0.15629656E-01
  2115.00      0.40409352E-01     -0.15486463E-01
  2120.00      0.40611233E-01     -0.15341985E-01
  2125.00      0.40807101E-01     -0.15196399E-01
  2130.00      0.40996937E-01     -0.15049878E-01
  2135.00      0.41180773E-01     -0.14902577E-01
  2140.00      0.41358620E-01     -0.14754623E-01
  2145.00      0.41530477E-01     -0.14606240E-01
  2150.00      0.41696334E-01     -0.14457689E-01
  2155.00      0.41856465E-01     -0.14308216E-01
  2160.00      0.42010540E-01     -0.14159362E-01
  2165.00      0.42158789E-01     -0.14010504E-01
  2170.00      0.42301219E-01     -0.13861890E-01
  2175.00      0.42437913E-01     -0.13713666E-01
  2180.00      0.42568888E-01     -0.13565973E-01
  2185.00      0.42694214E-01     -0.13418958E-01
  2190.00      0.42813949E-01     -0.13272753E-01
  2195.00      0.42928164E-01     -0.13127501E-01
  2200.00      0.43036925E-01     -0.12983337E-01
  2205.00      0.43140292E-01     -0.12840389E-01
  2210.00      0.43238343E-01     -0.12698888E-01
  2215.00      0.43331320E-01     -0.12558297E-01
  2220.00      0.43418994E-01     -0.12419848E-01
  2225.00      0.43501652E-01     -0.12282970E-01
  2230.00      0.43579361E-01     -0.12147884E-01
  2235.00      0.43652191E-01     -0.12014710E-01
  2240.00      0.43720271E-01     -0.11883563E-01
  2245.00      0.43783687E-01     -0.11754544E-01
  2250.00      0.43842526E-01     -0.11627770E-01
  2255.00      0.43896930E-01     -0.11503279E-01
  2260.00      0.43946975E-01     -0.11381229E-01
  2265.00      0.43992785E-01     -0.11261676E-01
  2270.00      0.44034485E-01     -0.11144713E-01
  2275.00      0.44072163E-01     -0.11030422E-01
  2280.00      0.44105947E-01     -0.10918865E-01
  2285.00      0.44135967E-01     -0.10810130E-01
  2290.00      0.44162328E-01     -0.10704285E-01
  2295.00      0.44185327E-01     -0.10600958E-01
  2300.00      0.44204613E-01     -0.10501415E-01
  2305.00      0.44220743E-01     -0.10404581E-01
  2310.00      0.44233735E-01     -0.10310853E-01
  2315.00      0.44243682E-01     -0.10220264E-01
  2320.00      0.44250719E-01     -0.10132877E-01
  2325.00      0.44254947E-01     -0.10048718E-01
  2330.00      0.44256533E-01     -0.99678330E-02
  2335.00      0.44255608E-01     -0.98902505E-02
  2340.00      0.44252250E-01     -0.98159812E-02
  2345.00      0.44246615E-01     -0.97450574E-02
  2350.00      0.44238823E-01     -0.96774976E-02
  2355.00      0.44228995E-01     -0.96133064E-02
  2360.00      0.44217258E-01     -0.95524962E-02
  2365.00      0.44203743E-01     -0.94950807E-02
  2370.00      0.44188537E-01     -0.94410475E-02
  2375.00      0.44171818E-01     -0.93904038E-02
  2380.00      0.44153653E-01     -0.93431322E-02
  2385.00      0.44134174E-01     -0.92992338E-02
  2390.00      0.44113516E-01     -0.92586916E-02
  2395.00      0.44091783E-01     -0.92214838E-02
  2400.00      0.44069074E-01     -0.91875888E-02
  2405.00      0.44045600E-01     -0.91567040E-02
  2410.00      0.44021266E-01     -0.91294163E-02
  2415.00      0.43996235E-01     -0.91055730E-02
  2420.00      0.43970763E-01     -0.90846732E-02
  2425.00      0.43944837E-01     -0.90669552E-02
  2430.00      0.43918573E-01     -0.90523322E-02
  2435.00      0.43892096E-01     -0.90408122E-02
  2440.00      0.43865744E-01     -0.90320042E-02
  2445.00      0.43838802E-01     -0.90267819E-02
  2450.00      0.43812268E-01     -0.90238628E-02
  2455.00      0.43787634E-01     -0.90175321E-02
  2460.00      0.43758769E-01     -0.90298187E-02
  2465.00      0.43733063E-01     -0.90346789E-02
  2470.00      0.43707318E-01     -0.90437716E-02
  2475.00      0.43682149E-01     -0.90551218E-02
  2480.00      0.43657419E-01     -0.90693152E-02
  2485.00      0.43633281E-01     -0.90860859E-02
  2490.00      0.43609801E-01     -0.91053622E-02
  2495.00      0.43587018E-01     -0.91271034E-02
  2500.00      0.43565017E-01     -0.91512285E-02
