   W         E8-(eta_p)
 (MeV)      Re         Im
 1486.0   -0.000000   0.000000
 1487.0   -0.000000   0.000000
 1488.0   -0.000000   0.000000
 1489.0   -0.000000   0.000000
 1490.0   -0.000000   0.000000
 1491.0   -0.000000   0.000000
 1492.0   -0.000000   0.000000
 1493.0   -0.000000   0.000000
 1494.0   -0.000000   0.000000
 1495.0   -0.000000   0.000000
 1496.0    0.000000  -0.000000
 1497.0    0.000000  -0.000000
 1498.0    0.000000  -0.000000
 1499.0    0.000000  -0.000000
 1500.0    0.000000  -0.000000
 1501.0    0.000000  -0.000000
 1502.0    0.000000  -0.000000
 1503.0    0.000000  -0.000000
 1504.0   -0.000000   0.000000
 1505.0   -0.000000   0.000000
 1506.0   -0.000000   0.000000
 1507.0   -0.000000   0.000000
 1508.0   -0.000000   0.000000
 1509.0   -0.000000   0.000000
 1510.0   -0.000000   0.000000
 1511.0   -0.000000   0.000000
 1512.0   -0.000000   0.000000
 1513.0   -0.000000   0.000000
 1514.0   -0.000000   0.000000
 1515.0   -0.000000   0.000000
 1516.0   -0.000000   0.000000
 1517.0   -0.000000   0.000000
 1518.0   -0.000000   0.000000
 1519.0   -0.000000   0.000000
 1520.0   -0.000000   0.000000
 1521.0   -0.000000   0.000000
 1522.0   -0.000000   0.000000
 1523.0   -0.000000   0.000000
 1524.0   -0.000000   0.000000
 1525.0   -0.000000   0.000000
 1526.0   -0.000000   0.000000
 1527.0    0.000000  -0.000000
 1528.0    0.000000  -0.000000
 1529.0    0.000000  -0.000000
 1530.0    0.000000  -0.000000
 1531.0    0.000000  -0.000000
 1532.0    0.000000  -0.000000
 1533.0    0.000000  -0.000000
 1534.0    0.000000  -0.000000
 1535.0    0.000000  -0.000000
 1536.0    0.000000  -0.000000
 1537.0    0.000000  -0.000000
 1538.0    0.000000  -0.000000
 1539.0    0.000000  -0.000000
 1540.0    0.000000  -0.000000
 1541.0    0.000000  -0.000000
 1542.0    0.000000  -0.000000
 1543.0    0.000000  -0.000000
 1544.0    0.000000  -0.000000
 1545.0    0.000000  -0.000000
 1546.0    0.000000  -0.000000
 1547.0    0.000000  -0.000000
 1548.0    0.000000   0.000000
 1549.0   -0.000000   0.000000
 1550.0   -0.000000   0.000000
 1551.0   -0.000000   0.000000
 1552.0   -0.000000   0.000000
 1553.0   -0.000000   0.000000
 1554.0   -0.000000   0.000000
 1555.0    0.000000   0.000000
 1556.0    0.000000   0.000000
 1557.0    0.000000   0.000000
 1558.0    0.000000   0.000000
 1559.0    0.000000   0.000000
 1560.0    0.000000   0.000000
 1561.0    0.000000   0.000000
 1562.0    0.000000   0.000000
 1563.0    0.000000   0.000000
 1564.0    0.000000   0.000000
 1565.0    0.000000   0.000000
 1566.0    0.000000   0.000000
 1567.0    0.000000   0.000000
 1568.0    0.000000  -0.000000
 1569.0    0.000000  -0.000000
 1570.0    0.000000  -0.000000
 1571.0    0.000000  -0.000000
 1572.0    0.000000  -0.000000
 1573.0    0.000000  -0.000000
 1574.0    0.000000  -0.000000
 1575.0    0.000000  -0.000000
 1576.0   -0.000000   0.000000
 1577.0   -0.000000   0.000000
 1578.0   -0.000000   0.000000
 1579.0   -0.000000   0.000000
 1580.0   -0.000001   0.000001
 1581.0   -0.000000   0.000001
 1582.0   -0.000000   0.000000
 1583.0   -0.000000   0.000000
 1584.0   -0.000000   0.000000
 1585.0   -0.000000   0.000000
 1586.0   -0.000000   0.000000
 1587.0   -0.000000   0.000000
 1588.0   -0.000000   0.000000
 1589.0   -0.000000   0.000000
 1590.0   -0.000000   0.000000
 1591.0   -0.000000   0.000000
 1592.0   -0.000000   0.000000
 1593.0   -0.000000   0.000000
 1594.0   -0.000000   0.000000
 1595.0   -0.000000   0.000000
 1596.0   -0.000000   0.000000
 1597.0   -0.000000   0.000000
 1598.0   -0.000000   0.000000
 1599.0   -0.000000   0.000000
 1600.0   -0.000000   0.000000
 1601.0   -0.000000   0.000000
 1602.0   -0.000000   0.000000
 1603.0   -0.000000   0.000000
 1604.0   -0.000000   0.000000
 1605.0   -0.000000   0.000000
 1606.0   -0.000000   0.000000
 1607.0   -0.000000   0.000000
 1608.0   -0.000000   0.000000
 1609.0   -0.000000   0.000000
 1610.0   -0.000000   0.000000
 1611.0   -0.000000   0.000000
 1612.0   -0.000000   0.000000
 1613.0   -0.000000   0.000000
 1614.0   -0.000000   0.000000
 1615.0   -0.000000   0.000000
 1616.0   -0.000000   0.000000
 1617.0   -0.000000   0.000000
 1618.0   -0.000000   0.000000
 1619.0   -0.000000   0.000000
 1620.0   -0.000000   0.000000
 1621.0   -0.000000   0.000000
 1622.0   -0.000000   0.000000
 1623.0   -0.000000   0.000000
 1624.0   -0.000000   0.000000
 1625.0   -0.000000   0.000000
 1626.0   -0.000000   0.000000
 1627.0   -0.000000   0.000000
 1628.0    0.000000   0.000000
 1629.0    0.000000   0.000000
 1630.0    0.000000   0.000000
 1631.0    0.000000   0.000000
 1632.0    0.000000   0.000000
 1633.0    0.000000   0.000000
 1634.0   -0.000000   0.000000
 1635.0   -0.000000   0.000000
 1636.0   -0.000000   0.000000
 1637.0   -0.000000   0.000000
 1638.0   -0.000000   0.000000
 1639.0   -0.000000   0.000000
 1640.0   -0.000000   0.000001
 1641.0   -0.000000   0.000001
 1642.0   -0.000000   0.000001
 1643.0   -0.000000   0.000001
 1644.0   -0.000000   0.000001
 1645.0   -0.000000   0.000001
 1646.0   -0.000000   0.000001
 1647.0   -0.000000   0.000001
 1648.0   -0.000000   0.000001
 1649.0   -0.000000   0.000001
 1650.0   -0.000000   0.000001
 1651.0   -0.000000   0.000001
 1652.0   -0.000000   0.000001
 1653.0   -0.000000   0.000001
 1654.0   -0.000000   0.000001
 1655.0   -0.000000   0.000001
 1656.0   -0.000000   0.000001
 1657.0   -0.000000   0.000001
 1658.0   -0.000000   0.000001
 1659.0   -0.000000   0.000001
 1660.0   -0.000000   0.000001
 1661.0   -0.000000   0.000001
 1662.0   -0.000000   0.000001
 1663.0   -0.000000   0.000001
 1664.0   -0.000000   0.000001
 1665.0   -0.000000   0.000001
 1666.0   -0.000000   0.000001
 1667.0   -0.000000   0.000001
 1668.0   -0.000000   0.000001
 1669.0   -0.000000   0.000001
 1670.0   -0.000000   0.000001
 1671.0   -0.000000   0.000001
 1672.0   -0.000000   0.000001
 1673.0   -0.000000   0.000001
 1674.0   -0.000000   0.000001
 1675.0   -0.000000   0.000001
 1676.0   -0.000000   0.000001
 1677.0   -0.000000   0.000001
 1678.0   -0.000000   0.000001
 1679.0   -0.000000   0.000001
 1680.0   -0.000000   0.000001
 1681.0   -0.000000   0.000001
 1682.0   -0.000000   0.000001
 1683.0   -0.000000   0.000001
 1684.0   -0.000000   0.000001
 1685.0   -0.000000   0.000002
 1686.0   -0.000000   0.000002
 1687.0   -0.000000   0.000002
 1688.0   -0.000000   0.000002
 1689.0   -0.000000   0.000002
 1690.0   -0.000000   0.000002
 1691.0   -0.000000   0.000002
 1692.0   -0.000000   0.000002
 1693.0   -0.000000   0.000002
 1694.0   -0.000000   0.000002
 1695.0   -0.000000   0.000002
 1696.0   -0.000000   0.000002
 1697.0   -0.000000   0.000002
 1698.0   -0.000000   0.000002
 1699.0   -0.000000   0.000002
 1700.0   -0.000000   0.000002
 1701.0   -0.000000   0.000002
 1702.0   -0.000000   0.000002
 1703.0   -0.000000   0.000002
 1704.0   -0.000000   0.000002
 1705.0   -0.000000   0.000002
 1706.0   -0.000001   0.000003
 1707.0   -0.000001   0.000003
 1708.0   -0.000001   0.000003
 1709.0   -0.000001   0.000003
 1710.0   -0.000001   0.000003
 1711.0   -0.000001   0.000003
 1712.0   -0.000001   0.000003
 1713.0   -0.000001   0.000003
 1714.0   -0.000001   0.000003
 1715.0   -0.000000   0.000003
 1716.0   -0.000000   0.000003
 1717.0   -0.000000   0.000003
 1718.0   -0.000000   0.000003
 1719.0   -0.000000   0.000003
 1720.0   -0.000000   0.000003
 1721.0   -0.000000   0.000003
 1722.0   -0.000000   0.000003
 1723.0   -0.000000   0.000003
 1724.0   -0.000000   0.000003
 1725.0   -0.000000   0.000003
 1726.0   -0.000000   0.000003
 1727.0   -0.000000   0.000003
 1728.0   -0.000000   0.000003
 1729.0   -0.000001   0.000003
 1730.0   -0.000001   0.000003
 1731.0   -0.000001   0.000004
 1732.0   -0.000001   0.000004
 1733.0   -0.000001   0.000004
 1734.0   -0.000001   0.000004
 1735.0   -0.000001   0.000004
 1736.0   -0.000001   0.000004
 1737.0   -0.000001   0.000004
 1738.0   -0.000001   0.000004
 1739.0   -0.000001   0.000004
 1740.0   -0.000001   0.000004
 1741.0   -0.000001   0.000004
 1742.0   -0.000001   0.000004
 1743.0   -0.000001   0.000004
 1744.0   -0.000001   0.000004
 1745.0   -0.000001   0.000005
 1746.0   -0.000001   0.000005
 1747.0   -0.000001   0.000005
 1748.0   -0.000001   0.000005
 1749.0   -0.000001   0.000005
 1750.0   -0.000001   0.000005
 1751.0   -0.000001   0.000005
 1752.0   -0.000001   0.000005
 1753.0   -0.000001   0.000005
 1754.0   -0.000001   0.000005
 1755.0   -0.000001   0.000005
 1756.0   -0.000001   0.000005
 1757.0   -0.000001   0.000005
 1758.0   -0.000001   0.000006
 1759.0   -0.000001   0.000006
 1760.0   -0.000001   0.000006
 1761.0   -0.000001   0.000006
 1762.0   -0.000001   0.000006
 1763.0   -0.000001   0.000006
 1764.0   -0.000001   0.000006
 1765.0   -0.000001   0.000006
 1766.0   -0.000001   0.000006
 1767.0   -0.000001   0.000006
 1768.0   -0.000001   0.000006
 1769.0   -0.000001   0.000007
 1770.0   -0.000001   0.000007
 1771.0   -0.000001   0.000007
 1772.0   -0.000001   0.000007
 1773.0   -0.000001   0.000007
 1774.0   -0.000001   0.000007
 1775.0   -0.000001   0.000007
 1776.0   -0.000001   0.000007
 1777.0   -0.000001   0.000007
 1778.0   -0.000001   0.000008
 1779.0   -0.000001   0.000008
 1780.0   -0.000001   0.000008
 1781.0   -0.000001   0.000008
 1782.0   -0.000001   0.000008
 1783.0   -0.000001   0.000008
 1784.0   -0.000001   0.000008
 1785.0   -0.000001   0.000008
 1786.0   -0.000001   0.000008
 1787.0   -0.000001   0.000009
 1788.0   -0.000001   0.000009
 1789.0   -0.000002   0.000009
 1790.0   -0.000002   0.000009
 1791.0   -0.000002   0.000009
 1792.0   -0.000002   0.000009
 1793.0   -0.000002   0.000009
 1794.0   -0.000002   0.000009
 1795.0   -0.000002   0.000010
 1796.0   -0.000002   0.000010
 1797.0   -0.000002   0.000010
 1798.0   -0.000002   0.000010
 1799.0   -0.000002   0.000010
 1800.0   -0.000002   0.000010
 1801.0   -0.000002   0.000010
 1802.0   -0.000002   0.000010
 1803.0   -0.000002   0.000011
 1804.0   -0.000002   0.000011
 1805.0   -0.000002   0.000011
 1806.0   -0.000002   0.000011
 1807.0   -0.000002   0.000011
 1808.0   -0.000002   0.000011
 1809.0   -0.000002   0.000012
 1810.0   -0.000002   0.000012
 1811.0   -0.000002   0.000012
 1812.0   -0.000002   0.000012
 1813.0   -0.000002   0.000012
 1814.0   -0.000002   0.000012
 1815.0   -0.000002   0.000012
 1816.0   -0.000002   0.000013
 1817.0   -0.000002   0.000013
 1818.0   -0.000002   0.000013
 1819.0   -0.000002   0.000013
 1820.0   -0.000002   0.000013
 1821.0   -0.000002   0.000013
 1822.0   -0.000003   0.000014
 1823.0   -0.000003   0.000014
 1824.0   -0.000003   0.000014
 1825.0   -0.000003   0.000014
 1826.0   -0.000003   0.000014
 1827.0   -0.000003   0.000014
 1828.0   -0.000003   0.000015
 1829.0   -0.000003   0.000015
 1830.0   -0.000003   0.000015
 1831.0   -0.000003   0.000015
 1832.0   -0.000003   0.000015
 1833.0   -0.000003   0.000016
 1834.0   -0.000003   0.000016
 1835.0   -0.000003   0.000016
 1836.0   -0.000003   0.000016
 1837.0   -0.000003   0.000016
 1838.0   -0.000003   0.000017
 1839.0   -0.000003   0.000017
 1840.0   -0.000003   0.000017
 1841.0   -0.000003   0.000017
 1842.0   -0.000003   0.000017
 1843.0   -0.000003   0.000018
 1844.0   -0.000003   0.000018
 1845.0   -0.000003   0.000018
 1846.0   -0.000004   0.000018
 1847.0   -0.000004   0.000018
 1848.0   -0.000004   0.000019
 1849.0   -0.000004   0.000019
 1850.0   -0.000004   0.000019
 1851.0   -0.000004   0.000019
 1852.0   -0.000004   0.000019
 1853.0   -0.000004   0.000020
 1854.0   -0.000004   0.000020
 1855.0   -0.000004   0.000020
 1856.0   -0.000004   0.000020
 1857.0   -0.000004   0.000021
 1858.0   -0.000004   0.000021
 1859.0   -0.000004   0.000021
 1860.0   -0.000004   0.000021
 1861.0   -0.000004   0.000022
 1862.0   -0.000004   0.000022
 1863.0   -0.000004   0.000022
 1864.0   -0.000005   0.000022
 1865.0   -0.000005   0.000023
 1866.0   -0.000005   0.000023
 1867.0   -0.000005   0.000023
 1868.0   -0.000005   0.000023
 1869.0   -0.000005   0.000024
 1870.0   -0.000005   0.000024
 1871.0   -0.000005   0.000024
 1872.0   -0.000005   0.000024
 1873.0   -0.000005   0.000025
 1874.0   -0.000005   0.000025
 1875.0   -0.000005   0.000025
 1876.0   -0.000005   0.000025
 1877.0   -0.000005   0.000026
 1878.0   -0.000005   0.000026
 1879.0   -0.000006   0.000026
 1880.0   -0.000006   0.000026
 1881.0   -0.000006   0.000027
 1882.0   -0.000006   0.000027
 1883.0   -0.000006   0.000027
 1884.0   -0.000006   0.000028
 1885.0   -0.000006   0.000028
 1886.0   -0.000006   0.000028
 1887.0   -0.000006   0.000029
 1888.0   -0.000006   0.000029
 1889.0   -0.000006   0.000029
 1890.0   -0.000006   0.000029
 1891.0   -0.000006   0.000030
 1892.0   -0.000007   0.000030
 1893.0   -0.000007   0.000030
 1894.0   -0.000007   0.000031
 1895.0   -0.000007   0.000031
 1896.0   -0.000007   0.000031
 1897.0   -0.000007   0.000032
 1898.0   -0.000007   0.000032
 1899.0   -0.000007   0.000032
 1900.0   -0.000007   0.000033
 1901.0   -0.000007   0.000033
 1902.0   -0.000007   0.000033
 1903.0   -0.000007   0.000034
 1904.0   -0.000008   0.000034
 1905.0   -0.000008   0.000034
 1906.0   -0.000008   0.000035
 1907.0   -0.000008   0.000035
 1908.0   -0.000008   0.000035
 1909.0   -0.000008   0.000036
 1910.0   -0.000008   0.000036
 1911.0   -0.000008   0.000036
 1912.0   -0.000008   0.000037
 1913.0   -0.000008   0.000037
 1914.0   -0.000009   0.000037
 1915.0   -0.000009   0.000038
 1916.0   -0.000009   0.000038
 1917.0   -0.000009   0.000038
 1918.0   -0.000009   0.000039
 1919.0   -0.000009   0.000039
 1920.0   -0.000009   0.000040
 1921.0   -0.000009   0.000040
 1922.0   -0.000009   0.000040
 1923.0   -0.000010   0.000041
 1924.0   -0.000010   0.000041
 1925.0   -0.000010   0.000042
 1926.0   -0.000010   0.000042
 1927.0   -0.000010   0.000042
 1928.0   -0.000010   0.000043
 1929.0   -0.000010   0.000043
 1930.0   -0.000010   0.000044
 1931.0   -0.000010   0.000044
 1932.0   -0.000011   0.000044
 1933.0   -0.000011   0.000045
 1934.0   -0.000011   0.000045
 1935.0   -0.000011   0.000046
 1936.0   -0.000011   0.000046
 1937.0   -0.000011   0.000046
 1938.0   -0.000011   0.000047
 1939.0   -0.000011   0.000047
 1940.0   -0.000012   0.000048
 1941.0   -0.000012   0.000048
 1942.0   -0.000012   0.000049
 1943.0   -0.000012   0.000049
 1944.0   -0.000012   0.000049
 1945.0   -0.000012   0.000050
 1946.0   -0.000012   0.000050
 1947.0   -0.000013   0.000051
 1948.0   -0.000013   0.000051
 1949.0   -0.000013   0.000052
 1950.0   -0.000013   0.000052
 1951.0   -0.000013   0.000053
 1952.0   -0.000013   0.000053
 1953.0   -0.000013   0.000054
 1954.0   -0.000014   0.000054
 1955.0   -0.000014   0.000054
 1956.0   -0.000014   0.000055
 1957.0   -0.000014   0.000055
 1958.0   -0.000014   0.000056
 1959.0   -0.000014   0.000056
 1960.0   -0.000014   0.000057
 1961.0   -0.000015   0.000057
 1962.0   -0.000015   0.000058
 1963.0   -0.000015   0.000058
 1964.0   -0.000015   0.000059
 1965.0   -0.000015   0.000059
 1966.0   -0.000015   0.000060
 1967.0   -0.000016   0.000060
 1968.0   -0.000016   0.000061
 1969.0   -0.000016   0.000061
 1970.0   -0.000016   0.000062
 1971.0   -0.000016   0.000062
