Angles in degrees, polarised cross sections in microbarns/sterad
Coefficients A_F, B_F, C_F, D_F for sigmaF = rho*sintheta*[A_F + B_F*x + C_F*(3x^2-1)/2 + D_F*(5x^3-3x)/2] with x = costheta and rho = q/k

------------------------------------------------------------------------------

Channel 253 to 256: 146.199 +- 2.627 MeV

theta   Dtheta        sigmaF           DsigmaF
  5.0   5.0           0.041485         0.281168
 15.0   5.0          -0.006908         0.042564
 25.0   5.0           0.080111         0.188658
 35.0   5.0           0.000370         0.034680
 45.0   5.0           0.008565         0.037240
 55.0   5.0           0.000012         0.034254
 65.0   5.0          -0.065620         0.046534
 75.0   5.0           0.002095         0.036746
 85.0   5.0          -0.077891         0.058076
 95.0   5.0          -0.016802         0.039564
105.0   5.0           0.015060         0.035579
115.0   5.0          -0.036219         0.040105
125.0   5.0           0.030134         0.035615
135.0   5.0          -0.004557         0.037077
145.0   5.0           0.036441         0.040672
155.0   5.0           0.037920         0.047917
165.0   5.0           0.071921         0.087511
175.0   5.0          -0.124003         0.180547

A_F          DA_F         B_F          DB_F         C_F          DC_F         D_F          DD_F
  0.013100     0.102150    -0.171041     0.191963     0.370367     0.281893     0.000000     0.000000

chi^2/ndf =   5.997/15 =   0.400

------------------------------------------------------------------------------

Channel 249 to 252: 151.292 +- 2.613 MeV

theta   Dtheta        sigmaF           DsigmaF
  5.0   5.0           0.088079         0.173211
 15.0   5.0           0.113645         0.063309
 25.0   5.0           0.003042         0.055192
 35.0   5.0           0.052189         0.052957
 45.0   5.0          -0.046747         0.050657
 55.0   5.0          -0.069974         0.046443
 65.0   5.0          -0.028626         0.040633
 75.0   5.0           0.029492         0.036176
 85.0   5.0           0.042030         0.033726
 95.0   5.0          -0.061072         0.030839
105.0   5.0           0.030851         0.029237
115.0   5.0          -0.019247         0.033447
125.0   5.0           0.005620         0.030676
135.0   5.0          -0.025484         0.032850
145.0   5.0          -0.003520         0.039198
155.0   5.0          -0.024571         0.046283
165.0   5.0          -0.014185         0.068358
175.0   5.0          -6.445379     26516.164166

A_F          DA_F         B_F          DB_F         C_F          DC_F         D_F          DD_F
 -0.028344     0.052277     0.016378     0.099367    -0.045778     0.133291     0.000000     0.000000

chi^2/ndf =  16.214/15 =   1.081

------------------------------------------------------------------------------

Channel 245 to 248: 156.384 +- 2.634 MeV

theta   Dtheta        sigmaF           DsigmaF
  5.0   5.0           0.385375         0.195639
 15.0   5.0          -0.024927         0.089939
 25.0   5.0           0.092617         0.087540
 35.0   5.0          -0.229780         0.086387
 45.0   5.0          -0.033275         0.085783
 55.0   5.0          -0.020212         0.080812
 65.0   5.0          -0.175768         0.072199
 75.0   5.0          -0.037275         0.060173
 85.0   5.0           0.097492         0.050993
 95.0   5.0           0.049379         0.045787
105.0   5.0           0.068444         0.044898
115.0   5.0           0.037058         0.043122
125.0   5.0           0.083726         0.044567
135.0   5.0           0.095736         0.048667
145.0   5.0           0.159470         0.053059
155.0   5.0           0.169781         0.064751
165.0   5.0           0.031103         0.077453
175.0   5.0           0.078723         0.187121

A_F          DA_F         B_F          DB_F         C_F          DC_F         D_F          DD_F
  0.081155     0.063362    -0.487807     0.120916     0.066450     0.154641     0.000000     0.000000

chi^2/ndf =  22.504/15 =   1.500

------------------------------------------------------------------------------

Channel 241 to 244: 161.473 +- 2.620 MeV

theta   Dtheta        sigmaF           DsigmaF
  5.0   5.0           0.074860         0.201491
 15.0   5.0          -0.105279         0.110842
 25.0   5.0          -0.134300         0.106852
 35.0   5.0          -0.015352         0.109595
 45.0   5.0          -0.304573         0.109866
 55.0   5.0          -0.079701         0.104370
 65.0   5.0           0.058777         0.092745
 75.0   5.0          -0.074848         0.078940
 85.0   5.0           0.141745         0.064744
 95.0   5.0           0.111334         0.056601
105.0   5.0           0.082897         0.053262
115.0   5.0           0.030206         0.053023
125.0   5.0           0.192853         0.055901
135.0   5.0           0.146444         0.058294
145.0   5.0           0.259893         0.064439
155.0   5.0           0.132663         0.072371
165.0   5.0          -0.004068         0.090584
175.0   5.0           0.009926         0.212635

A_F          DA_F         B_F          DB_F         C_F          DC_F         D_F          DD_F
  0.109434     0.067739    -0.603371     0.129714    -0.041300     0.161748     0.000000     0.000000

chi^2/ndf =  19.543/15 =   1.303

------------------------------------------------------------------------------

Channel 237 to 240: 166.557 +- 2.605 MeV

theta   Dtheta        sigmaF           DsigmaF
  5.0   5.0           0.362207         0.242409
 15.0   5.0          -0.119679         0.138685
 25.0   5.0          -0.065165         0.138201
 35.0   5.0          -0.292614         0.140313
 45.0   5.0          -0.074502         0.140802
 55.0   5.0          -0.098968         0.134563
 65.0   5.0          -0.336058         0.119988
 75.0   5.0           0.009148         0.100503
 85.0   5.0           0.265133         0.082200
 95.0   5.0          -0.001063         0.070492
105.0   5.0           0.077804         0.066189
115.0   5.0           0.209070         0.065109
125.0   5.0           0.164456         0.066294
135.0   5.0           0.119010         0.071471
145.0   5.0           0.229441         0.075235
155.0   5.0           0.237226         0.088136
165.0   5.0           0.117470         0.113660
175.0   5.0           0.359582         0.263056

A_F          DA_F         B_F          DB_F         C_F          DC_F         D_F          DD_F
  0.082947     0.076645    -0.715594     0.146744    -0.053361     0.180691     0.000000     0.000000

chi^2/ndf =  24.479/15 =   1.632

------------------------------------------------------------------------------

Channel 233 to 236: 171.637 +- 2.622 MeV

theta   Dtheta        sigmaF           DsigmaF
  5.0   5.0          -0.199667         0.290726
 15.0   5.0          -0.257851         0.169558
 25.0   5.0           0.008381         0.169907
 35.0   5.0          -0.375344         0.175011
 45.0   5.0           0.124106         0.173962
 55.0   5.0          -0.282544         0.165298
 65.0   5.0          -0.173965         0.145858
 75.0   5.0          -0.024046         0.122074
 85.0   5.0           0.167659         0.099323
 95.0   5.0           0.112309         0.084852
105.0   5.0           0.195681         0.078876
115.0   5.0           0.184445         0.078595
125.0   5.0           0.144783         0.080648
135.0   5.0           0.315649         0.086052
145.0   5.0           0.322176         0.094036
155.0   5.0           0.445400         0.108621
165.0   5.0           0.091123         0.136247
175.0   5.0           0.013714         0.357609

A_F          DA_F         B_F          DB_F         C_F          DC_F         D_F          DD_F
  0.177131     0.086546    -0.839329     0.165516     0.102130     0.203507     0.000000     0.000000

chi^2/ndf =  17.513/15 =   1.168

------------------------------------------------------------------------------

Channel 229 to 232: 176.712 +- 2.607 MeV

theta   Dtheta        sigmaF           DsigmaF
  5.0   5.0          -0.612967         0.300869
 15.0   5.0          -0.079193         0.177903
 25.0   5.0          -0.398205         0.182360
 35.0   5.0          -0.183974         0.186214
 45.0   5.0          -0.276941         0.184556
 55.0   5.0          -0.424717         0.173921
 65.0   5.0          -0.185844         0.152821
 75.0   5.0          -0.134541         0.125628
 85.0   5.0          -0.017384         0.103366
 95.0   5.0           0.228534         0.087894
105.0   5.0           0.189293         0.083382
115.0   5.0           0.256826         0.082702
125.0   5.0           0.251151         0.084381
135.0   5.0           0.317976         0.089145
145.0   5.0           0.492437         0.097796
155.0   5.0           0.293508         0.112284
165.0   5.0           0.373655         0.144265
175.0   5.0           0.275065         0.317428

A_F          DA_F         B_F          DB_F         C_F          DC_F         D_F          DD_F
  0.082819     0.085264    -1.213472     0.163227     0.012028     0.200093     0.000000     0.000000

chi^2/ndf =  14.267/15 =   0.951

------------------------------------------------------------------------------

Channel 225 to 228: 181.777 +- 2.589 MeV

theta   Dtheta        sigmaF           DsigmaF
  5.0   5.0          -0.134336         0.363726
 15.0   5.0          -0.095575         0.208630
 25.0   5.0          -0.345015         0.213202
 35.0   5.0          -0.798932         0.216964
 45.0   5.0          -0.639042         0.212022
 55.0   5.0          -0.061293         0.200362
 65.0   5.0          -0.193374         0.173028
 75.0   5.0          -0.263429         0.142932
 85.0   5.0           0.047062         0.115674
 95.0   5.0           0.006408         0.101519
105.0   5.0           0.441790         0.095153
115.0   5.0           0.388099         0.094290
125.0   5.0           0.361412         0.097250
135.0   5.0           0.478968         0.103866
145.0   5.0           0.481136         0.113120
155.0   5.0           0.493814         0.129743
165.0   5.0           0.184731         0.164330
175.0   5.0          -0.074567         0.396580

A_F          DA_F         B_F          DB_F         C_F          DC_F         D_F          DD_F
  0.061846     0.093173    -1.601716     0.178275    -0.104235     0.219040     0.000000     0.000000

chi^2/ndf =  15.359/15 =   1.024

------------------------------------------------------------------------------

Channel 221 to 224: 186.834 +- 2.610 MeV

theta   Dtheta        sigmaF           DsigmaF
  5.0   5.0          -0.182961         0.377556
 15.0   5.0           0.239687         0.241040
 25.0   5.0          -0.496649         0.247107
 35.0   5.0           0.050898         0.251683
 45.0   5.0          -0.469842         0.243979
 55.0   5.0          -0.473465         0.227106
 65.0   5.0          -0.168879         0.195166
 75.0   5.0          -0.153337         0.159810
 85.0   5.0          -0.117390         0.130966
 95.0   5.0           0.144680         0.115028
105.0   5.0           0.249333         0.108374
115.0   5.0           0.573009         0.107965
125.0   5.0           0.688252         0.110334
135.0   5.0           0.928011         0.118825
145.0   5.0           0.833393         0.129928
155.0   5.0           0.768381         0.148873
165.0   5.0           0.491260         0.187200
175.0   5.0           0.430299         0.429230

A_F          DA_F         B_F          DB_F         C_F          DC_F         D_F          DD_F
  0.448513     0.101895    -1.829217     0.194878     0.935594     0.240024     0.000000     0.000000

chi^2/ndf =   8.885/15 =   0.592

------------------------------------------------------------------------------

Channel 217 to 220: 191.882 +- 2.592 MeV

theta   Dtheta        sigmaF           DsigmaF
  5.0   5.0          -0.257721         0.402243
 15.0   5.0          -0.173920         0.248902
 25.0   5.0          -0.944618         0.257990
 35.0   5.0          -0.577978         0.260153
 45.0   5.0          -0.761700         0.250157
 55.0   5.0          -0.466804         0.226845
 65.0   5.0          -0.301369         0.194070
 75.0   5.0          -0.336974         0.157850
 85.0   5.0           0.098297         0.130389
 95.0   5.0           0.171538         0.115958
105.0   5.0           0.570696         0.109278
115.0   5.0           0.786039         0.108591
125.0   5.0           0.953948         0.111961
135.0   5.0           0.973951         0.119091
145.0   5.0           0.848727         0.129196
155.0   5.0           0.787258         0.152992
165.0   5.0           0.232316         0.191913
175.0   5.0           1.289914         0.437846

A_F          DA_F         B_F          DB_F         C_F          DC_F         D_F          DD_F
  0.288863     0.099488    -2.554501     0.190201     0.095486     0.234869     0.000000     0.000000

chi^2/ndf =  15.016/15 =   1.001

------------------------------------------------------------------------------

Channel 213 to 216: 196.917 +- 2.573 MeV

theta   Dtheta        sigmaF           DsigmaF
  5.0   5.0          -0.361239         0.608729
 15.0   5.0          -0.758188         0.348853
 25.0   5.0          -1.389650         0.371129
 35.0   5.0          -0.560858         0.369441
 45.0   5.0          -0.708394         0.351470
 55.0   5.0          -0.810446         0.316398
 65.0   5.0          -0.285651         0.268309
 75.0   5.0          -0.359068         0.218378
 85.0   5.0           0.252201         0.180346
 95.0   5.0           0.416307         0.166177
105.0   5.0           0.715200         0.154670
115.0   5.0           0.900338         0.154031
125.0   5.0           1.284601         0.159385
135.0   5.0           0.978530         0.166086
145.0   5.0           1.113742         0.186674
155.0   5.0           0.967253         0.214057
165.0   5.0           0.349412         0.278218
175.0   5.0          -0.911646         0.627953

A_F          DA_F         B_F          DB_F         C_F          DC_F         D_F          DD_F
  0.326448     0.135525    -3.037284     0.259000    -0.248005     0.322043     0.000000     0.000000

chi^2/ndf =  13.308/15 =   0.887

------------------------------------------------------------------------------

Channel 209 to 212: 201.941 +- 2.591 MeV

theta   Dtheta        sigmaF           DsigmaF
  5.0   5.0          -0.002581         0.483626
 15.0   5.0           0.093300         0.322498
 25.0   5.0          -0.757286         0.341047
 35.0   5.0          -1.061339         0.340638
 45.0   5.0          -1.214724         0.321865
 55.0   5.0          -0.731410         0.285205
 65.0   5.0          -0.996200         0.239421
 75.0   5.0          -0.562782         0.195837
 85.0   5.0          -0.070859         0.164281
 95.0   5.0           0.184063         0.149342
105.0   5.0           0.509208         0.142137
115.0   5.0           1.121882         0.141962
125.0   5.0           1.385489         0.144824
135.0   5.0           1.561884         0.154638
145.0   5.0           1.546661         0.170431
155.0   5.0           0.983835         0.198227
165.0   5.0           0.637325         0.258020
175.0   5.0           0.428353         0.588584

A_F          DA_F         B_F          DB_F         C_F          DC_F         D_F          DD_F
  0.362855     0.120118    -3.643911     0.229428     0.749023     0.286689     0.000000     0.000000

chi^2/ndf =   9.213/15 =   0.614

------------------------------------------------------------------------------

Channel 205 to 208: 206.951 +- 2.571 MeV

theta   Dtheta        sigmaF           DsigmaF
  5.0   5.0          -0.000616         0.605734
 15.0   5.0           0.169373         0.421476
 25.0   5.0           0.046925         0.431365
 35.0   5.0          -1.619941         0.422495
 45.0   5.0          -1.267572         0.396562
 55.0   5.0          -0.702382         0.351724
 65.0   5.0          -0.692817         0.293157
 75.0   5.0          -0.713535         0.239125
 85.0   5.0          -0.479625         0.204750
 95.0   5.0           0.164945         0.185877
105.0   5.0           0.641791         0.179360
115.0   5.0           1.313550         0.178914
125.0   5.0           1.562947         0.183328
135.0   5.0           1.713370         0.194373
145.0   5.0           1.469798         0.217338
155.0   5.0           1.286359         0.252459
165.0   5.0           1.210543         0.329707
175.0   5.0           0.218679         0.680298

A_F          DA_F         B_F          DB_F         C_F          DC_F         D_F          DD_F
  0.474390     0.146074    -3.822734     0.278696     1.177848     0.351326     0.000000     0.000000

chi^2/ndf =  13.160/15 =   0.877

------------------------------------------------------------------------------

Channel 201 to 204: 211.945 +- 2.550 MeV

theta   Dtheta        sigmaF           DsigmaF
  5.0   5.0          -0.461690         0.604099
 15.0   5.0          -0.069994         0.408519
 25.0   5.0          -1.377466         0.422147
 35.0   5.0          -1.727993         0.407849
 45.0   5.0          -1.661094         0.379772
 55.0   5.0          -0.673365         0.328650
 65.0   5.0          -1.208169         0.274940
 75.0   5.0          -1.082979         0.223520
 85.0   5.0          -0.318232         0.193533
 95.0   5.0           0.650620         0.177502
105.0   5.0           0.813001         0.171501
115.0   5.0           1.546696         0.172509
125.0   5.0           2.033739         0.177866
135.0   5.0           1.835141         0.187618
145.0   5.0           1.632324         0.208948
155.0   5.0           1.814904         0.242110
165.0   5.0           1.041226         0.312997
175.0   5.0           0.970888         0.715730

A_F          DA_F         B_F          DB_F         C_F          DC_F         D_F          DD_F
  0.368430     0.136409    -4.883279     0.260255     0.521882     0.329607     0.000000     0.000000

chi^2/ndf =  20.050/15 =   1.337

------------------------------------------------------------------------------

Channel 197 to 200: 216.923 +- 2.559 MeV

theta   Dtheta        sigmaF           DsigmaF
  5.0   5.0           0.922633         0.625323
 15.0   5.0          -0.492677         0.419452
 25.0   5.0          -1.059484         0.432578
 35.0   5.0          -1.250937         0.415506
 45.0   5.0          -1.975451         0.379521
 55.0   5.0          -1.228161         0.328035
 65.0   5.0          -1.776955         0.272793
 75.0   5.0          -0.979297         0.225304
 85.0   5.0          -0.081776         0.194565
 95.0   5.0           0.456040         0.182250
105.0   5.0           1.481685         0.175939
115.0   5.0           1.191989         0.176940
125.0   5.0           2.263795         0.182341
135.0   5.0           2.000285         0.192555
145.0   5.0           2.425957         0.213039
155.0   5.0           1.483369         0.249629
165.0   5.0           1.486922         0.324373
175.0   5.0          -0.931109         0.755548

A_F          DA_F         B_F          DB_F         C_F          DC_F         D_F          DD_F
  0.421992     0.135293    -5.340139     0.258002     0.569441     0.329303     0.000000     0.000000

chi^2/ndf =  32.725/15 =   2.182

------------------------------------------------------------------------------

Channel 193 to 196: 221.883 +- 2.537 MeV

theta   Dtheta        sigmaF           DsigmaF
  5.0   5.0           1.060080         0.702529
 15.0   5.0          -1.206568         0.472326
 25.0   5.0          -1.960487         0.468704
 35.0   5.0          -2.197645         0.446622
 45.0   5.0          -2.390950         0.405188
 55.0   5.0          -1.832826         0.346854
 65.0   5.0          -1.010709         0.285643
 75.0   5.0          -0.839351         0.238761
 85.0   5.0          -0.174275         0.210310
 95.0   5.0           0.608226         0.197131
105.0   5.0           1.017280         0.192321
115.0   5.0           2.418404         0.192895
125.0   5.0           2.565029         0.198842
135.0   5.0           2.491557         0.209581
145.0   5.0           2.312573         0.231314
155.0   5.0           1.849683         0.268671
165.0   5.0           1.876519         0.356676
175.0   5.0           1.367827         0.797522

A_F          DA_F         B_F          DB_F         C_F          DC_F         D_F          DD_F
  0.462658     0.142622    -6.296738     0.271958     0.224099     0.349867     0.000000     0.000000

chi^2/ndf =  22.217/15 =   1.481

------------------------------------------------------------------------------

Channel 189 to 192: 226.823 +- 2.515 MeV

theta   Dtheta        sigmaF           DsigmaF
  5.0   5.0          -0.077591         0.936041
 15.0   5.0          -1.018847         0.661907
 25.0   5.0          -2.480535         0.639533
 35.0   5.0          -1.601534         0.598774
 45.0   5.0          -2.577458         0.539331
 55.0   5.0          -3.056936         0.458168
 65.0   5.0          -1.698395         0.378132
 75.0   5.0          -1.933943         0.316897
 85.0   5.0          -0.194620         0.283081
 95.0   5.0           0.560812         0.267321
105.0   5.0           1.981843         0.264170
115.0   5.0           2.428986         0.260754
125.0   5.0           2.922623         0.272582
135.0   5.0           3.017064         0.287500
145.0   5.0           3.479263         0.319947
155.0   5.0           2.765376         0.371184
165.0   5.0           1.457039         0.478144
175.0   5.0           0.633624         1.123879

A_F          DA_F         B_F          DB_F         C_F          DC_F         D_F          DD_F
  0.449670     0.189012    -7.980856     0.359781     0.650707     0.467651     0.000000     0.000000

chi^2/ndf =  14.208/15 =   0.947

------------------------------------------------------------------------------

Channel 185 to 188: 231.743 +- 2.526 MeV

theta   Dtheta        sigmaF           DsigmaF
  5.0   5.0           0.005608         0.891578
 15.0   5.0          -1.610520         0.605322
 25.0   5.0          -1.685245         0.589139
 35.0   5.0          -2.655981         0.549155
 45.0   5.0          -3.244532         0.485160
 55.0   5.0          -2.147066         0.409503
 65.0   5.0          -2.976022         0.339323
 75.0   5.0          -2.440871         0.286775
 85.0   5.0          -1.221695         0.258473
 95.0   5.0           0.762066         0.246018
105.0   5.0           1.574778         0.242341
115.0   5.0           2.179963         0.243401
125.0   5.0           3.030576         0.252606
135.0   5.0           3.414263         0.266667
145.0   5.0           3.196452         0.294542
155.0   5.0           2.462229         0.343840
165.0   5.0           1.626611         0.449392
175.0   5.0           1.799514         1.020420

A_F          DA_F         B_F          DB_F         C_F          DC_F         D_F          DD_F
  0.010325     0.169695    -8.507876     0.322882     0.940263     0.422538     0.000000     0.000000

chi^2/ndf =  20.710/15 =   1.381

------------------------------------------------------------------------------

Channel 181 to 184: 236.641 +- 2.502 MeV

theta   Dtheta        sigmaF           DsigmaF
  5.0   5.0          -0.845903         0.869726
 15.0   5.0          -2.584455         0.552146
 25.0   5.0          -2.984865         0.532925
 35.0   5.0          -3.470745         0.488750
 45.0   5.0          -3.862417         0.426032
 55.0   5.0          -4.095387         0.359277
 65.0   5.0          -3.185803         0.297255
 75.0   5.0          -2.311809         0.254234
 85.0   5.0          -0.332660         0.231745
 95.0   5.0           0.871827         0.221211
105.0   5.0           2.032556         0.218383
115.0   5.0           3.178523         0.221287
125.0   5.0           3.825886         0.229150
135.0   5.0           4.112669         0.242807
145.0   5.0           3.989089         0.266879
155.0   5.0           3.958760         0.314409
165.0   5.0           1.982597         0.409346
175.0   5.0           2.355399         0.938219

A_F          DA_F         B_F          DB_F         C_F          DC_F         D_F          DD_F
  0.127477     0.149429   -10.782121     0.283967     0.198168     0.374737     0.000000     0.000000

chi^2/ndf =  15.250/15 =   1.017

------------------------------------------------------------------------------

Channel 177 to 180: 241.515 +- 2.477 MeV

theta   Dtheta        sigmaF           DsigmaF
  5.0   5.0          -0.618362         0.916809
 15.0   5.0          -2.983490         0.604492
 25.0   5.0          -3.782711         0.565637
 35.0   5.0          -2.692937         0.517958
 45.0   5.0          -4.533267         0.449003
 55.0   5.0          -3.541566         0.375830
 65.0   5.0          -3.238557         0.310757
 75.0   5.0          -2.235279         0.269440
 85.0   5.0          -0.948726         0.246875
 95.0   5.0           0.336951         0.237851
105.0   5.0           1.770018         0.235282
115.0   5.0           3.829085         0.238354
125.0   5.0           3.705381         0.246435
135.0   5.0           4.772335         0.261670
145.0   5.0           4.861868         0.289950
155.0   5.0           4.062546         0.339684
165.0   5.0           2.581468         0.441847
175.0   5.0           3.075112         1.027835

A_F          DA_F         B_F          DB_F         C_F          DC_F         D_F          DD_F
  0.367113     0.156906   -11.141812     0.297803     1.514078     0.396158     0.000000     0.000000

chi^2/ndf =  29.668/15 =   1.978

------------------------------------------------------------------------------

Channel 173 to 176: 246.364 +- 2.480 MeV

theta   Dtheta        sigmaF           DsigmaF
  5.0   5.0          -1.220211         1.014261
 15.0   5.0          -0.152836         0.638354
 25.0   5.0          -3.922144         0.589988
 35.0   5.0          -4.469559         0.535908
 45.0   5.0          -4.314038         0.460779
 55.0   5.0          -4.423403         0.383927
 65.0   5.0          -3.634794         0.319887
 75.0   5.0          -2.853367         0.279909
 85.0   5.0          -1.117448         0.258791
 95.0   5.0           0.631691         0.249650
105.0   5.0           2.325797         0.250463
115.0   5.0           3.684858         0.251989
125.0   5.0           5.285877         0.261502
135.0   5.0           5.376425         0.275592
145.0   5.0           4.668236         0.305091
155.0   5.0           3.835545         0.355614
165.0   5.0           3.413419         0.473841
175.0   5.0           1.801118         1.077943

A_F          DA_F         B_F          DB_F         C_F          DC_F         D_F          DD_F
  0.353110     0.161237   -12.489334     0.306096     1.378795     0.409522     0.000000     0.000000

chi^2/ndf =  21.005/15 =   1.400

------------------------------------------------------------------------------

Channel 169 to 172: 251.188 +- 2.454 MeV

theta   Dtheta        sigmaF           DsigmaF
  5.0   5.0          -1.991364         1.083594
 15.0   5.0          -2.435063         0.703531
 25.0   5.0          -3.175624         0.640968
 35.0   5.0          -5.253138         0.578639
 45.0   5.0          -5.835026         0.495084
 55.0   5.0          -5.382900         0.406272
 65.0   5.0          -4.745929         0.342253
 75.0   5.0          -3.165290         0.302281
 85.0   5.0          -1.851216         0.287989
 95.0   5.0           0.938286         0.273470
105.0   5.0           2.544322         0.272723
115.0   5.0           4.314985         0.276303
125.0   5.0           5.465743         0.287526
135.0   5.0           6.296479         0.304347
145.0   5.0           6.111602         0.334235
155.0   5.0           4.689471         0.393577
165.0   5.0           2.904704         0.513209
175.0   5.0          -0.078061         1.191136

A_F          DA_F         B_F          DB_F         C_F          DC_F         D_F          DD_F
  0.141010     0.172823   -14.732576     0.327608     1.484213     0.442018     0.000000     0.000000

chi^2/ndf =   9.809/15 =   0.654

------------------------------------------------------------------------------

Channel 165 to 168: 255.999 +- 2.444 MeV

theta   Dtheta        sigmaF           DsigmaF
  5.0   5.0           0.070053         1.152469
 15.0   5.0          -2.887221         0.699197
 25.0   5.0          -3.711791         0.635712
 35.0   5.0          -6.532493         0.565964
 45.0   5.0          -6.469675         0.480953
 55.0   5.0          -6.140813         0.395740
 65.0   5.0          -5.176660         0.335414
 75.0   5.0          -4.263700         0.298464
 85.0   5.0          -1.911284         0.285013
 95.0   5.0           0.723287         0.270527
105.0   5.0           3.028716         0.273888
115.0   5.0           4.763959         0.277391
125.0   5.0           6.590861         0.290266
135.0   5.0           6.831891         0.305400
145.0   5.0           6.839290         0.337264
155.0   5.0           5.589582         0.399043
165.0   5.0           3.861817         0.517451
175.0   5.0           0.092597         1.180631

A_F          DA_F         B_F          DB_F         C_F          DC_F         D_F          DD_F
  0.094225     0.169287   -16.750899     0.320594     1.833880     0.434844     0.000000     0.000000

chi^2/ndf =  10.472/15 =   0.698

------------------------------------------------------------------------------

Channel 161 to 164: 260.750 +- 2.432 MeV

theta   Dtheta        sigmaF           DsigmaF
  5.0   5.0           2.084770         1.390134
 15.0   5.0          -4.003025         0.810074
 25.0   5.0          -5.199884         0.718379
 35.0   5.0          -7.522283         0.639724
 45.0   5.0          -6.904296         0.536037
 55.0   5.0          -7.444406         0.442626
 65.0   5.0          -6.384007         0.377414
 75.0   5.0          -4.921075         0.337156
 85.0   5.0          -2.047268         0.321397
 95.0   5.0          -0.027448         0.312474
105.0   5.0           2.935713         0.312039
115.0   5.0           5.362161         0.319798
125.0   5.0           7.016003         0.331934
135.0   5.0           7.980531         0.352446
145.0   5.0           7.641974         0.386572
155.0   5.0           5.805079         0.452481
165.0   5.0           4.415433         0.592496
175.0   5.0          -0.924257         1.362907

A_F          DA_F         B_F          DB_F         C_F          DC_F         D_F          DD_F
 -0.267340     0.189990   -18.848515     0.359762     2.147842     0.490043     0.000000     0.000000

chi^2/ndf =  15.802/15 =   1.053

------------------------------------------------------------------------------

Channel 157 to 160: 265.485 +- 2.404 MeV

theta   Dtheta        sigmaF           DsigmaF
  5.0   5.0           0.470637         1.276295
 15.0   5.0          -2.464263         0.734241
 25.0   5.0          -6.078697         0.655815
 35.0   5.0          -7.413273         0.576750
 45.0   5.0          -8.238940         0.484068
 55.0   5.0          -8.390300         0.392962
 65.0   5.0          -6.436360         0.340132
 75.0   5.0          -4.822177         0.309739
 85.0   5.0          -2.121224         0.295062
 95.0   5.0           0.192758         0.288093
105.0   5.0           3.339217         0.287268
115.0   5.0           6.376714         0.295086
125.0   5.0           8.417592         0.307250
135.0   5.0           8.607055         0.326040
145.0   5.0           8.176998         0.357656
155.0   5.0           6.646078         0.421558
165.0   5.0           4.639472         0.555789
175.0   5.0           1.800160         1.292077

A_F          DA_F         B_F          DB_F         C_F          DC_F         D_F          DD_F
  0.012416     0.171608   -20.586402     0.324498     2.129278     0.445206     0.000000     0.000000

chi^2/ndf =  16.213/15 =   1.081

------------------------------------------------------------------------------

Channel 153 to 156: 270.204 +- 2.391 MeV

theta   Dtheta        sigmaF           DsigmaF
  5.0   5.0          -2.124523         1.466237
 15.0   5.0          -4.382918         0.788183
 25.0   5.0          -6.760674         0.709658
 35.0   5.0          -9.776307         0.619311
 45.0   5.0          -8.944067         0.512147
 55.0   5.0          -9.095156         0.417832
 65.0   5.0          -8.164019         0.364083
 75.0   5.0          -6.301204         0.333499
 85.0   5.0          -3.073726         0.319023
 95.0   5.0           0.595560         0.313158
105.0   5.0           4.038110         0.313968
115.0   5.0           6.145627         0.319700
125.0   5.0           8.957566         0.334076
135.0   5.0           9.806238         0.356877
145.0   5.0           9.720215         0.392158
155.0   5.0           7.466583         0.465616
165.0   5.0           5.343620         0.611943
175.0   5.0           2.993220         1.414697

A_F          DA_F         B_F          DB_F         C_F          DC_F         D_F          DD_F
 -0.419671     0.183635   -23.468500     0.346645     2.437728     0.478783     0.000000     0.000000

chi^2/ndf =  12.807/15 =   0.854

------------------------------------------------------------------------------

Channel 149 to 152: 274.859 +- 2.377 MeV

theta   Dtheta        sigmaF           DsigmaF
  5.0   5.0          -2.999974         1.531083
 15.0   5.0          -5.194195         0.778088
 25.0   5.0          -6.797132         0.680483
 35.0   5.0         -10.162400         0.590530
 45.0   5.0         -10.660423         0.485334
 55.0   5.0         -10.693964         0.402652
 65.0   5.0          -9.188197         0.349259
 75.0   5.0          -6.828291         0.323458
 85.0   5.0          -2.962970         0.310068
 95.0   5.0           0.841965         0.305002
105.0   5.0           3.819448         0.305513
115.0   5.0           6.541902         0.311657
125.0   5.0           9.084185         0.326588
135.0   5.0           9.445846         0.346359
145.0   5.0           9.410460         0.382488
155.0   5.0           8.907883         0.448742
165.0   5.0           6.003960         0.597367
175.0   5.0           2.312224         1.379814

A_F          DA_F         B_F          DB_F         C_F          DC_F         D_F          DD_F
 -1.081761     0.175818   -24.981912     0.331981     1.395786     0.459496     0.000000     0.000000

chi^2/ndf =  19.182/15 =   1.279

------------------------------------------------------------------------------

Channel 145 to 148: 279.495 +- 2.348 MeV

theta   Dtheta        sigmaF           DsigmaF
  5.0   5.0           0.150946         1.564107
 15.0   5.0          -3.973943         0.803529
 25.0   5.0          -7.790875         0.687520
 35.0   5.0          -9.495094         0.595313
 45.0   5.0         -12.374801         0.490267
 55.0   5.0         -12.058300         0.403113
 65.0   5.0         -10.713612         0.354812
 75.0   5.0          -7.279934         0.330386
 85.0   5.0          -4.065126         0.317234
 95.0   5.0           0.511937         0.313794
105.0   5.0           3.743119         0.316034
115.0   5.0           7.525032         0.320907
125.0   5.0          10.653366         0.334920
135.0   5.0          10.921885         0.357384
145.0   5.0          11.442814         0.393837
155.0   5.0           9.847412         0.460297
165.0   5.0           5.822750         0.608499
175.0   5.0           0.770007         1.448756

A_F          DA_F         B_F          DB_F         C_F          DC_F         D_F          DD_F
 -0.957017     0.177736   -27.894715     0.335576     3.079446     0.466157     0.000000     0.000000

chi^2/ndf =  26.588/15 =   1.773

------------------------------------------------------------------------------

Channel 141 to 144: 284.094 +- 2.346 MeV

theta   Dtheta        sigmaF           DsigmaF
  5.0   5.0           1.102166         1.626384
 15.0   5.0          -6.316725         0.834537
 25.0   5.0          -8.444241         0.719662
 35.0   5.0         -11.753340         0.611065
 45.0   5.0         -12.951697         0.497720
 55.0   5.0         -13.156336         0.414510
 65.0   5.0         -11.824108         0.370202
 75.0   5.0          -8.189468         0.345798
 85.0   5.0          -5.095818         0.333653
 95.0   5.0           0.291482         0.330913
105.0   5.0           4.528107         0.331549
115.0   5.0           8.085975         0.337016
125.0   5.0          10.571720         0.348425
135.0   5.0          12.713171         0.376953
145.0   5.0          11.608236         0.414100
155.0   5.0          10.354963         0.487919
165.0   5.0           8.209311         0.655188
175.0   5.0           2.659491         1.529528

A_F          DA_F         B_F          DB_F         C_F          DC_F         D_F          DD_F
 -1.351797     0.183643   -30.363392     0.346323     3.178043     0.483856     0.000000     0.000000

chi^2/ndf =  22.958/15 =   1.531

------------------------------------------------------------------------------

Channel 137 to 140: 288.656 +- 2.315 MeV

theta   Dtheta        sigmaF           DsigmaF
  5.0   5.0           0.674601         1.515588
 15.0   5.0          -6.072184         0.828449
 25.0   5.0          -9.663566         0.688773
 35.0   5.0         -11.422710         0.600382
 45.0   5.0         -13.563523         0.486767
 55.0   5.0         -13.284788         0.404222
 65.0   5.0         -13.351068         0.363375
 75.0   5.0          -8.977804         0.341428
 85.0   5.0          -4.689034         0.330400
 95.0   5.0          -0.251835         0.326952
105.0   5.0           3.678183         0.328530
115.0   5.0           8.567043         0.330964
125.0   5.0          11.044977         0.346904
135.0   5.0          12.788704         0.373491
145.0   5.0          12.706667         0.410824
155.0   5.0          10.167767         0.478689
165.0   5.0           6.207229         0.632989
175.0   5.0           4.127441         1.505755

A_F          DA_F         B_F          DB_F         C_F          DC_F         D_F          DD_F
 -1.657114     0.179379   -31.265844     0.338348     3.516983     0.473172     0.000000     0.000000

chi^2/ndf =  29.267/15 =   1.951

------------------------------------------------------------------------------

Channel 133 to 136: 293.179 +- 2.284 MeV

theta   Dtheta        sigmaF           DsigmaF
  5.0   5.0          -2.130028         1.614136
 15.0   5.0          -6.150133         0.865768
 25.0   5.0          -8.827551         0.724799
 35.0   5.0         -12.602049         0.624376
 45.0   5.0         -15.367533         0.507947
 55.0   5.0         -15.614577         0.423142
 65.0   5.0         -13.678886         0.380873
 75.0   5.0         -10.234932         0.362227
 85.0   5.0          -5.261619         0.351314
 95.0   5.0          -0.447973         0.346798
105.0   5.0           5.252330         0.348190
115.0   5.0           9.252512         0.354220
125.0   5.0          12.703349         0.375329
135.0   5.0          13.899726         0.398755
145.0   5.0          13.080146         0.437025
155.0   5.0          11.610186         0.510737
165.0   5.0           5.928940         0.687799
175.0   5.0           3.155407         1.572164

A_F          DA_F         B_F          DB_F         C_F          DC_F         D_F          DD_F
 -1.831524     0.188461   -34.383005     0.355481     3.334772     0.497787     0.000000     0.000000

chi^2/ndf =  29.125/15 =   1.942

------------------------------------------------------------------------------

Channel 129 to 132: 297.661 +- 2.279 MeV

theta   Dtheta        sigmaF           DsigmaF
  5.0   5.0          -4.979322         1.808248
 15.0   5.0          -6.061055         0.846381
 25.0   5.0         -10.447379         0.729920
 35.0   5.0         -13.325765         0.609819
 45.0   5.0         -16.406654         0.491943
 55.0   5.0         -15.408920         0.414466
 65.0   5.0         -14.485983         0.377190
 75.0   5.0         -10.770449         0.358834
 85.0   5.0          -5.179844         0.348440
 95.0   5.0          -0.579452         0.345409
105.0   5.0           5.149695         0.345615
115.0   5.0           9.069326         0.352487
125.0   5.0          13.056293         0.379316
135.0   5.0          14.044317         0.404088
145.0   5.0          13.632052         0.435845
155.0   5.0          11.428578         0.510375
165.0   5.0           7.845073         0.676109
175.0   5.0           4.864195         1.541422

A_F          DA_F         B_F          DB_F         C_F          DC_F         D_F          DD_F
 -2.103079     0.185743   -35.276836     0.350235     3.226517     0.491073     0.000000     0.000000

chi^2/ndf =  24.704/15 =   1.647

------------------------------------------------------------------------------

Channel 125 to 128: 302.103 +- 2.247 MeV

theta   Dtheta        sigmaF           DsigmaF
  5.0   5.0          -6.309799         2.067130
 15.0   5.0          -6.795461         1.014537
 25.0   5.0          -9.216305         0.869076
 35.0   5.0         -14.457991         0.726866
 45.0   5.0         -16.453312         0.588252
 55.0   5.0         -16.963173         0.495046
 65.0   5.0         -15.632492         0.454820
 75.0   5.0         -10.654569         0.436890
 85.0   5.0          -5.804761         0.425449
 95.0   5.0          -0.898593         0.422602
105.0   5.0           5.076889         0.424836
115.0   5.0           9.677404         0.433471
125.0   5.0          12.774364         0.470262
135.0   5.0          14.237900         0.500705
145.0   5.0          13.292183         0.533425
155.0   5.0          11.793818         0.614499
165.0   5.0           7.227464         0.823965
175.0   5.0           4.827786         1.939297

A_F          DA_F         B_F          DB_F         C_F          DC_F         D_F          DD_F
 -2.605769     0.223858   -36.155705     0.422481     2.870485     0.592573     0.000000     0.000000

chi^2/ndf =  30.052/15 =   2.003

------------------------------------------------------------------------------

Channel 121 to 124: 306.515 +- 2.227 MeV

theta   Dtheta        sigmaF           DsigmaF
  5.0   5.0          -3.210218         2.327105
 15.0   5.0          -7.194973         1.135351
 25.0   5.0         -10.726068         0.968473
 35.0   5.0         -15.558217         0.817173
 45.0   5.0         -18.139162         0.653421
 55.0   5.0         -18.425678         0.552538
 65.0   5.0         -16.911489         0.509809
 75.0   5.0         -11.727715         0.488167
 85.0   5.0          -6.051399         0.475590
 95.0   5.0          -0.951327         0.471923
105.0   5.0           5.843805         0.474306
115.0   5.0           9.612967         0.488348
125.0   5.0          14.959851         0.532534
135.0   5.0          17.635128         0.568780
145.0   5.0          15.383297         0.598544
155.0   5.0          12.994514         0.688189
165.0   5.0           8.251540         0.942469
175.0   5.0           3.865706         2.153605

A_F          DA_F         B_F          DB_F         C_F          DC_F         D_F          DD_F
 -2.322592     0.249982   -40.062419     0.471736     4.232237     0.660991     0.000000     0.000000

chi^2/ndf =  28.622/15 =   1.908

------------------------------------------------------------------------------

Channel 117 to 120: 310.856 +- 2.207 MeV

theta   Dtheta        sigmaF           DsigmaF
  5.0   5.0          -4.991970         3.011919
 15.0   5.0          -4.899811         1.424768
 25.0   5.0         -10.498072         1.246568
 35.0   5.0         -19.058802         1.031002
 45.0   5.0         -18.821789         0.831685
 55.0   5.0         -19.169086         0.705410
 65.0   5.0         -17.782413         0.653970
 75.0   5.0         -12.950733         0.628896
 85.0   5.0          -6.759628         0.616993
 95.0   5.0          -2.123472         0.609917
105.0   5.0           6.371614         0.615653
115.0   5.0          11.151884         0.633133
125.0   5.0          15.001055         0.694126
135.0   5.0          15.920645         0.729145
145.0   5.0          15.075049         0.770123
155.0   5.0          12.610949         0.898501
165.0   5.0           8.971605         1.206396
175.0   5.0           3.601812         2.815843

A_F          DA_F         B_F          DB_F         C_F          DC_F         D_F          DD_F
 -3.212940     0.319432   -41.264352     0.603095     3.232799     0.845887     0.000000     0.000000

chi^2/ndf =  33.116/15 =   2.208

------------------------------------------------------------------------------

Channel 113 to 116: 315.167 +- 2.173 MeV

theta   Dtheta        sigmaF           DsigmaF
  5.0   5.0           3.802190         2.220853
 15.0   5.0          -5.258089         1.035142
 25.0   5.0         -12.179008         0.906875
 35.0   5.0         -15.830882         0.745164
 45.0   5.0         -18.305567         0.599942
 55.0   5.0         -20.096193         0.510882
 65.0   5.0         -16.679852         0.475890
 75.0   5.0         -14.269205         0.454133
 85.0   5.0          -7.614605         0.446067
 95.0   5.0          -1.099169         0.443751
105.0   5.0           5.467981         0.444570
115.0   5.0          10.139378         0.459519
125.0   5.0          13.495968         0.498160
135.0   5.0          16.866098         0.519704
145.0   5.0          14.923843         0.558090
155.0   5.0          12.812171         0.649016
165.0   5.0           7.835316         0.882265
175.0   5.0          -0.589071         2.088862

A_F          DA_F         B_F          DB_F         C_F          DC_F         D_F          DD_F
 -3.316022     0.229865   -40.249843     0.434034     4.249856     0.609231     0.000000     0.000000

chi^2/ndf =  57.334/15 =   3.822

------------------------------------------------------------------------------

Channel 109 to 112: 319.430 +- 2.160 MeV

theta   Dtheta        sigmaF           DsigmaF
  5.0   5.0           0.716477         1.829054
 15.0   5.0          -5.708526         0.905190
 25.0   5.0         -11.311702         0.790826
 35.0   5.0         -17.166924         0.651500
 45.0   5.0         -19.097713         0.525657
 55.0   5.0         -19.281067         0.448090
 65.0   5.0         -18.482380         0.419429
 75.0   5.0         -13.384484         0.402638
 85.0   5.0          -7.562779         0.392896
 95.0   5.0          -1.676528         0.391085
105.0   5.0           4.921189         0.393403
115.0   5.0           9.482899         0.403256
125.0   5.0          14.185269         0.433612
135.0   5.0          15.662723         0.448505
145.0   5.0          15.037994         0.490336
155.0   5.0          12.264253         0.577072
165.0   5.0           6.716231         0.778340
175.0   5.0           5.208031         1.837762

A_F          DA_F         B_F          DB_F         C_F          DC_F         D_F          DD_F
 -3.812428     0.200668   -40.023691     0.378913     3.650880     0.532821     0.000000     0.000000

chi^2/ndf =  52.778/15 =   3.519

------------------------------------------------------------------------------

Channel 105 to 108: 323.647 +- 2.125 MeV

theta   Dtheta        sigmaF           DsigmaF
  5.0   5.0          -0.046801         1.941859
 15.0   5.0          -7.256354         0.954524
 25.0   5.0         -13.105307         0.860312
 35.0   5.0         -17.893114         0.705020
 45.0   5.0         -20.740356         0.563141
 55.0   5.0         -19.740423         0.483185
 65.0   5.0         -17.834572         0.451500
 75.0   5.0         -13.830478         0.435446
 85.0   5.0          -8.244135         0.427043
 95.0   5.0          -1.555676         0.422697
105.0   5.0           4.735491         0.425833
115.0   5.0           9.958118         0.436107
125.0   5.0          14.394470         0.464552
135.0   5.0          15.991024         0.484645
145.0   5.0          15.699984         0.528431
155.0   5.0          13.335828         0.616168
165.0   5.0           8.568218         0.847242
175.0   5.0           1.218835         2.007372

A_F          DA_F         B_F          DB_F         C_F          DC_F         D_F          DD_F
 -3.966387     0.215411   -41.323912     0.406800     3.568637     0.572725     0.000000     0.000000

chi^2/ndf =  13.817/15 =   0.921

------------------------------------------------------------------------------

Channel 101 to 104: 327.826 +- 2.102 MeV

theta   Dtheta        sigmaF           DsigmaF
  5.0   5.0          -2.274125         1.958308
 15.0   5.0          -5.154631         0.992632
 25.0   5.0         -10.850392         0.892533
 35.0   5.0         -18.048336         0.721395
 45.0   5.0         -21.076124         0.579654
 55.0   5.0         -20.295967         0.499197
 65.0   5.0         -18.190098         0.469850
 75.0   5.0         -14.171545         0.451553
 85.0   5.0          -7.954605         0.443525
 95.0   5.0          -1.414798         0.439923
105.0   5.0           4.556361         0.441699
115.0   5.0           9.146969         0.452580
125.0   5.0          12.718677         0.474082
135.0   5.0          15.568625         0.498669
145.0   5.0          15.192533         0.547836
155.0   5.0          11.794222         0.639778
165.0   5.0           8.265391         0.888348
175.0   5.0           1.000750         2.152764

A_F          DA_F         B_F          DB_F         C_F          DC_F         D_F          DD_F
 -4.568647     0.221698   -40.230411     0.418589     2.741320     0.590525     0.000000     0.000000

chi^2/ndf =  49.482/15 =   3.299

------------------------------------------------------------------------------

Channel  97 to 100: 331.933 +- 2.078 MeV

theta   Dtheta        sigmaF           DsigmaF
  5.0   5.0          -3.410128         1.869570
 15.0   5.0          -3.843455         1.054788
 25.0   5.0         -11.795782         0.932539
 35.0   5.0         -16.809858         0.763804
 45.0   5.0         -20.217899         0.612724
 55.0   5.0         -20.358147         0.529758
 65.0   5.0         -18.350590         0.499002
 75.0   5.0         -13.855512         0.481393
 85.0   5.0          -8.088449         0.472068
 95.0   5.0          -1.641288         0.467842
105.0   5.0           4.217824         0.469775
115.0   5.0           8.001777         0.478531
125.0   5.0          13.006287         0.500621
135.0   5.0          15.370022         0.525875
145.0   5.0          14.373033         0.583810
155.0   5.0          11.558649         0.681613
165.0   5.0           8.875700         0.930167
175.0   5.0           1.116404         2.288080

A_F          DA_F         B_F          DB_F         C_F          DC_F         D_F          DD_F
 -4.590258     0.234066   -39.184738     0.441902     3.258256     0.624038     0.000000     0.000000

chi^2/ndf =  50.376/15 =   3.358

------------------------------------------------------------------------------

Channel  93 to  96: 336.010 +- 2.052 MeV

theta   Dtheta        sigmaF           DsigmaF
  5.0   5.0          -2.444762         1.922181
 15.0   5.0          -3.869500         1.018863
 25.0   5.0         -11.101883         0.926922
 35.0   5.0         -16.300932         0.758202
 45.0   5.0         -20.012083         0.611891
 55.0   5.0         -20.463667         0.531965
 65.0   5.0         -18.252878         0.497627
 75.0   5.0         -13.769753         0.480866
 85.0   5.0          -6.947353         0.469690
 95.0   5.0          -1.857488         0.468276
105.0   5.0           4.780642         0.467835
115.0   5.0           8.929389         0.477028
125.0   5.0          11.803792         0.493428
135.0   5.0          14.559024         0.527058
145.0   5.0          13.667222         0.582847
155.0   5.0          11.090225         0.683544
165.0   5.0           8.099270         0.953372
175.0   5.0           3.303535         2.180022

A_F          DA_F         B_F          DB_F         C_F          DC_F         D_F          DD_F
 -4.673784     0.232807   -38.332290     0.439346     1.997720     0.620806     0.000000     0.000000

chi^2/ndf =  66.739/15 =   4.449

------------------------------------------------------------------------------

Channel  89 to  92: 340.018 +- 2.026 MeV

theta   Dtheta        sigmaF           DsigmaF
  5.0   5.0           1.300386         1.741061
 15.0   5.0          -3.944224         0.870404
 25.0   5.0          -9.928207         0.795409
 35.0   5.0         -16.253578         0.652589
 45.0   5.0         -19.210443         0.522918
 55.0   5.0         -19.379877         0.456639
 65.0   5.0         -17.226896         0.427588
 75.0   5.0         -13.525105         0.414409
 85.0   5.0          -7.394953         0.406058
 95.0   5.0          -1.902117         0.402722
105.0   5.0           2.952772         0.404724
115.0   5.0           7.694437         0.408953
125.0   5.0          12.315624         0.422705
135.0   5.0          14.048291         0.446555
145.0   5.0          13.239338         0.498668
155.0   5.0          10.581500         0.590172
165.0   5.0           6.608537         0.818970
175.0   5.0           4.369340         1.921568

A_F          DA_F         B_F          DB_F         C_F          DC_F         D_F          DD_F
 -4.568993     0.198966   -36.378639     0.375531     3.096155     0.531454     0.000000     0.000000

chi^2/ndf =  74.371/15 =   4.958

------------------------------------------------------------------------------

Channel  85 to  88: 343.982 +- 1.989 MeV

theta   Dtheta        sigmaF           DsigmaF
  5.0   5.0           0.001516         1.849736
 15.0   5.0          -4.236285         0.951640
 25.0   5.0          -9.151845         0.863603
 35.0   5.0         -16.217205         0.706713
 45.0   5.0         -19.378754         0.573717
 55.0   5.0         -18.549013         0.484296
 65.0   5.0         -17.116386         0.465128
 75.0   5.0         -13.904940         0.451455
 85.0   5.0          -8.005753         0.440659
 95.0   5.0          -1.428099         0.437035
105.0   5.0           3.024599         0.437033
115.0   5.0           7.555876         0.441547
125.0   5.0          10.297558         0.459296
135.0   5.0          12.995438         0.490247
145.0   5.0          12.781593         0.542294
155.0   5.0           9.533382         0.635607
165.0   5.0           4.891086         0.902581
175.0   5.0          -2.352739         2.164041

A_F          DA_F         B_F          DB_F         C_F          DC_F         D_F          DD_F
 -5.088278     0.215292   -34.960536     0.406019     2.072637     0.575743     0.000000     0.000000

chi^2/ndf =  81.259/15 =   5.417

------------------------------------------------------------------------------

Channel  81 to  84: 347.895 +- 1.974 MeV

theta   Dtheta        sigmaF           DsigmaF
  5.0   5.0          -1.483329         1.636938
 15.0   5.0          -3.859585         0.881476
 25.0   5.0          -8.876017         0.816276
 35.0   5.0         -15.591539         0.669363
 45.0   5.0         -17.639606         0.536236
 55.0   5.0         -18.895630         0.466695
 65.0   5.0         -17.348175         0.442428
 75.0   5.0         -12.817583         0.427943
 85.0   5.0          -7.284358         0.416661
 95.0   5.0          -2.304954         0.413498
105.0   5.0           3.116609         0.415358
115.0   5.0           6.853045         0.417369
125.0   5.0          11.074021         0.434769
135.0   5.0          12.161264         0.463840
145.0   5.0          12.992693         0.514651
155.0   5.0           9.646462         0.609536
165.0   5.0           5.411841         0.839630
175.0   5.0           3.131453         1.965121

A_F          DA_F         B_F          DB_F         C_F          DC_F         D_F          DD_F
 -4.755905     0.203535   -34.049733     0.383979     2.714740     0.543501     0.000000     0.000000

chi^2/ndf =  77.704/15 =   5.180

------------------------------------------------------------------------------

Channel  77 to  80: 351.753 +- 1.937 MeV

theta   Dtheta        sigmaF           DsigmaF
  5.0   5.0           0.372203         1.803485
 15.0   5.0          -7.390104         1.233865
 25.0   5.0         -10.738468         1.128173
 35.0   5.0         -16.575384         0.927646
 45.0   5.0         -17.923414         0.736249
 55.0   5.0         -18.185328         0.644632
 65.0   5.0         -17.496382         0.610060
 75.0   5.0         -13.668338         0.590994
 85.0   5.0          -7.924788         0.582022
 95.0   5.0          -1.881236         0.574302
105.0   5.0           4.275221         0.573021
115.0   5.0           7.602942         0.579405
125.0   5.0           9.637695         0.601451
135.0   5.0          12.374907         0.637232
145.0   5.0          12.317801         0.706036
155.0   5.0           8.438441         0.847389
165.0   5.0           5.154357         1.148057
175.0   5.0           3.882655         2.813804

A_F          DA_F         B_F          DB_F         C_F          DC_F         D_F          DD_F
 -5.264718     0.280157   -34.372523     0.528610     0.983193     0.749262     0.000000     0.000000

chi^2/ndf =  35.572/15 =   2.371

------------------------------------------------------------------------------

Channel  73 to  76: 355.559 +- 1.921 MeV

theta   Dtheta        sigmaF           DsigmaF
  5.0   5.0          -3.364762         1.896216
 15.0   5.0          -2.220166         1.172423
 25.0   5.0          -9.277087         1.084588
 35.0   5.0         -15.692842         0.882156
 45.0   5.0         -15.594471         0.697581
 55.0   5.0         -18.238567         0.613300
 65.0   5.0         -15.800079         0.582460
 75.0   5.0         -12.492745         0.562586
 85.0   5.0          -7.582783         0.552160
 95.0   5.0          -1.710700         0.545192
105.0   5.0           3.188032         0.544052
115.0   5.0           6.423014         0.551486
125.0   5.0           9.039248         0.571288
135.0   5.0          11.248705         0.607006
145.0   5.0          10.730934         0.678870
155.0   5.0           8.674818         0.806377
165.0   5.0           6.793846         1.127039
175.0   5.0           2.108227         2.701089

A_F          DA_F         B_F          DB_F         C_F          DC_F         D_F          DD_F
 -4.855268     0.266360   -31.303861     0.502245     1.773896     0.712478     0.000000     0.000000

chi^2/ndf =  50.536/15 =   3.369

------------------------------------------------------------------------------

Channel  69 to  72: 359.310 +- 1.883 MeV

theta   Dtheta        sigmaF           DsigmaF
  5.0   5.0           0.143242         2.652419
 15.0   5.0          -1.966367         1.714811
 25.0   5.0          -7.634143         1.588082
 35.0   5.0         -14.506235         1.314251
 45.0   5.0         -16.487514         1.043402
 55.0   5.0         -16.918358         0.917010
 65.0   5.0         -16.016514         0.866612
 75.0   5.0         -10.701046         0.835966
 85.0   5.0          -7.527618         0.823010
 95.0   5.0          -1.537995         0.801506
105.0   5.0           4.067356         0.807421
115.0   5.0           6.179117         0.811002
125.0   5.0           8.955017         0.849043
135.0   5.0          10.539998         0.899682
145.0   5.0          11.462790         1.015469
155.0   5.0           9.309425         1.174130
165.0   5.0           5.519749         1.638601
175.0   5.0           1.027195         4.423798

A_F          DA_F         B_F          DB_F         C_F          DC_F         D_F          DD_F
 -4.362831     0.394688   -30.449743     0.744553     1.740463     1.053370     0.000000     0.000000

chi^2/ndf =  29.886/15 =   1.992

------------------------------------------------------------------------------

Channel  65 to  68: 363.018 +- 1.857 MeV

theta   Dtheta        sigmaF           DsigmaF
  5.0   5.0           0.150450         1.371290
 15.0   5.0          -3.164786         0.932331
 25.0   5.0          -8.292160         0.891137
 35.0   5.0         -13.517238         0.719965
 45.0   5.0         -16.950869         0.580733
 55.0   5.0         -17.505365         0.506975
 65.0   5.0         -14.903846         0.478261
 75.0   5.0         -11.111655         0.462572
 85.0   5.0          -6.345952         0.449956
 95.0   5.0          -1.654308         0.444208
105.0   5.0           1.985821         0.444417
115.0   5.0           5.621863         0.449452
125.0   5.0           8.940544         0.468642
135.0   5.0          10.152342         0.498052
145.0   5.0           9.680932         0.548072
155.0   5.0           6.929206         0.658742
165.0   5.0           6.027047         0.924266
175.0   5.0          -2.703963         2.209561

A_F          DA_F         B_F          DB_F         C_F          DC_F         D_F          DD_F
 -4.974352     0.217498   -29.127088     0.410450     0.477440     0.579919     0.000000     0.000000

chi^2/ndf =  72.708/15 =   4.847

------------------------------------------------------------------------------

Channel  61 to  64: 366.648 +- 1.833 MeV

theta   Dtheta        sigmaF           DsigmaF
  5.0   5.0          -1.808483         1.190856
 15.0   5.0          -4.014317         0.891089
 25.0   5.0          -9.342020         0.846724
 35.0   5.0         -12.262121         0.681885
 45.0   5.0         -15.688923         0.548798
 55.0   5.0         -15.413281         0.478961
 65.0   5.0         -14.838275         0.457262
 75.0   5.0         -11.258907         0.442017
 85.0   5.0          -7.054115         0.430990
 95.0   5.0          -1.641194         0.426714
105.0   5.0           2.293670         0.425689
115.0   5.0           6.137968         0.431292
125.0   5.0           9.017358         0.447597
135.0   5.0          10.287486         0.475129
145.0   5.0           9.417871         0.525940
155.0   5.0           7.919561         0.632905
165.0   5.0           4.443998         0.875396
175.0   5.0           2.522559         2.157976

A_F          DA_F         B_F          DB_F         C_F          DC_F         D_F          DD_F
 -4.375285     0.206704   -28.346002     0.390055     1.718600     0.552165     0.000000     0.000000

chi^2/ndf =  39.450/15 =   2.630

------------------------------------------------------------------------------

Channel  57 to  60: 370.236 +- 1.796 MeV

theta   Dtheta        sigmaF           DsigmaF
  5.0   5.0          -2.279541         1.133246
 15.0   5.0          -0.167316         0.873481
 25.0   5.0          -8.131646         0.849431
 35.0   5.0         -11.479675         0.693890
 45.0   5.0         -15.634447         0.557943
 55.0   5.0         -15.613333         0.492407
 65.0   5.0         -14.352078         0.462984
 75.0   5.0         -10.423688         0.446240
 85.0   5.0          -6.349791         0.439647
 95.0   5.0          -1.716985         0.426074
105.0   5.0           2.691370         0.431247
115.0   5.0           5.675105         0.437882
125.0   5.0           8.024119         0.453636
135.0   5.0           9.132664         0.482290
145.0   5.0           8.706738         0.532576
155.0   5.0           6.546817         0.636323
165.0   5.0           6.652175         0.913648
175.0   5.0           0.563436         2.215807

A_F          DA_F         B_F          DB_F         C_F          DC_F         D_F          DD_F
 -4.394569     0.209347   -26.712769     0.395256     1.020779     0.557660     0.000000     0.000000

chi^2/ndf = 104.611/15 =   6.974

------------------------------------------------------------------------------

Channel  53 to  56: 373.769 +- 1.778 MeV

theta   Dtheta        sigmaF           DsigmaF
  5.0   5.0          -0.454810         1.133618
 15.0   5.0          -2.491915         0.885470
 25.0   5.0          -8.518293         0.877258
 35.0   5.0         -11.893364         0.722408
 45.0   5.0         -14.115165         0.575536
 55.0   5.0         -15.146952         0.506917
 65.0   5.0         -13.813795         0.476459
 75.0   5.0         -10.185786         0.461078
 85.0   5.0          -6.380522         0.451439
 95.0   5.0          -1.094744         0.445945
105.0   5.0           1.589333         0.446723
115.0   5.0           5.055697         0.451183
125.0   5.0           7.474170         0.470261
135.0   5.0           8.977542         0.497533
145.0   5.0           9.058835         0.554439
155.0   5.0           7.119068         0.647934
165.0   5.0           5.240377         0.939696
175.0   5.0          -0.932128         2.245490

A_F          DA_F         B_F          DB_F         C_F          DC_F         D_F          DD_F
 -4.296399     0.215730   -25.706119     0.407341     1.328480     0.575263     0.000000     0.000000

chi^2/ndf =  50.118/15 =   3.341

------------------------------------------------------------------------------

Channel  49 to  52: 377.248 +- 1.741 MeV

theta   Dtheta        sigmaF           DsigmaF
  5.0   5.0          -0.347236         1.049560
 15.0   5.0          -3.780451         0.862990
 25.0   5.0          -7.859068         0.824004
 35.0   5.0         -11.096840         0.678042
 45.0   5.0         -13.876343         0.544980
 55.0   5.0         -14.581513         0.478616
 65.0   5.0         -12.444468         0.450651
 75.0   5.0         -10.338305         0.435862
 85.0   5.0          -5.255856         0.425141
 95.0   5.0          -2.108997         0.418630
105.0   5.0           2.526204         0.419153
115.0   5.0           5.420475         0.424700
125.0   5.0           7.793984         0.440950
135.0   5.0           9.066368         0.470308
145.0   5.0           8.457125         0.514135
155.0   5.0           6.017644         0.616811
165.0   5.0           4.255364         0.873702
175.0   5.0           5.278044         2.175647

A_F          DA_F         B_F          DB_F         C_F          DC_F         D_F          DD_F
 -3.951949     0.202939   -24.961528     0.383248     0.941300     0.540680     0.000000     0.000000

chi^2/ndf =  46.158/15 =   3.077

------------------------------------------------------------------------------

Channel  45 to  48: 380.675 +- 1.728 MeV

theta   Dtheta        sigmaF           DsigmaF
  5.0   5.0           0.044845         1.289045
 15.0   5.0          -3.910317         0.906927
 25.0   5.0          -6.171654         0.898448
 35.0   5.0         -10.474454         0.735998
 45.0   5.0         -15.115379         0.590289
 55.0   5.0         -14.702005         0.516770
 65.0   5.0         -12.209972         0.495871
 75.0   5.0          -9.825095         0.479571
 85.0   5.0          -5.807137         0.464842
 95.0   5.0          -1.505298         0.457876
105.0   5.0           2.182356         0.457060
115.0   5.0           4.925473         0.464938
125.0   5.0           6.806586         0.481216
135.0   5.0           7.576755         0.510380
145.0   5.0           7.822360         0.564335
155.0   5.0           5.294574         0.675185
165.0   5.0           2.179515         0.978954
175.0   5.0          -1.310604         2.318430

A_F          DA_F         B_F          DB_F         C_F          DC_F         D_F          DD_F
 -4.526527     0.220668   -23.824102     0.416696    -0.374820     0.588439     0.000000     0.000000

chi^2/ndf =  64.421/15 =   4.295

------------------------------------------------------------------------------

Channel  41 to  44: 384.049 +- 1.692 MeV

theta   Dtheta        sigmaF           DsigmaF
  5.0   5.0          -0.022945         0.901061
 15.0   5.0          -1.537047         0.815136
 25.0   5.0          -5.198545         0.836561
 35.0   5.0         -10.122948         0.680802
 45.0   5.0         -12.500101         0.548241
 55.0   5.0         -13.280493         0.490613
 65.0   5.0         -11.447995         0.457260
 75.0   5.0          -8.157555         0.444785
 85.0   5.0          -4.909184         0.429683
 95.0   5.0          -1.226409         0.424466
105.0   5.0           0.660002         0.422436
115.0   5.0           4.004600         0.430398
125.0   5.0           6.264329         0.448024
135.0   5.0           7.084936         0.472202
145.0   5.0           6.271040         0.524003
155.0   5.0           5.743949         0.627898
165.0   5.0           3.607243         0.886985
175.0   5.0           1.729805         2.273767

A_F          DA_F         B_F          DB_F         C_F          DC_F         D_F          DD_F
 -3.895063     0.204587   -20.818713     0.386595     0.525986     0.544024     0.000000     0.000000

chi^2/ndf =  69.798/15 =   4.653

------------------------------------------------------------------------------

Channel  37 to  40: 387.385 +- 1.668 MeV

theta   Dtheta        sigmaF           DsigmaF
  5.0   5.0          -2.289243         0.966102
 15.0   5.0          -2.468465         0.800234
 25.0   5.0          -5.940633         0.817213
 35.0   5.0         -10.279894         0.668040
 45.0   5.0         -13.262726         0.534128
 55.0   5.0         -14.474926         0.473833
 65.0   5.0         -11.263447         0.439928
 75.0   5.0          -9.350023         0.429385
 85.0   5.0          -5.199873         0.416216
 95.0   5.0          -1.754108         0.412730
105.0   5.0           2.381307         0.412337
115.0   5.0           4.523520         0.415964
125.0   5.0           6.674026         0.433248
135.0   5.0           7.986825         0.457288
145.0   5.0           6.619699         0.503354
155.0   5.0           5.624622         0.614160
165.0   5.0           3.178835         0.890023
175.0   5.0           1.109951         2.134489

A_F          DA_F         B_F          DB_F         C_F          DC_F         D_F          DD_F
 -4.043976     0.198253   -22.524659     0.374336     0.103055     0.528474     0.000000     0.000000

chi^2/ndf =  71.621/15 =   4.775

------------------------------------------------------------------------------

Channel  33 to  36: 390.639 +- 1.638 MeV

theta   Dtheta        sigmaF           DsigmaF
  5.0   5.0           0.235463         0.823120
 15.0   5.0          -3.069724         0.788358
 25.0   5.0          -7.298012         0.829602
 35.0   5.0          -9.151220         0.668709
 45.0   5.0         -12.249981         0.531985
 55.0   5.0         -13.039698         0.477174
 65.0   5.0         -11.276133         0.445870
 75.0   5.0          -8.699800         0.432099
 85.0   5.0          -5.166036         0.416627
 95.0   5.0          -1.093586         0.411956
105.0   5.0           1.955297         0.409610
115.0   5.0           3.926155         0.415171
125.0   5.0           5.746344         0.432741
135.0   5.0           6.567296         0.457586
145.0   5.0           6.605035         0.511585
155.0   5.0           4.771140         0.612861
165.0   5.0           2.742322         0.862092
175.0   5.0          -0.025752         2.194595

A_F          DA_F         B_F          DB_F         C_F          DC_F         D_F          DD_F
 -4.042485     0.198470   -20.688056     0.374741    -0.318962     0.528094     0.000000     0.000000

chi^2/ndf =  51.171/15 =   3.411

------------------------------------------------------------------------------

Channel  29 to  32: 393.897 +- 1.650 MeV

theta   Dtheta        sigmaF           DsigmaF
  5.0   5.0          -1.711053         1.011799
 15.0   5.0          -0.653379         0.886328
 25.0   5.0          -5.302960         0.926412
 35.0   5.0         -10.246594         0.749360
 45.0   5.0         -11.884624         0.608595
 55.0   5.0         -11.531262         0.531697
 65.0   5.0         -10.414240         0.505855
 75.0   5.0          -8.294378         0.485629
 85.0   5.0          -3.936699         0.471026
 95.0   5.0          -1.863336         0.459184
105.0   5.0           1.514064         0.461409
115.0   5.0           4.008227         0.469205
125.0   5.0           5.566628         0.485526
135.0   5.0           6.554483         0.518926
145.0   5.0           6.040969         0.576210
155.0   5.0           5.331204         0.683221
165.0   5.0           2.279526         1.012353
175.0   5.0          -1.307507         2.502605

A_F          DA_F         B_F          DB_F         C_F          DC_F         D_F          DD_F
 -3.594481     0.223461   -19.389892     0.421923     0.170793     0.594037     0.000000     0.000000

chi^2/ndf =  49.932/15 =   3.329

------------------------------------------------------------------------------

Channel  25 to  28: 397.294 +- 1.760 MeV

theta   Dtheta        sigmaF           DsigmaF
  5.0   5.0          -1.477073         0.841937
 15.0   5.0          -1.059927         0.704866
 25.0   5.0          -5.369490         0.735569
 35.0   5.0          -7.294907         0.597927
 45.0   5.0         -10.131773         0.479926
 55.0   5.0         -10.911321         0.427837
 65.0   5.0         -10.392615         0.400925
 75.0   5.0          -7.317433         0.385558
 85.0   5.0          -4.751801         0.376637
 95.0   5.0          -1.193395         0.370272
105.0   5.0           1.434768         0.371171
115.0   5.0           3.591364         0.376539
125.0   5.0           4.802074         0.392691
135.0   5.0           5.885215         0.416135
145.0   5.0           6.417665         0.465058
155.0   5.0           3.396032         0.548734
165.0   5.0           3.289325         0.783643
175.0   5.0          -1.185009         1.914135

A_F          DA_F         B_F          DB_F         C_F          DC_F         D_F          DD_F
 -3.250744     0.178385   -17.583115     0.336888     0.831244     0.474514     0.000000     0.000000

chi^2/ndf =  76.705/15 =   5.114

------------------------------------------------------------------------------

Channel  21 to  24: 400.901 +- 1.858 MeV

theta   Dtheta        sigmaF           DsigmaF
  5.0   5.0          -1.579296         1.007274
 15.0   5.0          -0.928584         0.909830
 25.0   5.0          -5.092377         0.974123
 35.0   5.0          -9.411474         0.799293
 45.0   5.0         -11.128935         0.630888
 55.0   5.0         -11.310719         0.563990
 65.0   5.0          -9.629789         0.527626
 75.0   5.0          -7.989828         0.508284
 85.0   5.0          -4.164835         0.491746
 95.0   5.0          -0.619962         0.485280
105.0   5.0           0.665963         0.469970
115.0   5.0           3.787587         0.502508
125.0   5.0           4.424035         0.506045
135.0   5.0           5.158688         0.537474
145.0   5.0           5.443108         0.603122
155.0   5.0           3.553033         0.722174
165.0   5.0           0.515489         1.045257
175.0   5.0           0.004011         2.844436

A_F          DA_F         B_F          DB_F         C_F          DC_F         D_F          DD_F
 -3.872749     0.233410   -17.514145     0.440782    -1.008056     0.619794     0.000000     0.000000

chi^2/ndf =  51.384/15 =   3.426

------------------------------------------------------------------------------

Channel  17 to  20: 404.619 +- 1.873 MeV

theta   Dtheta        sigmaF           DsigmaF
  5.0   5.0           0.081620         0.686053
 15.0   5.0          -0.643595         0.677799
 25.0   5.0          -6.169971         0.728362
 35.0   5.0          -8.054266         0.583563
 45.0   5.0         -10.618385         0.470613
 55.0   5.0         -11.422038         0.419798
 65.0   5.0          -9.893224         0.394337
 75.0   5.0          -7.556973         0.380194
 85.0   5.0          -5.119811         0.367083
 95.0   5.0          -1.519501         0.361639
105.0   5.0           1.009968         0.363785
115.0   5.0           3.405817         0.366631
125.0   5.0           4.736718         0.381994
135.0   5.0           5.770842         0.405629
145.0   5.0           5.837579         0.447692
155.0   5.0           3.452033         0.544466
165.0   5.0           2.179909         0.774884
175.0   5.0           0.452310         2.142772

A_F          DA_F         B_F          DB_F         C_F          DC_F         D_F          DD_F
 -3.607639     0.173832   -17.533340     0.328381     0.540390     0.462083     0.000000     0.000000

chi^2/ndf =  76.070/15 =   5.071

------------------------------------------------------------------------------

Channel  13 to  16: 408.274 +- 1.795 MeV

theta   Dtheta        sigmaF           DsigmaF
  5.0   5.0          -0.541079         0.776839
 15.0   5.0          -2.522840         0.782043
 25.0   5.0          -2.763940         0.828119
 35.0   5.0          -9.301413         0.678650
 45.0   5.0          -9.278172         0.539594
 55.0   5.0         -11.153571         0.482505
 65.0   5.0          -9.836638         0.455949
 75.0   5.0          -6.678473         0.436093
 85.0   5.0          -3.409541         0.419565
 95.0   5.0          -2.093893         0.417363
105.0   5.0           1.707483         0.418966
115.0   5.0           3.575214         0.420071
125.0   5.0           4.271630         0.437560
135.0   5.0           6.057352         0.467621
145.0   5.0           4.998833         0.512361
155.0   5.0           3.835078         0.630262
165.0   5.0           2.022249         0.896744
175.0   5.0           0.328295         2.103566

A_F          DA_F         B_F          DB_F         C_F          DC_F         D_F          DD_F
 -3.270781     0.199628   -16.786229     0.377065    -0.072290     0.530667     0.000000     0.000000

chi^2/ndf =  71.460/15 =   4.764

------------------------------------------------------------------------------

Channel   9 to  12: 411.703 +- 1.646 MeV

theta   Dtheta        sigmaF           DsigmaF
  5.0   5.0           0.205583         2.095754
 15.0   5.0          -0.900774         1.363474
 25.0   5.0          -5.732743         1.475297
 35.0   5.0          -7.674845         1.194666
 45.0   5.0          -9.476860         0.964085
 55.0   5.0         -10.062263         0.862406
 65.0   5.0          -9.920434         0.804893
 75.0   5.0          -5.474151         0.770551
 85.0   5.0          -3.813411         0.747686
 95.0   5.0          -1.231768         0.733376
105.0   5.0           1.867421         0.739335
115.0   5.0           3.692643         0.752741
125.0   5.0           4.249710         0.784061
135.0   5.0           4.212389         0.824033
145.0   5.0           5.951403         0.915105
155.0   5.0           3.399015         1.108244
165.0   5.0           3.922259         1.669946
175.0   5.0           3.545771         4.975136

A_F          DA_F         B_F          DB_F         C_F          DC_F         D_F          DD_F
 -3.069446     0.354592   -16.060048     0.669860    -0.499918     0.941215     0.000000     0.000000

chi^2/ndf =  21.622/15 =   1.441

------------------------------------------------------------------------------

Channel   5 to   8: 414.790 +- 1.453 MeV

theta   Dtheta        sigmaF           DsigmaF
  5.0   5.0          -0.438626         0.839953
 15.0   5.0          -1.152962         0.707556
 25.0   5.0          -4.865647         0.800303
 35.0   5.0          -8.206091         0.645590
 45.0   5.0          -9.219499         0.518902
 55.0   5.0         -10.004066         0.458268
 65.0   5.0          -8.692845         0.433033
 75.0   5.0          -6.316111         0.416450
 85.0   5.0          -2.921554         0.400185
 95.0   5.0          -0.724548         0.393785
105.0   5.0           1.242282         0.397397
115.0   5.0           3.744852         0.404729
125.0   5.0           4.632641         0.417502
135.0   5.0           4.401623         0.437922
145.0   5.0           3.720792         0.489706
155.0   5.0           3.502307         0.605160
165.0   5.0           2.887567         0.853090
175.0   5.0           1.916422         1.930524

A_F          DA_F         B_F          DB_F         C_F          DC_F         D_F          DD_F
 -3.120332     0.189635   -15.395904     0.358307    -1.329385     0.503598     0.000000     0.000000

chi^2/ndf =  54.917/15 =   3.661

------------------------------------------------------------------------------

Channel   1 to   4: 417.483 +- 1.250 MeV

theta   Dtheta        sigmaF           DsigmaF
  5.0   5.0           0.375286         1.116498
 15.0   5.0          -1.568833         0.953022
 25.0   5.0          -3.818836         1.012312
 35.0   5.0          -6.695075         0.821729
 45.0   5.0          -9.586250         0.666194
 55.0   5.0         -10.144455         0.585735
 65.0   5.0          -8.561131         0.549900
 75.0   5.0          -6.662875         0.530463
 85.0   5.0          -4.194046         0.513244
 95.0   5.0          -0.724730         0.505405
105.0   5.0           1.739770         0.505240
115.0   5.0           3.125602         0.515956
125.0   5.0           4.390831         0.531167
135.0   5.0           4.039507         0.559691
145.0   5.0           4.147442         0.623622
155.0   5.0           2.585819         0.756166
165.0   5.0           1.525991         1.103501
175.0   5.0           0.953923         2.672433

A_F          DA_F         B_F          DB_F         C_F          DC_F         D_F          DD_F
 -3.274099     0.241822   -15.040485     0.456833    -0.880586     0.642933     0.000000     0.000000

chi^2/ndf =  43.910/15 =   2.927

------------------------------------------------------------------------------

