Angles in degrees, polarised cross sections in microbarns/sterad
Coefficients A_T, B_T, C_T, D_T for sigmaT = rho*sintheta*[A_T + B_T*x + C_T*(3x^2-1)/2 + D_T*(5x^3-3x)/2] with x = costheta and rho = q/k

------------------------------------------------------------------------------

Channel 253 to 256: 146.199 +- 2.627 MeV

theta   Dtheta        sigmaT           DsigmaT
  5.0   5.0           0.063714         0.421646
 15.0   5.0           0.002550         0.013676
 25.0   5.0           0.011197         0.010578
 35.0   5.0          -0.004762         0.010854
 45.0   5.0          -0.003452         0.011530
 55.0   5.0           0.011286         0.011497
 65.0   5.0           0.001966         0.010611
 75.0   5.0          -0.005742         0.011825
 85.0   5.0          -0.005860         0.010470
 95.0   5.0          -0.004900         0.016787
105.0   5.0          -0.007996         0.010209
115.0   5.0          -0.007994         0.008781
125.0   5.0          -0.003358         0.010018
135.0   5.0           0.007804         0.012087
145.0   5.0          -0.005161         0.013734
155.0   5.0          -0.028094         0.014757
165.0   5.0          -0.008146         0.015604
175.0   5.0           0.023200         0.172885

A_T          DA_T         B_T          DB_T         C_T          DC_T         D_T          DD_T
 -0.022397     0.028942     0.064682     0.054978     0.018331     0.078933     0.000000     0.000000

chi^2/ndf =   6.696/15 =   0.446

------------------------------------------------------------------------------

Channel 249 to 252: 151.292 +- 2.613 MeV

theta   Dtheta        sigmaT           DsigmaT
  5.0   5.0          -0.086576         0.054238
 15.0   5.0          -0.003731         0.021128
 25.0   5.0           0.004288         0.018525
 35.0   5.0          -0.021513         0.017530
 45.0   5.0           0.007263         0.016938
 55.0   5.0           0.012632         0.015671
 65.0   5.0           0.018792         0.013657
 75.0   5.0           0.009512         0.011922
 85.0   5.0           0.021978         0.010523
 95.0   5.0           0.014721         0.010428
105.0   5.0          -0.003076         0.009729
115.0   5.0           0.008553         0.010584
125.0   5.0           0.003902         0.010736
135.0   5.0          -0.001177         0.010847
145.0   5.0           0.025860         0.012539
155.0   5.0           0.010654         0.015323
165.0   5.0          -0.002520         0.018526
175.0   5.0           0.015109         0.049682

A_T          DA_T         B_T          DB_T         C_T          DC_T         D_T          DD_T
  0.033717     0.017338     0.000582     0.033070    -0.014311     0.043793     0.000000     0.000000

chi^2/ndf =  12.446/15 =   0.830

------------------------------------------------------------------------------

Channel 245 to 248: 156.384 +- 2.634 MeV

theta   Dtheta        sigmaT           DsigmaT
  5.0   5.0          -0.035843         0.064386
 15.0   5.0           0.039100         0.031254
 25.0   5.0          -0.019676         0.028999
 35.0   5.0           0.056873         0.029163
 45.0   5.0          -0.016155         0.028950
 55.0   5.0           0.034679         0.027169
 65.0   5.0           0.022719         0.024261
 75.0   5.0          -0.006021         0.020393
 85.0   5.0           0.030160         0.017005
 95.0   5.0           0.004398         0.015108
105.0   5.0           0.039017         0.014565
115.0   5.0           0.013688         0.014182
125.0   5.0           0.021655         0.014805
135.0   5.0           0.010152         0.015827
145.0   5.0           0.009302         0.017597
155.0   5.0           0.024911         0.019850
165.0   5.0          -0.010107         0.027080
175.0   5.0           0.061121         0.064070

A_T          DA_T         B_T          DB_T         C_T          DC_T         D_T          DD_T
  0.059721     0.021156    -0.002857     0.040408     0.017799     0.051172     0.000000     0.000000

chi^2/ndf =  13.257/15 =   0.884

------------------------------------------------------------------------------

Channel 241 to 244: 161.473 +- 2.620 MeV

theta   Dtheta        sigmaT           DsigmaT
  5.0   5.0           0.023323         0.066583
 15.0   5.0           0.009561         0.038430
 25.0   5.0           0.072394         0.036918
 35.0   5.0           0.088505         0.038189
 45.0   5.0           0.099517         0.038348
 55.0   5.0           0.021038         0.036566
 65.0   5.0           0.066583         0.032546
 75.0   5.0           0.027835         0.027365
 85.0   5.0           0.056258         0.022369
 95.0   5.0           0.101514         0.019800
105.0   5.0           0.089625         0.018776
115.0   5.0           0.064353         0.018571
125.0   5.0           0.050658         0.018986
135.0   5.0           0.071894         0.019871
145.0   5.0           0.016933         0.021866
155.0   5.0           0.023849         0.024185
165.0   5.0           0.030526         0.032995
175.0   5.0           0.057178         0.066743

A_T          DA_T         B_T          DB_T         C_T          DC_T         D_T          DD_T
  0.181981     0.023486     0.014536     0.045019     0.016013     0.055937     0.000000     0.000000

chi^2/ndf =  14.789/15 =   0.986

------------------------------------------------------------------------------

Channel 237 to 240: 166.557 +- 2.605 MeV

theta   Dtheta        sigmaT           DsigmaT
  5.0   5.0          -0.038006         0.086842
 15.0   5.0           0.082844         0.048937
 25.0   5.0           0.068526         0.049681
 35.0   5.0           0.098867         0.050403
 45.0   5.0           0.018757         0.050991
 55.0   5.0           0.081522         0.048313
 65.0   5.0           0.119444         0.043189
 75.0   5.0           0.130945         0.036121
 85.0   5.0           0.126396         0.029361
 95.0   5.0           0.112985         0.025556
105.0   5.0           0.100971         0.023489
115.0   5.0           0.024546         0.023175
125.0   5.0           0.081978         0.023680
135.0   5.0           0.055362         0.025165
145.0   5.0           0.065710         0.027612
155.0   5.0           0.043270         0.031956
165.0   5.0          -0.013507         0.040108
175.0   5.0           0.000576         0.091033

A_T          DA_T         B_T          DB_T         C_T          DC_T         D_T          DD_T
  0.221767     0.027538     0.088457     0.052658     0.004513     0.064958     0.000000     0.000000

chi^2/ndf =  12.556/15 =   0.837

------------------------------------------------------------------------------

Channel 233 to 236: 171.637 +- 2.622 MeV

theta   Dtheta        sigmaT           DsigmaT
  5.0   5.0          -0.002823         0.098458
 15.0   5.0          -0.032969         0.062632
 25.0   5.0           0.053206         0.063379
 35.0   5.0           0.040706         0.064919
 45.0   5.0           0.053998         0.065156
 55.0   5.0           0.018031         0.061397
 65.0   5.0           0.110063         0.054431
 75.0   5.0           0.219513         0.045434
 85.0   5.0           0.135058         0.036779
 95.0   5.0           0.152604         0.031862
105.0   5.0           0.135425         0.029312
115.0   5.0           0.161502         0.029448
125.0   5.0           0.080046         0.029520
135.0   5.0           0.123281         0.031518
145.0   5.0           0.104117         0.035233
155.0   5.0           0.067047         0.040005
165.0   5.0          -0.072568         0.049454
175.0   5.0           0.044210         0.111413

A_T          DA_T         B_T          DB_T         C_T          DC_T         D_T          DD_T
  0.241678     0.032158    -0.071477     0.061502    -0.109280     0.075589     0.000000     0.000000

chi^2/ndf =  14.357/15 =   0.957

------------------------------------------------------------------------------

Channel 229 to 232: 176.712 +- 2.607 MeV

theta   Dtheta        sigmaT           DsigmaT
  5.0   5.0           0.103616         0.127934
 15.0   5.0           0.068804         0.070366
 25.0   5.0           0.046738         0.071985
 35.0   5.0          -0.034732         0.074156
 45.0   5.0           0.207006         0.073626
 55.0   5.0           0.076749         0.069262
 65.0   5.0           0.059309         0.060627
 75.0   5.0           0.299195         0.050290
 85.0   5.0           0.212129         0.041095
 95.0   5.0           0.195247         0.035159
105.0   5.0           0.253004         0.033049
115.0   5.0           0.230141         0.032713
125.0   5.0           0.175878         0.033615
135.0   5.0           0.242272         0.035822
145.0   5.0           0.165808         0.039014
155.0   5.0           0.031473         0.043929
165.0   5.0           0.008911         0.056758
175.0   5.0           0.040022         0.127262

A_T          DA_T         B_T          DB_T         C_T          DC_T         D_T          DD_T
  0.363343     0.033912    -0.159971     0.064930    -0.089248     0.079502     0.000000     0.000000

chi^2/ndf =  22.498/15 =   1.500

------------------------------------------------------------------------------

Channel 225 to 228: 181.777 +- 2.589 MeV

theta   Dtheta        sigmaT           DsigmaT
  5.0   5.0          -0.413741         0.133214
 15.0   5.0           0.076031         0.079021
 25.0   5.0           0.042053         0.082539
 35.0   5.0          -0.043953         0.083709
 45.0   5.0           0.136582         0.082258
 55.0   5.0           0.167202         0.076593
 65.0   5.0           0.160621         0.066752
 75.0   5.0           0.302661         0.054355
 85.0   5.0           0.252956         0.044624
 95.0   5.0           0.295603         0.038448
105.0   5.0           0.235612         0.036639
115.0   5.0           0.199539         0.036215
125.0   5.0           0.210219         0.037555
135.0   5.0           0.147558         0.038989
145.0   5.0           0.106066         0.042903
155.0   5.0           0.058853         0.048258
165.0   5.0           0.125730         0.064279
175.0   5.0          -0.162628         0.153355

A_T          DA_T         B_T          DB_T         C_T          DC_T         D_T          DD_T
  0.355309     0.035727    -0.070884     0.068468    -0.207250     0.083680     0.000000     0.000000

chi^2/ndf =  19.181/15 =   1.279

------------------------------------------------------------------------------

Channel 221 to 224: 186.834 +- 2.610 MeV

theta   Dtheta        sigmaT           DsigmaT
  5.0   5.0          -0.042522         0.149101
 15.0   5.0          -0.224141         0.099665
 25.0   5.0           0.156400         0.102459
 35.0   5.0           0.181484         0.103712
 45.0   5.0           0.141527         0.101843
 55.0   5.0           0.254954         0.093478
 65.0   5.0           0.483923         0.080161
 75.0   5.0           0.356686         0.066653
 85.0   5.0           0.337311         0.053941
 95.0   5.0           0.362588         0.047412
105.0   5.0           0.413542         0.045054
115.0   5.0           0.287203         0.044033
125.0   5.0           0.318954         0.045452
135.0   5.0           0.340299         0.047954
145.0   5.0           0.170056         0.052542
155.0   5.0           0.184668         0.060566
165.0   5.0           0.067519         0.077388
175.0   5.0           0.237742         0.172989

A_T          DA_T         B_T          DB_T         C_T          DC_T         D_T          DD_T
  0.573934     0.041989    -0.097131     0.080359    -0.087062     0.098677     0.000000     0.000000

chi^2/ndf =  22.315/15 =   1.488

------------------------------------------------------------------------------

Channel 217 to 220: 191.882 +- 2.592 MeV

theta   Dtheta        sigmaT           DsigmaT
  5.0   5.0           0.021059         0.159809
 15.0   5.0           0.049985         0.096828
 25.0   5.0           0.100130         0.102732
 35.0   5.0           0.168231         0.106298
 45.0   5.0          -0.099722         0.100013
 55.0   5.0           0.357367         0.093529
 65.0   5.0           0.335303         0.079398
 75.0   5.0           0.373467         0.065036
 85.0   5.0           0.372822         0.053777
 95.0   5.0           0.354946         0.047275
105.0   5.0           0.402636         0.044806
115.0   5.0           0.381127         0.044344
125.0   5.0           0.447271         0.045357
135.0   5.0           0.237468         0.047924
145.0   5.0           0.337922         0.052650
155.0   5.0           0.146813         0.062256
165.0   5.0           0.107546         0.076820
175.0   5.0          -0.028137         0.174008

A_T          DA_T         B_T          DB_T         C_T          DC_T         D_T          DD_T
  0.568513     0.040341    -0.234227     0.077160    -0.079113     0.095140     0.000000     0.000000

chi^2/ndf =  20.412/15 =   1.361

------------------------------------------------------------------------------

Channel 213 to 216: 196.917 +- 2.573 MeV

theta   Dtheta        sigmaT           DsigmaT
  5.0   5.0          -0.033939         0.254467
 15.0   5.0           0.027378         0.151696
 25.0   5.0           0.324476         0.157910
 35.0   5.0           0.206840         0.157487
 45.0   5.0           0.369242         0.153427
 55.0   5.0           0.318747         0.137906
 65.0   5.0           0.412027         0.117618
 75.0   5.0           0.388609         0.094837
 85.0   5.0           0.554731         0.078665
 95.0   5.0           0.574560         0.070310
105.0   5.0           0.525773         0.067298
115.0   5.0           0.466549         0.066404
125.0   5.0           0.515038         0.068395
135.0   5.0           0.360039         0.071672
145.0   5.0           0.288290         0.078595
155.0   5.0           0.318138         0.093137
165.0   5.0           0.509499         0.120707
175.0   5.0           0.573221         0.266095

A_T          DA_T         B_T          DB_T         C_T          DC_T         D_T          DD_T
  0.790550     0.058559    -0.167209     0.112012     0.019249     0.138494     0.000000     0.000000

chi^2/ndf =  17.813/15 =   1.188

------------------------------------------------------------------------------

Channel 209 to 212: 201.941 +- 2.591 MeV

theta   Dtheta        sigmaT           DsigmaT
  5.0   5.0           0.050584         0.212071
 15.0   5.0          -0.014425         0.146713
 25.0   5.0           0.508528         0.151502
 35.0   5.0           0.066419         0.151767
 45.0   5.0           0.289038         0.143335
 55.0   5.0           0.339125         0.127135
 65.0   5.0           0.169917         0.107226
 75.0   5.0           0.764192         0.087627
 85.0   5.0           0.712277         0.073087
 95.0   5.0           0.639513         0.066396
105.0   5.0           0.610030         0.062596
115.0   5.0           0.601835         0.062622
125.0   5.0           0.612356         0.064364
135.0   5.0           0.457024         0.068325
145.0   5.0           0.461774         0.075434
155.0   5.0           0.328652         0.087513
165.0   5.0           0.201637         0.113232
175.0   5.0          -0.380838         0.250828

A_T          DA_T         B_T          DB_T         C_T          DC_T         D_T          DD_T
  0.873426     0.053497    -0.298054     0.102178    -0.148115     0.127309     0.000000     0.000000

chi^2/ndf =  28.291/15 =   1.886

------------------------------------------------------------------------------

Channel 205 to 208: 206.951 +- 2.571 MeV

theta   Dtheta        sigmaT           DsigmaT
  5.0   5.0           0.554362         0.291943
 15.0   5.0           0.130922         0.195604
 25.0   5.0           0.043238         0.199921
 35.0   5.0           0.142681         0.196644
 45.0   5.0           0.380795         0.184176
 55.0   5.0           0.213583         0.163274
 65.0   5.0           0.585047         0.136234
 75.0   5.0           0.571790         0.112102
 85.0   5.0           0.683340         0.094147
 95.0   5.0           0.886787         0.086916
105.0   5.0           0.749683         0.082872
115.0   5.0           0.727675         0.082169
125.0   5.0           0.781402         0.084386
135.0   5.0           0.548443         0.090032
145.0   5.0           0.613148         0.099532
155.0   5.0           0.401463         0.115930
165.0   5.0           0.126859         0.151221
175.0   5.0           0.003763         0.309877

A_T          DA_T         B_T          DB_T         C_T          DC_T         D_T          DD_T
  0.972613     0.067725    -0.518639     0.129241    -0.200787     0.162585     0.000000     0.000000

chi^2/ndf =  11.070/15 =   0.738

------------------------------------------------------------------------------

Channel 201 to 204: 211.945 +- 2.550 MeV

theta   Dtheta        sigmaT           DsigmaT
  5.0   5.0           0.064609         0.277407
 15.0   5.0           0.561992         0.194453
 25.0   5.0           0.228004         0.200715
 35.0   5.0          -0.058871         0.195271
 45.0   5.0           0.437105         0.179491
 55.0   5.0           0.676392         0.157675
 65.0   5.0           0.628081         0.132055
 75.0   5.0           0.837252         0.107927
 85.0   5.0           0.751309         0.092291
 95.0   5.0           0.816594         0.084903
105.0   5.0           1.014112         0.082218
115.0   5.0           0.907004         0.082383
125.0   5.0           0.879770         0.084076
135.0   5.0           0.826188         0.088894
145.0   5.0           0.689349         0.099317
155.0   5.0           0.619635         0.113992
165.0   5.0           0.338335         0.149660
175.0   5.0           0.043806         0.335439

A_T          DA_T         B_T          DB_T         C_T          DC_T         D_T          DD_T
  1.250327     0.065043    -0.527994     0.124184     0.113109     0.156925     0.000000     0.000000

chi^2/ndf =  13.489/15 =   0.899

------------------------------------------------------------------------------

Channel 197 to 200: 216.923 +- 2.559 MeV

theta   Dtheta        sigmaT           DsigmaT
  5.0   5.0           0.068426         0.292003
 15.0   5.0           0.146852         0.204684
 25.0   5.0           0.453583         0.206449
 35.0   5.0           0.040896         0.198195
 45.0   5.0           0.161990         0.180431
 55.0   5.0           0.744002         0.157495
 65.0   5.0           0.600401         0.130351
 75.0   5.0           1.129297         0.108063
 85.0   5.0           1.175159         0.092838
 95.0   5.0           0.991516         0.086779
105.0   5.0           0.992202         0.083555
115.0   5.0           1.055335         0.084256
125.0   5.0           1.243704         0.086680
135.0   5.0           0.801959         0.091249
145.0   5.0           0.829625         0.101069
155.0   5.0           0.447081         0.117257
165.0   5.0           0.468191         0.152739
175.0   5.0           0.035334         0.359568

A_T          DA_T         B_T          DB_T         C_T          DC_T         D_T          DD_T
  1.377988     0.064534    -0.626063     0.123153    -0.196204     0.156711     0.000000     0.000000

chi^2/ndf =  29.757/15 =   1.984

------------------------------------------------------------------------------

Channel 193 to 196: 221.883 +- 2.537 MeV

theta   Dtheta        sigmaT           DsigmaT
  5.0   5.0           0.504188         0.362561
 15.0   5.0           0.293226         0.229930
 25.0   5.0           0.225562         0.230144
 35.0   5.0           0.209708         0.220918
 45.0   5.0           0.078926         0.198460
 55.0   5.0           0.426654         0.169988
 65.0   5.0           0.791290         0.140753
 75.0   5.0           0.910055         0.117562
 85.0   5.0           1.017324         0.102895
 95.0   5.0           0.993285         0.096105
105.0   5.0           1.259994         0.093109
115.0   5.0           1.143498         0.093865
125.0   5.0           1.117123         0.096816
135.0   5.0           1.147536         0.102279
145.0   5.0           0.704973         0.112847
155.0   5.0           0.697532         0.131253
165.0   5.0           0.796503         0.171715
175.0   5.0           0.207088         0.401547

A_T          DA_T         B_T          DB_T         C_T          DC_T         D_T          DD_T
  1.377480     0.069925    -0.912517     0.133294    -0.088120     0.171059     0.000000     0.000000

chi^2/ndf =  17.249/15 =   1.150

------------------------------------------------------------------------------

Channel 189 to 192: 226.823 +- 2.515 MeV

theta   Dtheta        sigmaT           DsigmaT
  5.0   5.0          -0.401621         0.499836
 15.0   5.0           0.523201         0.323344
 25.0   5.0          -0.064282         0.321151
 35.0   5.0          -0.241843         0.301946
 45.0   5.0           0.577691         0.271326
 55.0   5.0           0.557699         0.231528
 65.0   5.0           1.294755         0.191625
 75.0   5.0           1.093873         0.160680
 85.0   5.0           1.165141         0.143291
 95.0   5.0           1.284474         0.134722
105.0   5.0           1.413057         0.131628
115.0   5.0           1.552986         0.132238
125.0   5.0           1.402608         0.136417
135.0   5.0           1.339955         0.144733
145.0   5.0           1.277732         0.159360
155.0   5.0           0.671435         0.184491
165.0   5.0           0.325270         0.238409
175.0   5.0          -0.606067         0.568270

A_T          DA_T         B_T          DB_T         C_T          DC_T         D_T          DD_T
  1.708753     0.095075    -1.082238     0.181180    -0.089700     0.234560     0.000000     0.000000

chi^2/ndf =  18.062/15 =   1.204

------------------------------------------------------------------------------

Channel 185 to 188: 231.743 +- 2.526 MeV

theta   Dtheta        sigmaT           DsigmaT
  5.0   5.0          -0.037985         0.448356
 15.0   5.0           0.036822         0.308372
 25.0   5.0           0.518495         0.300009
 35.0   5.0          -0.152928         0.280188
 45.0   5.0           0.259976         0.247636
 55.0   5.0           0.678612         0.209431
 65.0   5.0           0.884486         0.173533
 75.0   5.0           0.991587         0.146552
 85.0   5.0           1.181023         0.131667
 95.0   5.0           1.559536         0.124726
105.0   5.0           1.491067         0.122801
115.0   5.0           1.643793         0.123628
125.0   5.0           1.498730         0.127440
135.0   5.0           1.808387         0.134457
145.0   5.0           1.445057         0.149924
155.0   5.0           1.072132         0.174598
165.0   5.0           0.415553         0.225860
175.0   5.0          -0.269851         0.519146

A_T          DA_T         B_T          DB_T         C_T          DC_T         D_T          DD_T
  1.815323     0.086432    -1.537094     0.164457     0.145357     0.214824     0.000000     0.000000

chi^2/ndf =  13.978/15 =   0.932

------------------------------------------------------------------------------

Channel 181 to 184: 236.641 +- 2.502 MeV

theta   Dtheta        sigmaT           DsigmaT
  5.0   5.0           0.441706         0.454447
 15.0   5.0          -0.337148         0.284925
 25.0   5.0           0.405604         0.277697
 35.0   5.0          -0.084892         0.255676
 45.0   5.0           0.008010         0.224114
 55.0   5.0           0.865699         0.189369
 65.0   5.0           1.401237         0.156018
 75.0   5.0           1.205885         0.132984
 85.0   5.0           1.196186         0.121069
 95.0   5.0           1.693831         0.115634
105.0   5.0           1.810038         0.113444
115.0   5.0           1.826763         0.115259
125.0   5.0           1.879203         0.118236
135.0   5.0           1.585954         0.125155
145.0   5.0           1.389045         0.139229
155.0   5.0           1.236646         0.162170
165.0   5.0           0.822943         0.214221
175.0   5.0           0.858616         0.478935

A_T          DA_T         B_T          DB_T         C_T          DC_T         D_T          DD_T
  1.980982     0.078061    -1.562665     0.148392    -0.066639     0.195390     0.000000     0.000000

chi^2/ndf =  28.172/15 =   1.878

------------------------------------------------------------------------------

Channel 177 to 180: 241.515 +- 2.477 MeV

theta   Dtheta        sigmaT           DsigmaT
  5.0   5.0          -0.567189         0.475015
 15.0   5.0          -0.394367         0.314076
 25.0   5.0           0.938189         0.301312
 35.0   5.0          -0.187061         0.274437
 45.0   5.0           0.124680         0.240520
 55.0   5.0           0.344958         0.200491
 65.0   5.0           1.230769         0.165528
 75.0   5.0           1.199977         0.143223
 85.0   5.0           1.597624         0.131576
 95.0   5.0           1.796203         0.126199
105.0   5.0           1.925758         0.124573
115.0   5.0           1.935694         0.126436
125.0   5.0           2.168099         0.130006
135.0   5.0           1.798033         0.138195
145.0   5.0           1.763389         0.151945
155.0   5.0           1.477157         0.179133
165.0   5.0           1.175089         0.233569
175.0   5.0           0.601777         0.533806

A_T          DA_T         B_T          DB_T         C_T          DC_T         D_T          DD_T
  2.117288     0.083263    -1.998706     0.158172     0.011229     0.209860     0.000000     0.000000

chi^2/ndf =  28.189/15 =   1.879

------------------------------------------------------------------------------

Channel 173 to 176: 246.364 +- 2.480 MeV

theta   Dtheta        sigmaT           DsigmaT
  5.0   5.0          -0.582544         0.531354
 15.0   5.0          -0.151911         0.345880
 25.0   5.0          -0.264751         0.323564
 35.0   5.0           0.261298         0.295011
 45.0   5.0           0.422572         0.252840
 55.0   5.0           0.163924         0.211270
 65.0   5.0           1.327962         0.175745
 75.0   5.0           1.401794         0.153615
 85.0   5.0           1.516043         0.141848
 95.0   5.0           2.044738         0.137481
105.0   5.0           1.913191         0.135317
115.0   5.0           2.115474         0.137222
125.0   5.0           2.210699         0.142064
135.0   5.0           2.208709         0.149930
145.0   5.0           2.014603         0.166601
155.0   5.0           1.269527         0.195646
165.0   5.0           1.088326         0.256425
175.0   5.0           0.166435         0.581556

A_T          DA_T         B_T          DB_T         C_T          DC_T         D_T          DD_T
  2.226879     0.088336    -2.167396     0.167593     0.020962     0.224182     0.000000     0.000000

chi^2/ndf =  21.463/15 =   1.431

------------------------------------------------------------------------------

Channel 169 to 172: 251.188 +- 2.454 MeV

theta   Dtheta        sigmaT           DsigmaT
  5.0   5.0           1.311453         0.612257
 15.0   5.0          -0.358817         0.392715
 25.0   5.0           0.195927         0.353183
 35.0   5.0          -0.430840         0.322036
 45.0   5.0          -0.363169         0.271605
 55.0   5.0           0.087681         0.228132
 65.0   5.0           0.921145         0.190026
 75.0   5.0           1.140340         0.169033
 85.0   5.0           1.848270         0.157040
 95.0   5.0           2.053530         0.152518
105.0   5.0           2.612373         0.151370
115.0   5.0           2.536365         0.153131
125.0   5.0           2.774446         0.158263
135.0   5.0           2.292473         0.168434
145.0   5.0           1.983000         0.185592
155.0   5.0           1.736897         0.215919
165.0   5.0           1.229669         0.284392
175.0   5.0           0.418487         0.655833

A_T          DA_T         B_T          DB_T         C_T          DC_T         D_T          DD_T
  2.205728     0.095813    -3.176386     0.181735    -0.528254     0.244686     0.000000     0.000000

chi^2/ndf =  16.293/15 =   1.086

------------------------------------------------------------------------------

Channel 165 to 168: 255.999 +- 2.444 MeV

theta   Dtheta        sigmaT           DsigmaT
  5.0   5.0           0.316076         0.630414
 15.0   5.0          -0.254268         0.395306
 25.0   5.0           0.221472         0.359614
 35.0   5.0           0.366455         0.320383
 45.0   5.0          -0.110960         0.271823
 55.0   5.0           0.727634         0.225585
 65.0   5.0           1.249403         0.189248
 75.0   5.0           1.255060         0.169704
 85.0   5.0           1.980080         0.159791
 95.0   5.0           2.428066         0.155453
105.0   5.0           2.508957         0.154056
115.0   5.0           3.203769         0.158159
125.0   5.0           2.713361         0.162306
135.0   5.0           2.930562         0.170579
145.0   5.0           2.288847         0.189120
155.0   5.0           1.946337         0.225154
165.0   5.0           1.016629         0.294266
175.0   5.0           0.653244         0.659465

A_T          DA_T         B_T          DB_T         C_T          DC_T         D_T          DD_T
  2.708989     0.095613    -3.041481     0.181222     0.058743     0.245706     0.000000     0.000000

chi^2/ndf =  16.530/15 =   1.102

------------------------------------------------------------------------------

Channel 161 to 164: 260.750 +- 2.432 MeV

theta   Dtheta        sigmaT           DsigmaT
  5.0   5.0           0.233649         0.823079
 15.0   5.0          -0.082951         0.461276
 25.0   5.0          -0.015542         0.421924
 35.0   5.0          -0.360472         0.366670
 45.0   5.0          -0.480634         0.314593
 55.0   5.0           0.278876         0.259847
 65.0   5.0           0.910577         0.220429
 75.0   5.0           1.405515         0.197149
 85.0   5.0           1.758832         0.186847
 95.0   5.0           2.257154         0.181869
105.0   5.0           3.050916         0.180789
115.0   5.0           3.448557         0.184974
125.0   5.0           3.402107         0.191335
135.0   5.0           2.963259         0.202603
145.0   5.0           2.625233         0.223999
155.0   5.0           2.746220         0.262121
165.0   5.0           1.647403         0.349315
175.0   5.0          -0.196262         0.800291

A_T          DA_T         B_T          DB_T         C_T          DC_T         D_T          DD_T
  2.732566     0.110477    -4.081204     0.209224     0.104588     0.284583     0.000000     0.000000

chi^2/ndf =  14.555/15 =   0.970

------------------------------------------------------------------------------

Channel 157 to 160: 265.485 +- 2.404 MeV

theta   Dtheta        sigmaT           DsigmaT
  5.0   5.0           0.507584         0.749201
 15.0   5.0           0.457695         0.435245
 25.0   5.0          -0.773526         0.383726
 35.0   5.0          -0.284689         0.339506
 45.0   5.0           0.255894         0.285111
 55.0   5.0           0.980593         0.235811
 65.0   5.0           1.100671         0.199162
 75.0   5.0           1.452739         0.181440
 85.0   5.0           2.176827         0.173243
 95.0   5.0           2.749691         0.169125
105.0   5.0           3.430058         0.169380
115.0   5.0           3.695414         0.172258
125.0   5.0           3.384884         0.179207
135.0   5.0           3.480599         0.189374
145.0   5.0           3.103344         0.209504
155.0   5.0           2.408484         0.242263
165.0   5.0           1.850779         0.326040
175.0   5.0           0.029683         0.780745

A_T          DA_T         B_T          DB_T         C_T          DC_T         D_T          DD_T
  3.165943     0.100805    -3.984606     0.190817     0.179659     0.261137     0.000000     0.000000

chi^2/ndf =  15.115/15 =   1.008

------------------------------------------------------------------------------

Channel 153 to 156: 270.204 +- 2.391 MeV

theta   Dtheta        sigmaT           DsigmaT
  5.0   5.0          -0.213214         0.860606
 15.0   5.0          -0.432680         0.478435
 25.0   5.0          -0.726460         0.418312
 35.0   5.0          -0.537311         0.364602
 45.0   5.0          -0.832705         0.303639
 55.0   5.0           0.119706         0.249930
 65.0   5.0           0.909979         0.216048
 75.0   5.0           1.278136         0.196492
 85.0   5.0           2.462963         0.189794
 95.0   5.0           2.985121         0.185442
105.0   5.0           3.476919         0.185944
115.0   5.0           4.009109         0.188803
125.0   5.0           4.425164         0.196921
135.0   5.0           3.937401         0.207887
145.0   5.0           3.528028         0.230748
155.0   5.0           2.525056         0.268779
165.0   5.0           2.133193         0.359764
175.0   5.0          -0.651294         0.856750

A_T          DA_T         B_T          DB_T         C_T          DC_T         D_T          DD_T
  3.121675     0.108444    -5.359046     0.205022    -0.213723     0.282445     0.000000     0.000000

chi^2/ndf =  11.701/15 =   0.780

------------------------------------------------------------------------------

Channel 149 to 152: 274.859 +- 2.377 MeV

theta   Dtheta        sigmaT           DsigmaT
  5.0   5.0           0.592448         0.844606
 15.0   5.0          -0.558732         0.470350
 25.0   5.0          -0.591170         0.409638
 35.0   5.0          -0.352121         0.355608
 45.0   5.0          -0.039899         0.292191
 55.0   5.0          -0.055362         0.243204
 65.0   5.0           1.255959         0.210810
 75.0   5.0           1.559258         0.194535
 85.0   5.0           2.264627         0.188517
 95.0   5.0           2.804911         0.184274
105.0   5.0           3.698400         0.185230
115.0   5.0           4.399433         0.187375
125.0   5.0           4.163540         0.195603
135.0   5.0           4.267715         0.207628
145.0   5.0           2.857817         0.228272
155.0   5.0           2.918010         0.266446
165.0   5.0           1.816277         0.361993
175.0   5.0           0.902031         0.821863

A_T          DA_T         B_T          DB_T         C_T          DC_T         D_T          DD_T
  3.268909     0.105707    -5.035409     0.199787    -0.039374     0.276458     0.000000     0.000000

chi^2/ndf =  22.525/15 =   1.502

------------------------------------------------------------------------------

Channel 145 to 148: 279.495 +- 2.348 MeV

theta   Dtheta        sigmaT           DsigmaT
  5.0   5.0          -0.310806         0.918790
 15.0   5.0           0.073772         0.487984
 25.0   5.0           0.415115         0.431010
 35.0   5.0          -0.027594         0.362440
 45.0   5.0          -0.511279         0.298760
 55.0   5.0          -0.142259         0.247663
 65.0   5.0           0.217704         0.215806
 75.0   5.0           1.322047         0.202035
 85.0   5.0           2.112585         0.195984
 95.0   5.0           3.203207         0.192637
105.0   5.0           3.931362         0.193871
115.0   5.0           4.654846         0.195450
125.0   5.0           4.716699         0.202614
135.0   5.0           4.549323         0.216689
145.0   5.0           4.377694         0.238811
155.0   5.0           3.098542         0.277260
165.0   5.0           2.240904         0.371684
175.0   5.0           1.164966         0.846859

A_T          DA_T         B_T          DB_T         C_T          DC_T         D_T          DD_T
  3.501259     0.108384    -6.108029     0.204734     0.759412     0.284806     0.000000     0.000000

chi^2/ndf =  14.823/15 =   0.988

------------------------------------------------------------------------------

Channel 141 to 144: 284.094 +- 2.346 MeV

theta   Dtheta        sigmaT           DsigmaT
  5.0   5.0          -0.678737         1.044913
 15.0   5.0           0.049445         0.520893
 25.0   5.0          -0.836278         0.448427
 35.0   5.0          -0.678742         0.381256
 45.0   5.0          -1.155903         0.313527
 55.0   5.0          -0.667405         0.259615
 65.0   5.0           0.828773         0.230091
 75.0   5.0           1.086025         0.215446
 85.0   5.0           2.418135         0.209256
 95.0   5.0           3.049776         0.206866
105.0   5.0           4.197433         0.207454
115.0   5.0           4.770007         0.209191
125.0   5.0           5.326516         0.218706
135.0   5.0           5.070417         0.231398
145.0   5.0           4.592957         0.255617
155.0   5.0           3.615883         0.304125
165.0   5.0           2.273912         0.402813
175.0   5.0           0.350105         0.944260

A_T          DA_T         B_T          DB_T         C_T          DC_T         D_T          DD_T
  3.525817     0.114443    -6.976688     0.216014     0.499101     0.301578     0.000000     0.000000

chi^2/ndf =  12.856/15 =   0.857

------------------------------------------------------------------------------

Channel 137 to 140: 288.656 +- 2.315 MeV

theta   Dtheta        sigmaT           DsigmaT
  5.0   5.0           0.762792         0.971644
 15.0   5.0          -0.309405         0.515191
 25.0   5.0          -0.766835         0.441320
 35.0   5.0          -1.623921         0.372458
 45.0   5.0          -1.121762         0.308925
 55.0   5.0          -0.897565         0.253852
 65.0   5.0           0.011398         0.227009
 75.0   5.0           0.959857         0.213929
 85.0   5.0           1.785871         0.207386
 95.0   5.0           2.856839         0.205006
105.0   5.0           4.076050         0.206509
115.0   5.0           5.073472         0.208245
125.0   5.0           5.519199         0.216925
135.0   5.0           5.221401         0.230711
145.0   5.0           4.723782         0.257867
155.0   5.0           3.902286         0.299772
165.0   5.0           2.481453         0.399959
175.0   5.0           1.692099         0.936366

A_T          DA_T         B_T          DB_T         C_T          DC_T         D_T          DD_T
  3.317421     0.112484    -7.708578     0.212218     0.805508     0.296904     0.000000     0.000000

chi^2/ndf =   8.080/15 =   0.539

------------------------------------------------------------------------------

Channel 133 to 136: 293.179 +- 2.284 MeV

theta   Dtheta        sigmaT           DsigmaT
  5.0   5.0           0.097222         1.076289
 15.0   5.0          -0.527358         0.552589
 25.0   5.0          -0.942315         0.467246
 35.0   5.0          -1.209872         0.398552
 45.0   5.0          -0.864689         0.326432
 55.0   5.0          -1.636462         0.268511
 65.0   5.0          -0.063664         0.243062
 75.0   5.0           0.865930         0.231606
 85.0   5.0           1.654292         0.224741
 95.0   5.0           2.856282         0.220995
105.0   5.0           4.574508         0.222233
115.0   5.0           5.475070         0.226293
125.0   5.0           5.474587         0.236356
135.0   5.0           5.651364         0.251471
145.0   5.0           5.165204         0.277059
155.0   5.0           4.338892         0.325425
165.0   5.0           2.730534         0.429584
175.0   5.0           0.720631         1.023946

A_T          DA_T         B_T          DB_T         C_T          DC_T         D_T          DD_T
  3.439274     0.119980    -8.324896     0.226374     1.061585     0.317219     0.000000     0.000000

chi^2/ndf =  18.101/15 =   1.207

------------------------------------------------------------------------------

Channel 129 to 132: 297.661 +- 2.279 MeV

theta   Dtheta        sigmaT           DsigmaT
  5.0   5.0          -1.671567         1.129131
 15.0   5.0          -0.377571         0.538830
 25.0   5.0          -0.637236         0.459734
 35.0   5.0          -1.571337         0.391367
 45.0   5.0          -1.866400         0.316657
 55.0   5.0          -1.143820         0.263902
 65.0   5.0          -0.396045         0.239328
 75.0   5.0           0.497727         0.228006
 85.0   5.0           2.047655         0.223383
 95.0   5.0           3.205653         0.220634
105.0   5.0           4.429796         0.221410
115.0   5.0           5.013758         0.224930
125.0   5.0           6.043464         0.238819
135.0   5.0           5.613440         0.253249
145.0   5.0           4.899886         0.275823
155.0   5.0           4.416651         0.322523
165.0   5.0           2.742566         0.431023
175.0   5.0           2.225781         0.983577

A_T          DA_T         B_T          DB_T         C_T          DC_T         D_T          DD_T
  3.299100     0.118035    -8.546052     0.222704     0.676792     0.312562     0.000000     0.000000

chi^2/ndf =  14.394/15 =   0.960

------------------------------------------------------------------------------

Channel 125 to 128: 302.103 +- 2.247 MeV

theta   Dtheta        sigmaT           DsigmaT
  5.0   5.0           2.864129         1.342788
 15.0   5.0          -0.174968         0.631127
 25.0   5.0          -0.273839         0.544462
 35.0   5.0          -0.631572         0.457310
 45.0   5.0          -1.751014         0.370994
 55.0   5.0          -0.676226         0.310010
 65.0   5.0           0.131180         0.284665
 75.0   5.0           0.886125         0.272599
 85.0   5.0           2.074569         0.267729
 95.0   5.0           3.332977         0.265120
105.0   5.0           4.589767         0.267065
115.0   5.0           5.774846         0.270020
125.0   5.0           5.930402         0.289144
135.0   5.0           6.102491         0.306590
145.0   5.0           5.531168         0.332120
155.0   5.0           4.409330         0.385712
165.0   5.0           2.525075         0.521818
175.0   5.0           1.580912         1.177167

A_T          DA_T         B_T          DB_T         C_T          DC_T         D_T          DD_T
  3.850494     0.139764    -8.329776     0.263710     1.317058     0.370873     0.000000     0.000000

chi^2/ndf =  15.013/15 =   1.001

------------------------------------------------------------------------------

Channel 121 to 124: 306.515 +- 2.227 MeV

theta   Dtheta        sigmaT           DsigmaT
  5.0   5.0          -0.121582         1.467093
 15.0   5.0          -0.084511         0.749115
 25.0   5.0          -1.095356         0.649811
 35.0   5.0          -2.410241         0.542707
 45.0   5.0          -2.615910         0.440847
 55.0   5.0          -1.552784         0.371384
 65.0   5.0          -1.561349         0.341180
 75.0   5.0           0.019001         0.326757
 85.0   5.0           1.574586         0.319487
 95.0   5.0           3.063474         0.318552
105.0   5.0           4.193595         0.317583
115.0   5.0           5.523368         0.326208
125.0   5.0           7.028028         0.347509
135.0   5.0           5.485286         0.369635
145.0   5.0           5.891113         0.396155
155.0   5.0           5.239233         0.464612
165.0   5.0           3.579470         0.616793
175.0   5.0           1.864710         1.418027

A_T          DA_T         B_T          DB_T         C_T          DC_T         D_T          DD_T
  3.138146     0.166440   -10.091597     0.314203     1.273388     0.441150     0.000000     0.000000

chi^2/ndf =  20.841/15 =   1.389

------------------------------------------------------------------------------

Channel 117 to 120: 310.856 +- 2.207 MeV

theta   Dtheta        sigmaT           DsigmaT
  5.0   5.0           2.161208         2.251797
 15.0   5.0          -1.641114         1.022245
 25.0   5.0          -1.233853         0.873666
 35.0   5.0          -2.002279         0.724465
 45.0   5.0          -3.501119         0.590087
 55.0   5.0          -2.244076         0.491774
 65.0   5.0          -1.400159         0.456054
 75.0   5.0          -1.121554         0.437605
 85.0   5.0           1.096563         0.430894
 95.0   5.0           2.880934         0.429500
105.0   5.0           4.176417         0.430886
115.0   5.0           5.790889         0.439463
125.0   5.0           6.180692         0.472417
135.0   5.0           7.035837         0.503243
145.0   5.0           5.938492         0.533075
155.0   5.0           6.279444         0.629163
165.0   5.0           3.948897         0.831001
175.0   5.0           0.940615         1.945733

A_T          DA_T         B_T          DB_T         C_T          DC_T         D_T          DD_T
  2.996972     0.222725   -11.072070     0.420291     2.021316     0.591557     0.000000     0.000000

chi^2/ndf =  12.550/15 =   0.837

------------------------------------------------------------------------------

Channel 113 to 116: 315.167 +- 2.173 MeV

theta   Dtheta        sigmaT           DsigmaT
  5.0   5.0          -0.735416         1.528264
 15.0   5.0          -0.292814         0.724700
 25.0   5.0          -1.319777         0.636986
 35.0   5.0          -2.697986         0.521864
 45.0   5.0          -2.513568         0.419767
 55.0   5.0          -2.667130         0.358870
 65.0   5.0          -1.508863         0.331827
 75.0   5.0          -1.057879         0.318806
 85.0   5.0           0.532604         0.314231
 95.0   5.0           2.287807         0.310799
105.0   5.0           4.489606         0.312769
115.0   5.0           4.742986         0.318923
125.0   5.0           6.066130         0.341486
135.0   5.0           6.783037         0.358824
145.0   5.0           6.026609         0.386607
155.0   5.0           4.709098         0.451087
165.0   5.0           2.934940         0.614346
175.0   5.0           3.201676         1.483753

A_T          DA_T         B_T          DB_T         C_T          DC_T         D_T          DD_T
  2.645044     0.160181   -10.465275     0.302483     1.991833     0.425506     0.000000     0.000000

chi^2/ndf =  15.677/15 =   1.045

------------------------------------------------------------------------------

Channel 109 to 112: 319.430 +- 2.160 MeV

theta   Dtheta        sigmaT           DsigmaT
  5.0   5.0           0.096321         1.325086
 15.0   5.0          -1.132486         0.626977
 25.0   5.0          -2.217689         0.535920
 35.0   5.0          -2.702587         0.443265
 45.0   5.0          -3.017523         0.357095
 55.0   5.0          -3.191272         0.305206
 65.0   5.0          -1.942265         0.282486
 75.0   5.0          -1.105055         0.272577
 85.0   5.0           0.850661         0.267257
 95.0   5.0           2.083505         0.265956
105.0   5.0           4.003959         0.265590
115.0   5.0           4.702580         0.271122
125.0   5.0           5.580167         0.288168
135.0   5.0           5.898165         0.301722
145.0   5.0           6.341926         0.331025
155.0   5.0           4.446847         0.382088
165.0   5.0           3.190500         0.532367
175.0   5.0           1.724709         1.245783

A_T          DA_T         B_T          DB_T         C_T          DC_T         D_T          DD_T
  2.143393     0.135571   -10.516468     0.255938     1.241298     0.360612     0.000000     0.000000

chi^2/ndf =  13.098/15 =   0.873

------------------------------------------------------------------------------

Channel 105 to 108: 323.647 +- 2.125 MeV

theta   Dtheta        sigmaT           DsigmaT
  5.0   5.0           0.925100         1.423820
 15.0   5.0          -0.794885         0.668753
 25.0   5.0          -1.527678         0.589623
 35.0   5.0          -3.541296         0.489963
 45.0   5.0          -2.848302         0.392466
 55.0   5.0          -3.518316         0.335516
 65.0   5.0          -2.011651         0.312693
 75.0   5.0          -1.871274         0.300903
 85.0   5.0          -0.412040         0.297114
 95.0   5.0           1.763380         0.293940
105.0   5.0           3.502963         0.296738
115.0   5.0           4.329314         0.302406
125.0   5.0           6.303524         0.317227
135.0   5.0           5.365718         0.332752
145.0   5.0           5.683709         0.363647
155.0   5.0           5.061374         0.425771
165.0   5.0           2.879540         0.574903
175.0   5.0           1.509103         1.402466

A_T          DA_T         B_T          DB_T         C_T          DC_T         D_T          DD_T
  1.800086     0.148933   -10.598635     0.281390     2.014904     0.396460     0.000000     0.000000

chi^2/ndf =  25.900/15 =   1.727

------------------------------------------------------------------------------

Channel 101 to 104: 327.826 +- 2.102 MeV

theta   Dtheta        sigmaT           DsigmaT
  5.0   5.0          -0.064574         1.382262
 15.0   5.0          -1.512539         0.714268
 25.0   5.0          -2.105145         0.607453
 35.0   5.0          -1.797756         0.501843
 45.0   5.0          -3.329011         0.403382
 55.0   5.0          -3.013958         0.347112
 65.0   5.0          -2.440469         0.324140
 75.0   5.0          -1.689243         0.313072
 85.0   5.0           0.353384         0.308078
 95.0   5.0           1.244316         0.305359
105.0   5.0           3.418636         0.307472
115.0   5.0           4.868067         0.312659
125.0   5.0           5.797581         0.328763
135.0   5.0           6.310352         0.344987
145.0   5.0           5.593936         0.377445
155.0   5.0           5.359226         0.442237
165.0   5.0           3.933977         0.603491
175.0   5.0          -0.118780         1.462949

A_T          DA_T         B_T          DB_T         C_T          DC_T         D_T          DD_T
  2.059147     0.153582   -10.618762     0.290087     2.500757     0.409199     0.000000     0.000000

chi^2/ndf =  12.263/15 =   0.818

------------------------------------------------------------------------------

Channel  97 to 100: 331.933 +- 2.078 MeV

theta   Dtheta        sigmaT           DsigmaT
  5.0   5.0           0.600835         1.186444
 15.0   5.0          -0.729508         0.740737
 25.0   5.0          -2.023535         0.648340
 35.0   5.0          -2.175918         0.542200
 45.0   5.0          -3.736249         0.432531
 55.0   5.0          -3.338442         0.370238
 65.0   5.0          -3.569522         0.347945
 75.0   5.0          -2.090837         0.337838
 85.0   5.0          -1.065435         0.332537
 95.0   5.0           1.704070         0.329322
105.0   5.0           3.361477         0.330413
115.0   5.0           4.161636         0.335020
125.0   5.0           6.008018         0.348662
135.0   5.0           5.850847         0.366936
145.0   5.0           5.035516         0.405585
155.0   5.0           3.988285         0.477251
165.0   5.0           3.464187         0.649687
175.0   5.0          -3.017362         1.621333

A_T          DA_T         B_T          DB_T         C_T          DC_T         D_T          DD_T
  1.364110     0.163909   -10.782542     0.309461     2.023563     0.437747     0.000000     0.000000

chi^2/ndf =  33.790/15 =   2.253

------------------------------------------------------------------------------

Channel  93 to  96: 336.010 +- 2.052 MeV

theta   Dtheta        sigmaT           DsigmaT
  5.0   5.0          -0.055507         1.384971
 15.0   5.0          -0.294223         0.751311
 25.0   5.0          -2.103032         0.659360
 35.0   5.0          -2.209551         0.533470
 45.0   5.0          -2.342231         0.432520
 55.0   5.0          -4.017859         0.371879
 65.0   5.0          -3.276807         0.349262
 75.0   5.0          -2.344267         0.339306
 85.0   5.0          -0.469797         0.331618
 95.0   5.0           1.022986         0.329996
105.0   5.0           2.903926         0.331355
115.0   5.0           3.732732         0.335906
125.0   5.0           4.986057         0.348894
135.0   5.0           5.224435         0.368905
145.0   5.0           5.017189         0.409286
155.0   5.0           4.467647         0.479663
165.0   5.0           3.395736         0.658249
175.0   5.0          -2.441259         1.573060

A_T          DA_T         B_T          DB_T         C_T          DC_T         D_T          DD_T
  1.196258     0.163888    -9.865253     0.309321     2.346587     0.437632     0.000000     0.000000

chi^2/ndf =  25.523/15 =   1.702

------------------------------------------------------------------------------

Channel  89 to  92: 340.018 +- 2.026 MeV

theta   Dtheta        sigmaT           DsigmaT
  5.0   5.0          -1.772013         1.230671
 15.0   5.0          -1.416728         0.633765
 25.0   5.0          -0.780099         0.571124
 35.0   5.0          -4.009468         0.466354
 45.0   5.0          -3.038445         0.369705
 55.0   5.0          -3.994597         0.322786
 65.0   5.0          -3.231504         0.302434
 75.0   5.0          -1.790300         0.292723
 85.0   5.0          -1.030226         0.288925
 95.0   5.0           1.308822         0.287357
105.0   5.0           2.510008         0.288122
115.0   5.0           3.656387         0.289993
125.0   5.0           5.271466         0.299880
135.0   5.0           5.540032         0.320435
145.0   5.0           5.210562         0.352223
155.0   5.0           3.332450         0.414291
165.0   5.0           2.916416         0.562034
175.0   5.0          -0.602414         1.407427

A_T          DA_T         B_T          DB_T         C_T          DC_T         D_T          DD_T
  0.977992     0.141193   -10.149699     0.266514     1.739876     0.377582     0.000000     0.000000

chi^2/ndf =  32.058/15 =   2.137

------------------------------------------------------------------------------

Channel  85 to  88: 343.982 +- 1.989 MeV

theta   Dtheta        sigmaT           DsigmaT
  5.0   5.0          -1.172825         1.332055
 15.0   5.0          -0.054425         0.675078
 25.0   5.0          -1.933928         0.624837
 35.0   5.0          -2.325629         0.511040
 45.0   5.0          -4.137206         0.408036
 55.0   5.0          -4.077708         0.353654
 65.0   5.0          -3.258476         0.330202
 75.0   5.0          -2.612593         0.322295
 85.0   5.0          -1.529079         0.317256
 95.0   5.0          -0.044979         0.316571
105.0   5.0           2.168008         0.314535
115.0   5.0           3.254232         0.318308
125.0   5.0           3.952745         0.330951
135.0   5.0           5.063173         0.348197
145.0   5.0           5.290624         0.390128
155.0   5.0           4.289457         0.453039
165.0   5.0           2.296851         0.631292
175.0   5.0          -0.515536         1.522280

A_T          DA_T         B_T          DB_T         C_T          DC_T         D_T          DD_T
  0.519429     0.154504    -9.705654     0.291570     2.696403     0.413372     0.000000     0.000000

chi^2/ndf =  17.573/15 =   1.172

------------------------------------------------------------------------------

Channel  81 to  84: 347.895 +- 1.974 MeV

theta   Dtheta        sigmaT           DsigmaT
  5.0   5.0           0.132252         1.186254
 15.0   5.0          -1.878430         0.645942
 25.0   5.0          -2.936134         0.590215
 35.0   5.0          -3.203247         0.484163
 45.0   5.0          -4.079356         0.383843
 55.0   5.0          -3.270499         0.333599
 65.0   5.0          -3.588265         0.315383
 75.0   5.0          -3.092016         0.305881
 85.0   5.0          -1.433232         0.301268
 95.0   5.0           0.099117         0.297858
105.0   5.0           1.597625         0.298641
115.0   5.0           2.632063         0.299911
125.0   5.0           4.554526         0.311142
135.0   5.0           4.931697         0.332074
145.0   5.0           4.680870         0.368169
155.0   5.0           4.079739         0.434180
165.0   5.0           1.465547         0.601591
175.0   5.0           0.814653         1.458103

A_T          DA_T         B_T          DB_T         C_T          DC_T         D_T          DD_T
  0.235747     0.145912    -9.614154     0.275205     2.279371     0.390536     0.000000     0.000000

chi^2/ndf =  14.090/15 =   0.939

------------------------------------------------------------------------------

Channel  77 to  80: 351.753 +- 1.937 MeV

theta   Dtheta        sigmaT           DsigmaT
  5.0   5.0          -0.826522         1.412229
 15.0   5.0          -0.588521         0.910915
 25.0   5.0          -0.230602         0.836371
 35.0   5.0          -3.158162         0.677845
 45.0   5.0          -4.399452         0.542468
 55.0   5.0          -4.744811         0.472306
 65.0   5.0          -4.495162         0.448127
 75.0   5.0          -3.821988         0.434498
 85.0   5.0          -2.467240         0.425832
 95.0   5.0          -0.910068         0.422158
105.0   5.0           1.546270         0.422335
115.0   5.0           2.673059         0.429088
125.0   5.0           3.181756         0.443135
135.0   5.0           3.224460         0.468355
145.0   5.0           5.595069         0.521752
155.0   5.0           3.445554         0.613400
165.0   5.0           1.218806         0.836188
175.0   5.0           2.199772         2.112312

A_T          DA_T         B_T          DB_T         C_T          DC_T         D_T          DD_T
 -0.536701     0.205916    -9.463725     0.388762     2.727084     0.550297     0.000000     0.000000

chi^2/ndf =  31.605/15 =   2.107

------------------------------------------------------------------------------

Channel  73 to  76: 355.559 +- 1.921 MeV

theta   Dtheta        sigmaT           DsigmaT
  5.0   5.0           1.910583         1.339781
 15.0   5.0          -2.052913         0.838941
 25.0   5.0          -3.219990         0.796313
 35.0   5.0          -1.949981         0.654619
 45.0   5.0          -3.540922         0.519458
 55.0   5.0          -3.759212         0.455524
 65.0   5.0          -4.054434         0.428709
 75.0   5.0          -3.139056         0.416198
 85.0   5.0          -1.564492         0.411110
 95.0   5.0          -1.220682         0.406710
105.0   5.0           1.230326         0.406014
115.0   5.0           2.522390         0.407831
125.0   5.0           4.110674         0.428355
135.0   5.0           4.573504         0.448734
145.0   5.0           4.269664         0.503527
155.0   5.0           3.365495         0.594121
165.0   5.0           1.236142         0.813759
175.0   5.0          -0.130284         1.997614

A_T          DA_T         B_T          DB_T         C_T          DC_T         D_T          DD_T
 -0.073015     0.197323    -8.966973     0.372333     2.799605     0.527812     0.000000     0.000000

chi^2/ndf =  17.518/15 =   1.168

------------------------------------------------------------------------------

Channel  69 to  72: 359.310 +- 1.883 MeV

theta   Dtheta        sigmaT           DsigmaT
  5.0   5.0          -1.992146         1.617597
 15.0   5.0           0.334286         1.216139
 25.0   5.0          -2.984608         1.165354
 35.0   5.0          -2.912380         0.961286
 45.0   5.0          -3.644064         0.755499
 55.0   5.0          -5.516693         0.670638
 65.0   5.0          -6.823416         0.632564
 75.0   5.0          -5.409356         0.609604
 85.0   5.0          -3.313537         0.600503
 95.0   5.0          -3.454710         0.594140
105.0   5.0          -0.755514         0.592622
115.0   5.0           2.833164         0.594847
125.0   5.0           2.811585         0.629596
135.0   5.0           4.788109         0.650093
145.0   5.0           5.248932         0.741328
155.0   5.0           2.776768         0.867616
165.0   5.0           0.241116         1.206896
175.0   5.0           2.627077         3.151609

A_T          DA_T         B_T          DB_T         C_T          DC_T         D_T          DD_T
 -1.355350     0.288167   -10.163546     0.543854     5.059787     0.769833     0.000000     0.000000

chi^2/ndf =  29.482/15 =   1.965

------------------------------------------------------------------------------

Channel  65 to  68: 363.018 +- 1.857 MeV

theta   Dtheta        sigmaT           DsigmaT
  5.0   5.0           0.755211         0.978184
 15.0   5.0           0.451333         0.663954
 25.0   5.0          -1.785490         0.646648
 35.0   5.0          -2.752528         0.519617
 45.0   5.0          -3.696564         0.417297
 55.0   5.0          -4.576311         0.364330
 65.0   5.0          -4.396861         0.344161
 75.0   5.0          -2.923953         0.334043
 85.0   5.0          -2.305758         0.327177
 95.0   5.0          -0.748971         0.323527
105.0   5.0           0.606499         0.322610
115.0   5.0           1.594129         0.326696
125.0   5.0           3.015246         0.339294
135.0   5.0           3.428643         0.359415
145.0   5.0           2.963181         0.396449
155.0   5.0           2.716847         0.480767
165.0   5.0           0.961238         0.683798
175.0   5.0          -0.532568         1.674080

A_T          DA_T         B_T          DB_T         C_T          DC_T         D_T          DD_T
 -0.851596     0.157080    -7.939531     0.296330     1.879031     0.419890     0.000000     0.000000

chi^2/ndf =  26.192/15 =   1.746

------------------------------------------------------------------------------

Channel  61 to  64: 366.648 +- 1.833 MeV

theta   Dtheta        sigmaT           DsigmaT
  5.0   5.0          -0.823077         0.865601
 15.0   5.0          -1.181263         0.654136
 25.0   5.0          -1.671081         0.617773
 35.0   5.0          -3.642692         0.509586
 45.0   5.0          -4.092545         0.409322
 55.0   5.0          -4.353785         0.357758
 65.0   5.0          -4.181397         0.335238
 75.0   5.0          -3.648683         0.325934
 85.0   5.0          -2.662967         0.318663
 95.0   5.0          -0.898479         0.317268
105.0   5.0           0.552153         0.316609
115.0   5.0           2.183095         0.321893
125.0   5.0           3.363973         0.333068
135.0   5.0           4.198549         0.352769
145.0   5.0           2.975445         0.390283
155.0   5.0           2.250575         0.466021
165.0   5.0           2.895139         0.666589
175.0   5.0           0.392920         1.642407

A_T          DA_T         B_T          DB_T         C_T          DC_T         D_T          DD_T
 -0.843523     0.153459    -8.731052     0.289674     2.127490     0.409727     0.000000     0.000000

chi^2/ndf =  19.095/15 =   1.273

------------------------------------------------------------------------------

Channel  57 to  60: 370.236 +- 1.796 MeV

theta   Dtheta        sigmaT           DsigmaT
  5.0   5.0          -0.624603         0.843990
 15.0   5.0          -1.838462         0.651810
 25.0   5.0          -2.543834         0.634759
 35.0   5.0          -3.014637         0.515361
 45.0   5.0          -4.370863         0.415698
 55.0   5.0          -4.834079         0.363108
 65.0   5.0          -4.174528         0.341379
 75.0   5.0          -3.318295         0.331580
 85.0   5.0          -2.848804         0.327665
 95.0   5.0          -1.248801         0.322464
105.0   5.0           0.099960         0.322381
115.0   5.0           1.324876         0.325545
125.0   5.0           2.527663         0.338090
135.0   5.0           2.118308         0.357678
145.0   5.0           3.490097         0.397490
155.0   5.0           2.991146         0.473392
165.0   5.0           2.339720         0.683427
175.0   5.0           1.661854         1.615361

A_T          DA_T         B_T          DB_T         C_T          DC_T         D_T          DD_T
 -1.387117     0.155579    -7.952070     0.293585     1.686899     0.415946     0.000000     0.000000

chi^2/ndf =  13.059/15 =   0.871

------------------------------------------------------------------------------

Channel  53 to  56: 373.769 +- 1.778 MeV

theta   Dtheta        sigmaT           DsigmaT
  5.0   5.0          -0.867108         0.887474
 15.0   5.0           0.332634         0.671904
 25.0   5.0          -1.214673         0.687353
 35.0   5.0          -2.671287         0.554539
 45.0   5.0          -3.959707         0.440200
 55.0   5.0          -4.134728         0.386610
 65.0   5.0          -5.283313         0.363379
 75.0   5.0          -3.146486         0.350739
 85.0   5.0          -2.222653         0.345379
 95.0   5.0          -1.151819         0.341309
105.0   5.0          -0.206981         0.341351
115.0   5.0           1.809864         0.345413
125.0   5.0           2.192722         0.356359
135.0   5.0           2.625476         0.379356
145.0   5.0           3.071388         0.419608
155.0   5.0           1.980681         0.506342
165.0   5.0           1.232169         0.717976
175.0   5.0          -0.287022         1.721704

A_T          DA_T         B_T          DB_T         C_T          DC_T         D_T          DD_T
 -1.232998     0.164929    -7.446896     0.311191     1.842813     0.440641     0.000000     0.000000

chi^2/ndf =  34.699/15 =   2.313

------------------------------------------------------------------------------

Channel  49 to  52: 377.248 +- 1.741 MeV

theta   Dtheta        sigmaT           DsigmaT
  5.0   5.0           0.562841         0.921558
 15.0   5.0          -1.611837         0.651073
 25.0   5.0          -3.523633         0.640180
 35.0   5.0          -2.389034         0.507543
 45.0   5.0          -3.958140         0.407654
 55.0   5.0          -4.265033         0.354734
 65.0   5.0          -4.260829         0.334714
 75.0   5.0          -4.099862         0.325735
 85.0   5.0          -2.432758         0.318976
 95.0   5.0          -1.815306         0.314155
105.0   5.0          -0.436476         0.315932
115.0   5.0           1.051162         0.320465
125.0   5.0           2.024137         0.330566
135.0   5.0           2.148546         0.350592
145.0   5.0           2.899899         0.386840
155.0   5.0           2.196579         0.452666
165.0   5.0           1.766879         0.668296
175.0   5.0          -1.654324         1.432918

A_T          DA_T         B_T          DB_T         C_T          DC_T         D_T          DD_T
 -1.585019     0.151900    -7.173019     0.286832     1.883424     0.405666     0.000000     0.000000

chi^2/ndf =  15.829/15 =   1.055

------------------------------------------------------------------------------

Channel  45 to  48: 380.675 +- 1.728 MeV

theta   Dtheta        sigmaT           DsigmaT
  5.0   5.0          -0.209817         0.874157
 15.0   5.0          -0.929604         0.683624
 25.0   5.0          -2.029052         0.701073
 35.0   5.0          -2.210846         0.564100
 45.0   5.0          -3.342924         0.446300
 55.0   5.0          -3.847719         0.395881
 65.0   5.0          -4.570973         0.374917
 75.0   5.0          -3.568179         0.360900
 85.0   5.0          -2.729726         0.353281
 95.0   5.0          -0.957047         0.348228
105.0   5.0          -0.161413         0.346685
115.0   5.0           1.149184         0.355963
125.0   5.0           1.802636         0.367765
135.0   5.0           2.415864         0.386806
145.0   5.0           3.488966         0.428494
155.0   5.0           2.147229         0.513411
165.0   5.0           2.100526         0.759442
175.0   5.0           0.224938         1.751394

A_T          DA_T         B_T          DB_T         C_T          DC_T         D_T          DD_T
 -1.164233     0.168013    -6.952523     0.317270     2.362568     0.447952     0.000000     0.000000

chi^2/ndf =  13.729/15 =   0.915

------------------------------------------------------------------------------

Channel  41 to  44: 384.049 +- 1.692 MeV

theta   Dtheta        sigmaT           DsigmaT
  5.0   5.0          -0.032619         0.795434
 15.0   5.0          -0.835499         0.599322
 25.0   5.0          -1.514808         0.640129
 35.0   5.0          -3.954782         0.520392
 45.0   5.0          -2.982815         0.416451
 55.0   5.0          -3.673250         0.366380
 65.0   5.0          -3.168605         0.343223
 75.0   5.0          -4.012747         0.334148
 85.0   5.0          -2.682674         0.325031
 95.0   5.0          -1.621011         0.321812
105.0   5.0          -0.083791         0.323639
115.0   5.0           0.623671         0.324296
125.0   5.0           1.206820         0.341043
135.0   5.0           1.938847         0.357109
145.0   5.0           2.304528         0.389457
155.0   5.0           1.383958         0.484978
165.0   5.0           2.274430         0.674893
175.0   5.0           1.502436         1.740336

A_T          DA_T         B_T          DB_T         C_T          DC_T         D_T          DD_T
 -1.494936     0.154642    -5.965248     0.292122     1.717071     0.412207     0.000000     0.000000

chi^2/ndf =  20.707/15 =   1.380

------------------------------------------------------------------------------

Channel  37 to  40: 387.385 +- 1.668 MeV

theta   Dtheta        sigmaT           DsigmaT
  5.0   5.0          -1.086355         0.678239
 15.0   5.0          -0.612910         0.636715
 25.0   5.0          -1.529632         0.623706
 35.0   5.0          -3.290548         0.513644
 45.0   5.0          -3.600052         0.404795
 55.0   5.0          -3.352521         0.359876
 65.0   5.0          -3.672765         0.336733
 75.0   5.0          -3.277165         0.324459
 85.0   5.0          -3.061250         0.318728
 95.0   5.0          -1.564023         0.313574
105.0   5.0           0.035661         0.315043
115.0   5.0           0.588972         0.319262
125.0   5.0           1.657188         0.331567
135.0   5.0           2.019589         0.350966
145.0   5.0           2.779157         0.380288
155.0   5.0           1.047499         0.458803
165.0   5.0           1.369576         0.682105
175.0   5.0           0.359097         1.654692

A_T          DA_T         B_T          DB_T         C_T          DC_T         D_T          DD_T
 -1.412983     0.151108    -6.134132     0.285531     1.754115     0.402532     0.000000     0.000000

chi^2/ndf =  16.860/15 =   1.124

------------------------------------------------------------------------------

Channel  33 to  36: 390.639 +- 1.638 MeV

theta   Dtheta        sigmaT           DsigmaT
  5.0   5.0           0.361354         0.671085
 15.0   5.0          -0.680679         0.616186
 25.0   5.0          -1.382960         0.625377
 35.0   5.0          -1.633430         0.511792
 45.0   5.0          -3.356836         0.405437
 55.0   5.0          -3.593814         0.358908
 65.0   5.0          -3.532019         0.336584
 75.0   5.0          -3.548277         0.322550
 85.0   5.0          -3.024551         0.318182
 95.0   5.0          -1.451651         0.314041
105.0   5.0          -0.676653         0.311677
115.0   5.0           0.794034         0.315038
125.0   5.0           1.714173         0.329416
135.0   5.0           1.870905         0.340817
145.0   5.0           1.649972         0.389896
155.0   5.0           0.994532         0.465546
165.0   5.0           1.107671         0.708104
175.0   5.0           0.009946         1.709449

A_T          DA_T         B_T          DB_T         C_T          DC_T         D_T          DD_T
 -1.431504     0.150547    -5.532271     0.283954     1.983149     0.402029     0.000000     0.000000

chi^2/ndf =  19.647/15 =   1.310

------------------------------------------------------------------------------

Channel  29 to  32: 393.897 +- 1.650 MeV

theta   Dtheta        sigmaT           DsigmaT
  5.0   5.0           0.161086         0.698686
 15.0   5.0          -1.537464         0.673593
 25.0   5.0          -3.121557         0.712721
 35.0   5.0          -2.748595         0.583343
 45.0   5.0          -2.950638         0.463953
 55.0   5.0          -3.984000         0.404923
 65.0   5.0          -4.698053         0.384168
 75.0   5.0          -3.633807         0.368504
 85.0   5.0          -2.226568         0.359999
 95.0   5.0          -2.132552         0.355446
105.0   5.0          -0.826030         0.355392
115.0   5.0           0.590584         0.360134
125.0   5.0           0.741081         0.374565
135.0   5.0           1.772822         0.403862
145.0   5.0           1.940667         0.437192
155.0   5.0           2.219723         0.520312
165.0   5.0           1.825005         0.779342
175.0   5.0          -3.495883         1.839379

A_T          DA_T         B_T          DB_T         C_T          DC_T         D_T          DD_T
 -1.831178     0.171206    -5.969262     0.323293     1.639627     0.455662     0.000000     0.000000

chi^2/ndf =  20.317/15 =   1.354

------------------------------------------------------------------------------

Channel  25 to  28: 397.294 +- 1.760 MeV

theta   Dtheta        sigmaT           DsigmaT
  5.0   5.0          -0.366686         0.553906
 15.0   5.0           0.268842         0.508869
 25.0   5.0          -1.785597         0.543616
 35.0   5.0          -2.899240         0.444589
 45.0   5.0          -2.616315         0.356949
 55.0   5.0          -3.480449         0.309087
 65.0   5.0          -3.097383         0.293911
 75.0   5.0          -3.700615         0.283935
 85.0   5.0          -2.674640         0.276392
 95.0   5.0          -1.428060         0.273210
105.0   5.0          -1.311186         0.272107
115.0   5.0           0.317832         0.277312
125.0   5.0           1.254503         0.286358
135.0   5.0           1.082842         0.303726
145.0   5.0           1.531376         0.334573
155.0   5.0           1.098848         0.407380
165.0   5.0           0.004030         0.564653
175.0   5.0           0.438881         1.450098

A_T          DA_T         B_T          DB_T         C_T          DC_T         D_T          DD_T
 -1.649970     0.130685    -4.745089     0.246833     1.613959     0.348138     0.000000     0.000000

chi^2/ndf =  28.300/15 =   1.887

------------------------------------------------------------------------------

Channel  21 to  24: 400.901 +- 1.858 MeV

theta   Dtheta        sigmaT           DsigmaT
  5.0   5.0           0.496758         0.669966
 15.0   5.0           0.059991         0.720502
 25.0   5.0          -2.132310         0.732206
 35.0   5.0          -2.526816         0.601717
 45.0   5.0          -3.405660         0.483026
 55.0   5.0          -3.662983         0.422482
 65.0   5.0          -3.715434         0.401700
 75.0   5.0          -2.979787         0.383093
 85.0   5.0          -2.611519         0.373437
 95.0   5.0          -2.250830         0.375939
105.0   5.0          -1.022728         0.376222
115.0   5.0          -0.231591         0.378851
125.0   5.0           1.106706         0.389190
135.0   5.0           2.255331         0.417114
145.0   5.0           1.221977         0.462525
155.0   5.0           2.350281         0.567662
165.0   5.0           2.652289         0.779538
175.0   5.0          -0.207030         1.770461

A_T          DA_T         B_T          DB_T         C_T          DC_T         D_T          DD_T
 -1.583135     0.178258    -5.264547     0.336458     2.264789     0.475564     0.000000     0.000000

chi^2/ndf =  16.396/15 =   1.093

------------------------------------------------------------------------------

Channel  17 to  20: 404.619 +- 1.873 MeV

theta   Dtheta        sigmaT           DsigmaT
  5.0   5.0           0.011311         0.583542
 15.0   5.0          -1.048587         0.501131
 25.0   5.0          -1.965692         0.573640
 35.0   5.0          -2.778010         0.451513
 45.0   5.0          -3.426212         0.365317
 55.0   5.0          -3.496734         0.323281
 65.0   5.0          -4.165829         0.304882
 75.0   5.0          -3.785315         0.292448
 85.0   5.0          -3.170351         0.284897
 95.0   5.0          -1.788828         0.282597
105.0   5.0          -0.619069         0.281156
115.0   5.0          -0.138130         0.285847
125.0   5.0           0.261313         0.294478
135.0   5.0           1.442168         0.313595
145.0   5.0           1.445430         0.350366
155.0   5.0           1.512710         0.416791
165.0   5.0          -0.172992         0.589151
175.0   5.0          -2.579662         1.566749

A_T          DA_T         B_T          DB_T         C_T          DC_T         D_T          DD_T
 -2.058171     0.134485    -5.157762     0.254057     1.366585     0.357896     0.000000     0.000000

chi^2/ndf =  19.729/15 =   1.315

------------------------------------------------------------------------------

Channel  13 to  16: 408.274 +- 1.795 MeV

theta   Dtheta        sigmaT           DsigmaT
  5.0   5.0           1.629779         0.708009
 15.0   5.0          -0.847190         0.570950
 25.0   5.0          -1.553427         0.631796
 35.0   5.0          -2.976576         0.536897
 45.0   5.0          -3.449569         0.418422
 55.0   5.0          -2.963941         0.368574
 65.0   5.0          -3.556754         0.349262
 75.0   5.0          -4.080467         0.337105
 85.0   5.0          -2.395570         0.323752
 95.0   5.0          -2.247039         0.320875
105.0   5.0          -1.663669         0.321816
115.0   5.0          -0.411988         0.323778
125.0   5.0           0.812450         0.336842
135.0   5.0           0.863524         0.356132
145.0   5.0           0.856507         0.398695
155.0   5.0           2.019854         0.479045
165.0   5.0           1.735988         0.685566
175.0   5.0           1.543069         1.667897

A_T          DA_T         B_T          DB_T         C_T          DC_T         D_T          DD_T
 -1.964520     0.153688    -4.519578     0.290255     1.877761     0.408761     0.000000     0.000000

chi^2/ndf =  26.758/15 =   1.784

------------------------------------------------------------------------------

Channel   9 to  12: 411.703 +- 1.646 MeV

theta   Dtheta        sigmaT           DsigmaT
  5.0   5.0           3.111810         1.667757
 15.0   5.0           0.221108         1.107473
 25.0   5.0          -1.880082         1.179776
 35.0   5.0          -3.180112         0.932427
 45.0   5.0          -3.332314         0.759816
 55.0   5.0          -2.865145         0.668201
 65.0   5.0          -4.976139         0.627864
 75.0   5.0          -3.457141         0.605608
 85.0   5.0          -2.695851         0.592652
 95.0   5.0          -2.959297         0.581142
105.0   5.0          -1.972974         0.580726
115.0   5.0           0.259909         0.592260
125.0   5.0          -0.316888         0.614717
135.0   5.0           2.408816         0.648243
145.0   5.0           0.847699         0.726213
155.0   5.0           1.124393         0.892527
165.0   5.0           0.750666         1.310012
175.0   5.0          -2.337044         3.721537

A_T          DA_T         B_T          DB_T         C_T          DC_T         D_T          DD_T
 -2.083692     0.279069    -4.762412     0.526230     2.287171     0.744321     0.000000     0.000000

chi^2/ndf =  21.658/15 =   1.444

------------------------------------------------------------------------------

Channel   5 to   8: 414.790 +- 1.453 MeV

theta   Dtheta        sigmaT           DsigmaT
  5.0   5.0           1.322318         0.687248
 15.0   5.0           0.052399         0.553940
 25.0   5.0          -2.130298         0.587850
 35.0   5.0          -2.540550         0.500996
 45.0   5.0          -2.857899         0.397556
 55.0   5.0          -3.413791         0.347140
 65.0   5.0          -4.190012         0.331191
 75.0   5.0          -3.064044         0.314898
 85.0   5.0          -2.734213         0.309059
 95.0   5.0          -2.306051         0.301226
105.0   5.0          -0.976231         0.303539
115.0   5.0           0.089084         0.307207
125.0   5.0           0.494373         0.319444
135.0   5.0           0.447112         0.340404
145.0   5.0           1.268660         0.368712
155.0   5.0           1.051730         0.477493
165.0   5.0           0.176573         0.703204
175.0   5.0           1.386085         1.597790

A_T          DA_T         B_T          DB_T         C_T          DC_T         D_T          DD_T
 -1.978528     0.145214    -4.419472     0.273974     1.348595     0.386598     0.000000     0.000000

chi^2/ndf =  24.191/15 =   1.613

------------------------------------------------------------------------------

Channel   1 to   4: 417.483 +- 1.250 MeV

theta   Dtheta        sigmaT           DsigmaT
  5.0   5.0           0.092779         0.864887
 15.0   5.0           0.107692         0.714624
 25.0   5.0          -0.805788         0.772332
 35.0   5.0          -3.182250         0.641702
 45.0   5.0          -2.533529         0.509981
 55.0   5.0          -3.534190         0.448413
 65.0   5.0          -3.938461         0.422095
 75.0   5.0          -3.130325         0.402248
 85.0   5.0          -2.861509         0.394119
 95.0   5.0          -2.220358         0.388938
105.0   5.0          -1.770144         0.390359
115.0   5.0          -0.825162         0.396436
125.0   5.0          -0.078310         0.408872
135.0   5.0          -0.059762         0.425078
145.0   5.0           1.137586         0.483667
155.0   5.0           1.223309         0.580200
165.0   5.0          -0.852929         0.843442
175.0   5.0           2.207446         2.061687

A_T          DA_T         B_T          DB_T         C_T          DC_T         D_T          DD_T
 -2.253725     0.185577    -3.612434     0.350555     1.404833     0.493851     0.000000     0.000000

chi^2/ndf =  15.448/15 =   1.030

------------------------------------------------------------------------------

